new names 21
Amber 0.0000000000 0.0000000000 79.5576168391 125.4531620642
Anne 79.5576168391 0.0000000000 113.4498751338 125.4531620642
Anouk 193.0074919729 0.0000000000 60.2925437032 125.4531620642
Bas 253.3000356761 0.0000000000 78.4873349982 125.4531620642
Bram 331.7873706743 0.0000000000 260.4352479486 125.4531620642
Charlotte 592.2226186229 0.0000000000 74.9197288619 125.4531620642
Cornelis 667.1423474848 0.0000000000 64.9304316803 125.4531620642
Daan 732.0727791652 0.0000000000 267.9272208348 125.4531620642
Daniël 0.0000000000 125.4531620642 97.2222222222 141.7893747482
David 97.2222222222 125.4531620642 89.9621212121 141.7893747482
Dylan 187.1843434343 125.4531620642 75.7575757576 141.7893747482
Eline 262.9419191919 125.4531620642 83.3333333333 141.7893747482
Emma 346.2752525253 125.4531620642 220.9595959596 141.7893747482
Eva 567.2348484848 125.4531620642 177.3989898990 141.7893747482
Femke 744.6338383838 125.4531620642 96.9065656566 141.7893747482
Fleur 841.5404040404 125.4531620642 158.4595959596 141.7893747482
Floris 0.0000000000 267.2425368124 125.0962278676 116.2780289129
Gijs 125.0962278676 267.2425368124 159.7382602002 116.2780289129
Ilse 284.8344880677 267.2425368124 63.1254811393 116.2780289129
Iris 347.9599692071 267.2425368124 97.7675134719 116.2780289129
Jan 445.7274826790 267.2425368124 130.8698999230 116.2780289129
Jasper 576.5973826020 267.2425368124 79.2917628945 116.2780289129
Jelle 655.8891454965 267.2425368124 73.9030023095 116.2780289129
Jesse 729.7921478060 267.2425368124 205.1578137028 116.2780289129
Johanna 934.9499615089 267.2425368124 65.0500384911 116.2780289129
Johannes 0.0000000000 383.5205657253 72.4426647252 122.9467842277
Joris 72.4426647252 383.5205657253 70.9865307608 122.9467842277
Julia 143.4291954860 383.5205657253 220.2402621041 122.9467842277
Koen 363.6694575901 383.5205657253 89.1882053149 122.9467842277
Lars 452.8576629050 383.5205657253 184.9290134692 122.9467842277
Lieke 637.7866763742 383.5205657253 172.9159082636 122.9467842277
Lisa 810.7025846378 383.5205657253 189.2974153622 122.9467842277
Lotte 0.0000000000 506.4673499530 177.7476255088 131.9428903907
Lucas 177.7476255088 506.4673499530 226.9335142469 131.9428903907
Luuk 404.6811397558 506.4673499530 225.5766621438 131.9428903907
Maria 630.2578018996 506.4673499530 67.1641791045 131.9428903907
Maud 697.4219810041 506.4673499530 131.6146540027 131.9428903907
Max 829.0366350068 506.4673499530 170.9633649932 131.9428903907
Merel 0.0000000000 638.4102403437 65.7296403473 108.2665711856
Mohamed 65.7296403473 638.4102403437 88.4663083919 108.2665711856
Naomi 154.1959487391 638.4102403437 114.9235221166 108.2665711856
Nick 269.1194708557 638.4102403437 72.3439437784 108.2665711856
Niels 341.4634146341 638.4102403437 86.3993385697 108.2665711856
Nikki 427.8627532038 638.4102403437 86.8127325341 108.2665711856
Nina 514.6754857379 638.4102403437 133.5262505167 108.2665711856
Pieter 648.2017362547 638.4102403437 87.2261264986 108.2665711856
Robin 735.4278627532 638.4102403437 76.8912773874 108.2665711856
Roos 812.3191401406 638.4102403437 187.6808598594 108.2665711856
Ruben 0.0000000000 746.6768115293 165.7422512235 137.1794297990
Sanne 165.7422512235 746.6768115293 125.2854812398 137.1794297990
Sarah 291.0277324633 746.6768115293 156.9331158238 137.1794297990
Sophie 447.9608482871 746.6768115293 269.4942903752 137.1794297990
Stijn 717.4551386623 746.6768115293 150.0815660685 137.1794297990
Sven 867.5367047308 746.6768115293 132.4632952692 137.1794297990
Tessa 0.0000000000 883.8562413284 86.7052023121 116.1437586716
Thijs 86.7052023121 883.8562413284 207.3217726397 116.1437586716
Thomas 294.0269749518 883.8562413284 201.5414258189 116.1437586716
Tim 495.5684007707 883.8562413284 208.8631984586 116.1437586716
Tom 704.4315992293 883.8562413284 96.7244701349 116.1437586716
Vera 801.1560693642 883.8562413284 102.5048169557 116.1437586716
Willem 903.6608863198 883.8562413284 96.3391136802 116.1437586716

Amber 0.0000000000 0.0000000000 84.2832469775 125.1513055508
Anne 84.2832469775 0.0000000000 121.9343696028 125.1513055508
Anouk 206.2176165803 0.0000000000 72.1934369603 125.1513055508
Bas 278.4110535406 0.0000000000 75.6476683938 125.1513055508
Bram 354.0587219344 0.0000000000 257.6856649396 125.1513055508
Charlotte 611.7443868739 0.0000000000 78.7564766839 125.1513055508
Cornelis 690.5008635579 0.0000000000 59.4127806563 125.1513055508
Daan 749.9136442142 0.0000000000 250.0863557858 125.1513055508
Daniël 0.0000000000 125.1513055508 90.5077262693 137.0828289815
David 90.5077262693 125.1513055508 97.1302428256 137.0828289815
Dylan 187.6379690949 125.1513055508 83.5698517818 137.0828289815
Eline 271.2078208767 125.1513055508 81.3623462630 137.0828289815
Emma 352.5701671397 125.1513055508 207.8208766950 137.0828289815
Eva 560.3910438348 125.1513055508 169.9779249448 137.0828289815
Femke 730.3689687796 125.1513055508 109.7445600757 137.0828289815
Fleur 840.1135288553 125.1513055508 159.8864711447 137.0828289815
Floris 0.0000000000 262.2341345322 115.2873147814 119.6178454090
Gijs 115.2873147814 262.2341345322 140.9468738706 119.6178454090
Ilse 256.2341886520 262.2341345322 59.9927719552 119.6178454090
Iris 316.2269606072 262.2341345322 107.6978677268 119.6178454090
Jan 423.9248283339 262.2341345322 124.3223707987 119.6178454090
Jasper 548.2471991326 262.2341345322 82.0383086375 119.6178454090
Jelle 630.2855077701 262.2341345322 79.8698951934 119.6178454090
Jesse 710.1554029635 262.2341345322 228.0448138778 119.6178454090
Johanna 938.2002168413 262.2341345322 61.7997831587 119.6178454090
Johannes 0.0000000000 381.8519799412 81.6684192079 123.3356389417
Joris 81.6684192079 381.8519799412 59.5864002804 123.3356389417
Julia 141.2548194883 381.8519799412 217.6656151420 123.3356389417
Koen 358.9204346302 381.8519799412 89.3796004206 123.3356389417
Lars 448.3000350508 381.8519799412 181.5632667368 123.3356389417
Lieke 629.8633017876 381.8519799412 168.2439537329 123.3356389417
Lisa 798.1072555205 381.8519799412 201.8927444795 123.3356389417
Lotte 0.0000000000 505.1876188829 183.8926174497 128.8258689262
Lucas 183.8926174497 505.1876188829 232.8859060403 128.8258689262
Luuk 416.7785234899 505.1876188829 220.4697986577 128.8258689262
Maria 637.2483221477 505.1876188829 72.1476510067 128.8258689262
Maud 709.3959731544 505.1876188829 132.5503355705 128.8258689262
Max 841.9463087248 505.1876188829 158.0536912752 128.8258689262
Merel 0.0000000000 634.0134878091 83.9064649243 94.2849731973
Mohamed 83.9064649243 634.0134878091 102.2466758368 94.2849731973
Naomi 186.1531407611 634.0134878091 135.7175607519 94.2849731973
Nick 321.8707015131 634.0134878091 118.2943603851 94.2849731973
Niels 440.1650618982 634.0134878091 102.2466758368 94.2849731973
Nikki 542.4117377350 634.0134878091 102.7051811096 94.2849731973
Nina 645.1169188446 634.0134878091 151.3067400275 94.2849731973
Pieter 796.4236588721 634.0134878091 110.0412654746 94.2849731973
Robin 906.4649243466 634.0134878091 93.5350756534 94.2849731973
Roos 0.0000000000 728.2984610064 124.7119815668 150.0951063462
Ruben 124.7119815668 728.2984610064 156.1059907834 150.0951063462
Sanne 280.8179723502 728.2984610064 125.0000000000 150.0951063462
Sarah 405.8179723502 728.2984610064 117.7995391705 150.0951063462
Sophie 523.6175115207 728.2984610064 203.6290322581 150.0951063462
Stijn 727.2465437788 728.2984610064 151.4976958525 150.0951063462
Sven 878.7442396313 728.2984610064 121.2557603687 150.0951063462
Tessa 0.0000000000 878.3935673526 100.2488446498 121.6064326474
Thijs 100.2488446498 878.3935673526 208.6740135087 121.6064326474
Thomas 308.9228581585 878.3935673526 207.9630287949 121.6064326474
Tim 516.8858869534 878.3935673526 207.6075364380 121.6064326474
Tom 724.4934233914 878.3935673526 93.8499822254 121.6064326474
Vera 818.3434056168 878.3935673526 85.3181656594 121.6064326474
Willem 903.6615712762 878.3935673526 96.3384287238 121.6064326474

Amber 0.0000000000 0.0000000000 85.6195357251 133.6476086869
Anne 85.6195357251 0.0000000000 116.0687368104 133.6476086869
Anouk 201.6882725354 0.0000000000 77.1781730479 133.6476086869
Bas 278.8664455834 0.0000000000 72.6560144709 133.6476086869
Bram 351.5224600543 0.0000000000 251.7334941212 133.6476086869
Charlotte 603.2559541755 0.0000000000 83.2077178173 133.6476086869
Cornelis 686.4636719928 0.0000000000 53.0599939705 133.6476086869
Daan 739.5236659632 0.0000000000 260.4763340368 133.6476086869
Daniël 0.0000000000 133.6476086869 92.0227069017 134.8563600467
David 92.0227069017 133.6476086869 89.3337317000 134.8563600467
Dylan 181.3564386017 133.6476086869 93.2178069913 134.8563600467
Eline 274.5742455931 133.6476086869 77.6815058261 134.8563600467
Emma 352.2557514192 133.6476086869 194.5025395877 134.8563600467
Eva 546.7582910069 133.6476086869 172.3931879295 134.8563600467
Femke 719.1514789364 133.6476086869 119.8087839857 134.8563600467
Fleur 838.9602629220 133.6476086869 161.0397370780 134.8563600467
Floris 0.0000000000 268.5039687336 117.3627890922 116.7250896491
Gijs 117.3627890922 268.5039687336 156.0234725578 116.7250896491
Ilse 273.3862616500 268.5039687336 65.2399033483 116.7250896491
Iris 338.6261649983 268.5039687336 103.5554021401 116.7250896491
Jan 442.1815671384 268.5039687336 117.7079737660 116.7250896491
Jasper 559.8895409044 268.5039687336 96.6517086641 116.7250896491
Jelle 656.5412495685 268.5039687336 81.1183983431 116.7250896491
Jesse 737.6596479116 268.5039687336 200.5522954781 116.7250896491
Johanna 938.2119433897 268.5039687336 61.7880566103 116.7250896491
Johannes 0.0000000000 385.2290583827 82.7836411609 122.1644707684
Joris 82.7836411609 385.2290583827 74.5382585752 122.1644707684
Julia 157.3218997361 385.2290583827 187.3350923483 122.1644707684
Koen 344.6569920844 385.2290583827 89.0501319261 122.1644707684
Lars 433.7071240106 385.2290583827 196.5699208443 122.1644707684
Lieke 630.2770448549 385.2290583827 171.5039577836 122.1644707684
Lisa 801.7810026385 385.2290583827 198.2189973615 122.1644707684
Lotte 0.0000000000 507.3935291511 181.4452508678 127.6844353117
Lucas 181.4452508678 507.3935291511 245.1877563900 127.6844353117
Luuk 426.6330072578 507.3935291511 213.9476175450 127.6844353117
Maria 640.5806248028 507.3935291511 72.2625433891 127.6844353117
Maud 712.8431681919 507.3935291511 133.1650362891 127.6844353117
Max 846.0082044809 507.3935291511 153.9917955191 127.6844353117
Merel 0.0000000000 635.0779644627 78.4479122733 95.5316491398
Mohamed 78.4479122733 635.0779644627 103.3319274568 95.5316491398
Naomi 181.7798397301 635.0779644627 120.2024462252 95.5316491398
Nick 301.9822859553 635.0779644627 120.2024462252 95.5316491398
Niels 422.1847321805 635.0779644627 115.9848165331 95.5316491398
Nikki 538.1695487136 635.0779644627 105.4407423028 95.5316491398
Nina 643.6102910164 635.0779644627 153.9434837621 95.5316491398
Pieter 797.5537747786 635.0779644627 99.5360607339 95.5316491398
Robin 897.0898355124 635.0779644627 102.9101644876 95.5316491398
Roos 0.0000000000 730.6096136025 121.6545012165 149.0390426689
Ruben 121.6545012165 730.6096136025 156.2584482293 149.0390426689
Sanne 277.9129494458 730.6096136025 121.9248445526 149.0390426689
Sarah 399.8377939984 730.6096136025 125.4393079211 149.0390426689
Sophie 525.2771019194 730.6096136025 177.8859151122 149.0390426689
Stijn 703.1630170316 730.6096136025 166.2611516626 149.0390426689
Sven 869.4241686942 730.6096136025 130.5758313058 149.0390426689
Tessa 0.0000000000 879.6486562714 80.6829594911 120.3513437286
Thijs 80.6829594911 879.6486562714 224.3053230666 120.3513437286
Thomas 304.9882825578 879.6486562714 196.8530297958 120.3513437286
Tim 501.8413123535 879.6486562714 214.2618011383 120.3513437286
Tom 716.1031134918 879.6486562714 105.7917643120 120.3513437286
Vera 821.8948778038 879.6486562714 84.0308001339 120.3513437286
Willem 905.9256779377 879.6486562714 94.0743220623 120.3513437286

Amber 0.0000000000 0.0000000000 100.5653079441 127.0795523291
Anne 100.5653079441 0.0000000000 128.2356441535 127.0795523291
Anouk 228.8009520976 0.0000000000 97.8875334722 127.0795523291
Bas 326.6884855698 0.0000000000 72.0023802440 127.0795523291
Bram 398.6908658137 0.0000000000 189.2293960131 127.0795523291
Charlotte 587.9202618268 0.0000000000 93.4245760190 127.0795523291
Cornelis 681.3448378459 0.0000000000 60.9937518596 127.0795523291
Daan 742.3385897054 0.0000000000 257.6614102946 127.0795523291
Daniël 0.0000000000 127.0795523291 100.1664816870 136.2673926195
David 100.1664816870 127.0795523291 88.5127635960 136.2673926195
Dylan 188.6792452830 127.0795523291 86.2930077691 136.2673926195
Eline 274.9722530522 127.0795523291 86.2930077691 136.2673926195
Emma 361.2652608213 127.0795523291 197.2807991121 136.2673926195
Eva 558.5460599334 127.0795523291 166.4816870144 136.2673926195
Femke 725.0277469478 127.0795523291 119.3118756937 136.2673926195
Fleur 844.3396226415 127.0795523291 155.6603773585 136.2673926195
Floris 0.0000000000 263.3469449486 124.1356601910 114.8290986086
Gijs 124.1356601910 263.3469449486 157.7214356273 114.8290986086
Ilse 281.8570958182 263.3469449486 62.2324662496 114.8290986086
Iris 344.0895620678 263.3469449486 114.9160355614 114.8290986086
Jan 459.0055976292 263.3469449486 137.9650971353 114.8290986086
Jasper 596.9706947646 263.3469449486 107.3427724728 114.8290986086
Jelle 704.3134672374 263.3469449486 74.7448139611 114.8290986086
Jesse 779.0582811986 263.3469449486 220.9417188014 114.8290986086
Johanna 0.0000000000 378.1760435572 69.4349897890 111.0859044162
Johannes 69.4349897890 378.1760435572 97.0047651464 111.0859044162
Joris 166.4397549353 378.1760435572 66.0313138189 111.0859044162
Julia 232.4710687543 378.1760435572 222.2600408441 111.0859044162
Koen 454.7311095984 378.1760435572 111.6405718176 111.0859044162
Lars 566.3716814159 378.1760435572 222.2600408441 111.0859044162
Lieke 788.6317222600 378.1760435572 211.3682777400 111.0859044162
Lisa 0.0000000000 489.2619479734 183.0568720379 127.6467029643
Lotte 183.0568720379 489.2619479734 186.3151658768 127.6467029643
Lucas 369.3720379147 489.2619479734 206.7535545024 127.6467029643
Luuk 576.1255924171 489.2619479734 219.7867298578 127.6467029643
Maria 795.9123222749 489.2619479734 75.2369668246 127.6467029643
Maud 871.1492890995 489.2619479734 128.8507109005 127.6467029643
Max 0.0000000000 616.9086509377 166.6059059424 103.7129461585
Merel 166.6059059424 616.9086509377 64.1633248268 103.7129461585
Mohamed 230.7692307692 616.9086509377 93.3284724754 103.7129461585
Naomi 324.0977032446 616.9086509377 128.3266496537 103.7129461585
Nick 452.4243528983 616.9086509377 132.3368574553 103.7129461585
Niels 584.7612103536 616.9086509377 118.1188479767 103.7129461585
Nikki 702.8800583303 616.9086509377 98.0678089683 103.7129461585
Nina 800.9478672986 616.9086509377 116.2960262486 103.7129461585
Pieter 917.2438935472 616.9086509377 82.7561064528 103.7129461585
Robin 0.0000000000 720.6215970962 86.7182462927 117.2867513612
Roos 86.7182462927 720.6215970962 153.1270148291 117.2867513612
Ruben 239.8452611219 720.6215970962 214.7001934236 117.2867513612
Sanne 454.5454545455 720.6215970962 174.4036105738 117.2867513612
Sarah 628.9490651193 720.6215970962 148.6137975500 117.2867513612
Sophie 777.5628626692 720.6215970962 222.4371373308 117.2867513612
Stijn 0.0000000000 837.9083484574 199.4152046784 129.3103448276
Sven 199.4152046784 837.9083484574 139.4736842105 129.3103448276
Tessa 338.8888888889 837.9083484574 76.9005847953 129.3103448276
Thijs 415.7894736842 837.9083484574 194.4444444444 129.3103448276
Thomas 610.2339181287 837.9083484574 194.7368421053 129.3103448276
Tim 804.9707602339 837.9083484574 195.0292397661 129.3103448276
Tom 0.0000000000 967.2186932849 372.5490196078 32.7813067151
Vera 372.5490196078 967.2186932849 309.1118800461 32.7813067151
Willem 681.6608996540 967.2186932849 318.3391003460 32.7813067151

Amber 0.0000000000 0.0000000000 101.7492711370 122.0684010107
Anne 101.7492711370 0.0000000000 139.0670553936 122.0684010107
Anouk 240.8163265306 0.0000000000 115.7434402332 122.0684010107
Bas 356.5597667638 0.0000000000 84.8396501458 122.0684010107
Bram 441.3994169096 0.0000000000 182.2157434402 122.0684010107
Charlotte 623.6151603499 0.0000000000 84.2565597668 122.0684010107
Cornelis 707.8717201166 0.0000000000 55.3935860058 122.0684010107
Daan 763.2653061224 0.0000000000 236.7346938776 122.0684010107
Daniël 0.0000000000 122.0684010107 99.4356355818 132.4246414463
David 99.4356355818 122.0684010107 91.1045417898 132.4246414463
Dylan 190.5401773717 122.0684010107 84.3859177640 132.4246414463
Eline 274.9260951357 122.0684010107 97.2856758936 132.4246414463
Emma 372.2117710293 122.0684010107 184.8965331900 132.4246414463
Eva 557.1083042193 122.0684010107 174.4154797098 132.4246414463
Femke 731.5237839291 122.0684010107 114.7540983607 132.4246414463
Fleur 846.2778822897 122.0684010107 153.7221177103 132.4246414463
Floris 0.0000000000 254.4930424570 115.7279162819 115.6268906367
Gijs 115.7279162819 254.4930424570 147.4299784549 115.6268906367
Ilse 263.1578947368 254.4930424570 79.1012619267 115.6268906367
Iris 342.2591566636 254.4930424570 124.0381655894 115.6268906367
Jan 466.2973222530 254.4930424570 120.3447214528 115.6268906367
Jasper 586.6420437058 254.4930424570 116.0357032933 115.6268906367
Jelle 702.6777469991 254.4930424570 84.9492151431 115.6268906367
Jesse 787.6269621422 254.4930424570 212.3730378578 115.6268906367
Johanna 0.0000000000 370.1199330937 64.6003262643 109.0786148973
Johannes 64.6003262643 370.1199330937 100.1631321370 109.0786148973
Joris 164.7634584013 370.1199330937 73.4094616639 109.0786148973
Julia 238.1729200653 370.1199330937 227.7324632953 109.0786148973
Koen 465.9053833605 370.1199330937 114.8450244698 109.0786148973
Lars 580.7504078303 370.1199330937 209.4616639478 109.0786148973
Lieke 790.2120717781 370.1199330937 209.7879282219 109.0786148973
Lisa 0.0000000000 479.1985479910 180.3877493678 126.6593117193
Lotte 180.3877493678 479.1985479910 190.5029502669 126.6593117193
Lucas 370.8906996347 479.1985479910 226.7490868221 126.6593117193
Luuk 597.6397864569 479.1985479910 195.8415285192 126.6593117193
Maria 793.4813149761 479.1985479910 74.4591177297 126.6593117193
Maud 867.9404327058 479.1985479910 132.0595672942 126.6593117193
Max 0.0000000000 605.8578597103 159.4740391099 105.5553578419
Merel 159.4740391099 605.8578597103 70.8024275118 105.5553578419
Mohamed 230.2764666217 605.8578597103 82.6028320971 105.5553578419
Naomi 312.8792987188 605.8578597103 132.8388401888 105.5553578419
Nick 445.7181389076 605.8578597103 132.5016857721 105.5553578419
Niels 578.2198246797 605.8578597103 122.3870532704 105.5553578419
Nikki 700.6068779501 605.8578597103 99.4605529332 105.5553578419
Nina 800.0674308833 605.8578597103 116.6554281861 105.5553578419
Pieter 916.7228590695 605.8578597103 83.2771409305 105.5553578419
Robin 0.0000000000 711.4132175522 128.6089238845 149.1512153457
Roos 128.6089238845 711.4132175522 120.2576950608 149.1512153457
Ruben 248.8666189454 711.4132175522 158.4347411119 149.1512153457
Sanne 407.3013600573 711.4132175522 145.3113815319 149.1512153457
Sarah 552.6127415891 711.4132175522 97.1128608924 149.1512153457
Sophie 649.7256024815 711.4132175522 186.3517060367 149.1512153457
Stijn 836.0773085183 711.4132175522 163.9226914817 149.1512153457
Sven 0.0000000000 860.5644328980 137.0091896408 127.7981422826
Tessa 137.0091896408 860.5644328980 96.0735171261 127.7981422826
Thijs 233.0827067669 860.5644328980 194.3748259538 127.7981422826
Thomas 427.4575327207 860.5644328980 192.1470342523 127.7981422826
Tim 619.6045669730 860.5644328980 201.8936229463 127.7981422826
Tom 821.4981899192 860.5644328980 98.3013088276 127.7981422826
Vera 919.7994987469 860.5644328980 80.2005012531 127.7981422826
Willem 0.0000000000 988.3625751806 1000.0000000000 11.6374248194

Amber 0.0000000000 0.0000000000 124.6006389776 127.4300254453
Anne 124.6006389776 0.0000000000 141.3738019169 127.4300254453
Anouk 265.9744408946 0.0000000000 118.7433439830 127.4300254453
Bas 384.7177848775 0.0000000000 80.9371671991 127.4300254453
Bram 465.6549520767 0.0000000000 171.4589989350 127.4300254453
Charlotte 637.1139510117 0.0000000000 67.6251331203 127.4300254453
Cornelis 704.7390841321 0.0000000000 55.1118210863 127.4300254453
Daan 759.8509052183 0.0000000000 240.1490947817 127.4300254453
Daniël 0.0000000000 127.4300254453 99.6005326232 127.3960983885
David 99.6005326232 127.4300254453 82.2902796272 127.3960983885
Dylan 181.8908122503 127.4300254453 92.9427430093 127.3960983885
Eline 274.8335552597 127.4300254453 90.0133155792 127.3960983885
Emma 364.8468708389 127.4300254453 207.1904127830 127.3960983885
Eva 572.0372836218 127.4300254453 158.4553928096 127.3960983885
Femke 730.4926764314 127.4300254453 128.6284953395 127.3960983885
Fleur 859.1211717710 127.4300254453 140.8788282290 127.3960983885
Floris 0.0000000000 254.8261238338 96.8289920725 119.8303647159
Gijs 96.8289920725 254.8261238338 127.9728199320 119.8303647159
Ilse 224.8018120045 254.8261238338 84.3714609287 119.8303647159
Iris 309.1732729332 254.8261238338 114.0996602492 119.8303647159
Jan 423.2729331823 254.8261238338 117.4971687429 119.8303647159
Jasper 540.7701019253 254.8261238338 107.0215175538 119.8303647159
Jelle 647.7916194790 254.8261238338 85.2208380521 119.8303647159
Jesse 733.0124575311 254.8261238338 199.0373725934 119.8303647159
Johanna 932.0498301246 254.8261238338 67.9501698754 119.8303647159
Johannes 0.0000000000 374.6564885496 85.6753069577 124.3426632740
Joris 85.6753069577 374.6564885496 54.2974079127 124.3426632740
Julia 139.9727148704 374.6564885496 195.3615279673 124.3426632740
Koen 335.3342428377 374.6564885496 106.1391541610 124.3426632740
Lars 441.4733969986 374.6564885496 199.7271487040 124.3426632740
Lieke 641.2005457026 374.6564885496 189.3587994543 124.3426632740
Lisa 830.5593451569 374.6564885496 169.4406548431 124.3426632740
Lotte 0.0000000000 498.9991518236 181.3171672637 123.1212892282
Lucas 181.3171672637 498.9991518236 223.4775420226 123.1212892282
Luuk 404.7947092863 498.9991518236 176.6326811794 123.1212892282
Maria 581.4273904657 498.9991518236 88.7296775971 123.1212892282
Maud 670.1570680628 498.9991518236 131.4411683659 123.1212892282
Max 801.5982364288 498.9991518236 133.6456324056 123.1212892282
Merel 935.2438688344 498.9991518236 64.7561311656 123.1212892282
Mohamed 0.0000000000 622.1204410517 95.0400000000 106.0220525869
Naomi 95.0400000000 622.1204410517 126.0800000000 106.0220525869
Nick 221.1200000000 622.1204410517 152.0000000000 106.0220525869
Niels 373.1200000000 622.1204410517 122.5600000000 106.0220525869
Nikki 495.6800000000 622.1204410517 126.7200000000 106.0220525869
Nina 622.4000000000 622.1204410517 122.5600000000 106.0220525869
Pieter 744.9600000000 622.1204410517 87.3600000000 106.0220525869
Robin 832.3200000000 622.1204410517 167.6800000000 106.0220525869
Roos 0.0000000000 728.1424936387 111.3130395275 149.3469041561
Ruben 111.3130395275 728.1424936387 183.5529304861 149.3469041561
Sanne 294.8659700136 728.1424936387 144.9341208542 149.3469041561
Sarah 439.8000908678 728.1424936387 94.5024988642 149.3469041561
Sophie 534.3025897319 728.1424936387 172.1944570650 149.3469041561
Stijn 706.4970467969 728.1424936387 150.8405270332 149.3469041561
Sven 857.3375738301 728.1424936387 142.6624261699 149.3469041561
Tessa 0.0000000000 877.4893977947 102.1877596234 122.5106022053
Thijs 102.1877596234 877.4893977947 194.4059817225 122.5106022053
Thomas 296.5937413459 877.4893977947 207.6986984215 122.5106022053
Tim 504.2924397674 877.4893977947 208.8064248131 122.5106022053
Tom 713.0988645804 877.4893977947 115.4804763223 122.5106022053
Vera 828.5793409028 877.4893977947 76.4331210191 122.5106022053
Willem 905.0124619219 877.4893977947 94.9875380781 122.5106022053

Amber 0.0000000000 0.0000000000 159.2292089249 98.8173982762
Anne 159.2292089249 0.0000000000 191.0074374577 98.8173982762
Anouk 350.2366463827 0.0000000000 166.3286004057 98.8173982762
Bas 516.5652467884 0.0000000000 109.8715348208 98.8173982762
Bram 626.4367816092 0.0000000000 202.1636240703 98.8173982762
Charlotte 828.6004056795 0.0000000000 92.9682217715 98.8173982762
Cornelis 921.5686274510 0.0000000000 78.4313725490 98.8173982762
Daan 0.0000000000 98.8173982762 217.5572519084 140.0414244672
Daniël 217.5572519084 98.8173982762 104.9618320611 140.0414244672
David 322.5190839695 98.8173982762 76.0973282443 140.0414244672
Dylan 398.6164122137 98.8173982762 100.6679389313 140.0414244672
Eline 499.2843511450 98.8173982762 90.4103053435 140.0414244672
Emma 589.6946564885 98.8173982762 158.3969465649 140.0414244672
Eva 748.0916030534 98.8173982762 144.5610687023 140.0414244672
Femke 892.6526717557 98.8173982762 107.3473282443 140.0414244672
Fleur 0.0000000000 238.8588227434 157.1428571429 112.2469432752
Floris 157.1428571429 238.8588227434 111.0119047619 112.2469432752
Gijs 268.1547619048 238.8588227434 143.4523809524 112.2469432752
Ilse 411.6071428571 238.8588227434 88.9880952381 112.2469432752
Iris 500.5952380952 238.8588227434 150.8928571429 112.2469432752
Jan 651.4880952381 238.8588227434 138.3928571429 112.2469432752
Jasper 789.8809523810 238.8588227434 117.5595238095 112.2469432752
Jelle 907.4404761905 238.8588227434 92.5595238095 112.2469432752
Jesse 0.0000000000 351.1057660186 227.5007376807 113.2157412975
Johanna 227.5007376807 351.1057660186 67.8666273237 113.2157412975
Johannes 295.3673650044 351.1057660186 88.5216878135 113.2157412975
Joris 383.8890528179 351.1057660186 67.5715550310 113.2157412975
Julia 451.4606078489 351.1057660186 208.9111832399 113.2157412975
Koen 660.3717910888 351.1057660186 122.1599291826 113.2157412975
Lars 782.5317202715 351.1057660186 217.4682797285 113.2157412975
Lieke 0.0000000000 464.3215073161 204.8433048433 117.2579675286
Lisa 204.8433048433 464.3215073161 158.4045584046 117.2579675286
Lotte 363.2478632479 464.3215073161 183.4757834758 117.2579675286
Lucas 546.7236467236 464.3215073161 196.8660968661 117.2579675286
Luuk 743.5897435897 464.3215073161 172.3646723647 117.2579675286
Maria 915.9544159544 464.3215073161 84.0455840456 117.2579675286
Maud 0.0000000000 581.5794748447 166.4136046159 110.0086857754
Max 166.4136046159 581.5794748447 151.2298815670 110.0086857754
Merel 317.6434861828 581.5794748447 68.0230792590 110.0086857754
Mohamed 385.6665654418 581.5794748447 79.8663832372 110.0086857754
Naomi 465.5329486790 581.5794748447 119.6477376253 110.0086857754
Nick 585.1806863043 581.5794748447 154.5703006377 110.0086857754
Niels 739.7509869420 581.5794748447 134.5277862132 110.0086857754
Nikki 874.2787731552 581.5794748447 125.7212268448 110.0086857754
Nina 0.0000000000 691.5881606200 105.2760736196 136.1328255495
Pieter 105.2760736196 691.5881606200 65.5214723926 136.1328255495
Robin 170.7975460123 691.5881606200 78.0368098160 136.1328255495
Roos 248.8343558282 691.5881606200 113.8650306748 136.1328255495
Ruben 362.6993865031 691.5881606200 182.5766871166 136.1328255495
Sanne 545.2760736196 691.5881606200 172.7607361963 136.1328255495
Sarah 718.0368098160 691.5881606200 85.1533742331 136.1328255495
Sophie 803.1901840491 691.5881606200 196.8098159509 136.1328255495
Stijn 0.0000000000 827.7209861696 164.7258612324 137.7029464823
Sven 164.7258612324 827.7209861696 160.6016496846 137.7029464823
Tessa 325.3275109170 827.7209861696 93.4012615235 137.7029464823
Thijs 418.7287724406 827.7209861696 190.1989325570 137.7029464823
Thomas 608.9277049976 827.7209861696 189.7137311984 137.7029464823
Tim 798.6414361960 827.7209861696 201.3585638040 137.7029464823
Tom 0.0000000000 965.4239326518 403.8647342995 34.5760673482
Vera 403.8647342995 965.4239326518 247.3429951691 34.5760673482
Willem 651.2077294686 965.4239326518 348.7922705314 34.5760673482

Amber 0.0000000000 0.0000000000 118.0206403811 125.9456757207
Anne 118.0206403811 0.0000000000 137.6025403546 125.9456757207
Anouk 255.6231807356 0.0000000000 129.9285525271 125.9456757207
Bas 385.5517332628 0.0000000000 88.6477904207 125.9456757207
Bram 474.1995236835 0.0000000000 160.6245038370 125.9456757207
Charlotte 634.8240275205 0.0000000000 78.0629796242 125.9456757207
Cornelis 712.8870071447 0.0000000000 67.4781688277 125.9456757207
Daan 780.3651759725 0.0000000000 219.6348240275 125.9456757207
Daniël 0.0000000000 125.9456757207 108.7297438578 127.5120813198
David 108.7297438578 125.9456757207 91.7407213800 127.5120813198
Dylan 200.4704652378 125.9456757207 101.6727652901 127.5120813198
Eline 302.1432305280 125.9456757207 89.9111343440 127.5120813198
Emma 392.0543648719 125.9456757207 166.4924202823 127.5120813198
Eva 558.5467851542 125.9456757207 156.2990067956 127.5120813198
Femke 714.8457919498 125.9456757207 130.9461578672 127.5120813198
Fleur 845.7919498170 125.9456757207 154.2080501830 127.5120813198
Floris 0.0000000000 253.4577570405 102.9817780232 120.7132144643
Gijs 102.9817780232 253.4577570405 120.0993926008 120.7132144643
Ilse 223.0811706240 253.4577570405 83.9315295417 120.7132144643
Iris 307.0127001657 253.4577570405 157.9237990061 120.7132144643
Jan 464.9364991717 253.4577570405 119.8233020431 120.7132144643
Jasper 584.7598012148 253.4577570405 122.8602981778 120.7132144643
Jelle 707.6200993926 253.4577570405 80.0662617338 120.7132144643
Jesse 787.6863611264 253.4577570405 212.3136388736 120.7132144643
Johanna 0.0000000000 374.1709715047 76.9464720195 109.5817363773
Johannes 76.9464720195 374.1709715047 106.4476885645 109.5817363773
Joris 183.3941605839 374.1709715047 75.4257907543 109.5817363773
Julia 258.8199513382 374.1709715047 209.8540145985 109.5817363773
Koen 468.6739659367 374.1709715047 121.6545012165 109.5817363773
Lars 590.3284671533 374.1709715047 204.9878345499 109.5817363773
Lieke 795.3163017032 374.1709715047 204.6836982968 109.5817363773
Lisa 0.0000000000 483.7527078820 153.1210191083 130.8115314114
Lotte 153.1210191083 483.7527078820 181.4012738854 130.8115314114
Lucas 334.5222929936 483.7527078820 185.4777070064 130.8115314114
Luuk 520.0000000000 483.7527078820 147.2611464968 130.8115314114
Maria 667.2611464968 483.7527078820 77.9617834395 130.8115314114
Maud 745.2229299363 483.7527078820 130.1910828025 130.8115314114
Max 875.4140127389 483.7527078820 124.5859872611 130.8115314114
Merel 0.0000000000 614.5642392935 82.9589697514 111.2814530912
Mohamed 82.9589697514 614.5642392935 76.9691524409 111.2814530912
Naomi 159.9281221923 614.5642392935 118.5983827493 111.2814530912
Nick 278.5265049416 614.5642392935 136.2683438155 111.2814530912
Niels 414.7948487571 614.5642392935 139.2632524708 111.2814530912
Nikki 554.0581012279 614.5642392935 90.1467505241 111.2814530912
Nina 644.2048517520 614.5642392935 113.8065289009 111.2814530912
Pieter 758.0113806529 614.5642392935 83.2584606170 111.2814530912
Robin 841.2698412698 614.5642392935 158.7301587302 111.2814530912
Roos 0.0000000000 725.8456923846 123.4995998933 124.9458423596
Ruben 123.4995998933 725.8456923846 217.6580421446 124.9458423596
Sanne 341.1576420379 725.8456923846 194.1851160309 124.9458423596
Sarah 535.3427580688 725.8456923846 96.8258202187 124.9458423596
Sophie 632.1685782875 725.8456923846 177.1138970392 124.9458423596
Stijn 809.2824753268 725.8456923846 190.7175246732 124.9458423596
Sven 0.0000000000 850.7915347442 171.5749039693 130.1449758374
Tessa 171.5749039693 850.7915347442 103.4571062740 130.1449758374
Thijs 275.0320102433 850.7915347442 191.8053777209 130.1449758374
Thomas 466.8373879641 850.7915347442 201.2804097311 130.1449758374
Tim 668.1177976953 850.7915347442 217.9257362356 130.1449758374
Tom 886.0435339309 850.7915347442 113.9564660691 130.1449758374
Vera 0.0000000000 980.9365105816 438.8111888112 19.0634894184
Willem 438.8111888112 980.9365105816 561.1888111888 19.0634894184

Amber 0.0000000000 0.0000000000 152.1273339455 103.7933663744
Anne 152.1273339455 0.0000000000 182.4303642485 103.7933663744
Anouk 334.5576981941 0.0000000000 182.4303642485 103.7933663744
Bas 516.9880624426 0.0000000000 134.0679522498 103.7933663744
Bram 651.0560146924 0.0000000000 186.4095500459 103.7933663744
Charlotte 837.4655647383 0.0000000000 82.6446280992 103.7933663744
Cornelis 920.1101928375 0.0000000000 79.8898071625 103.7933663744
Daan 0.0000000000 103.7933663744 210.5384793159 137.4698182742
Daniël 210.5384793159 103.7933663744 109.7758262075 137.4698182742
David 320.3143055235 103.7933663744 80.8874508898 137.4698182742
Dylan 401.2017564132 103.7933663744 88.5139819737 137.4698182742
Eline 489.7157383869 103.7933663744 85.5095909406 137.4698182742
Emma 575.2253293275 103.7933663744 149.5262306448 137.4698182742
Eva 724.7515599723 103.7933663744 142.5930205685 137.4698182742
Femke 867.3445805408 103.7933663744 132.6554194592 137.4698182742
Fleur 0.0000000000 241.2631846486 174.1046831956 115.3259626382
Floris 174.1046831956 241.2631846486 106.6115702479 115.3259626382
Gijs 280.7162534435 241.2631846486 110.7438016529 115.3259626382
Ilse 391.4600550964 241.2631846486 80.9917355372 115.3259626382
Iris 472.4517906336 241.2631846486 166.6666666667 115.3259626382
Jan 639.1184573003 241.2631846486 136.6391184573 115.3259626382
Jasper 775.7575757576 241.2631846486 125.0688705234 115.3259626382
Jelle 900.8264462810 241.2631846486 99.1735537190 115.3259626382
Jesse 0.0000000000 356.5891472868 219.1471335781 112.4984114881
Johanna 219.1471335781 356.5891472868 70.6015249929 112.4984114881
Johannes 289.7486585710 356.5891472868 100.2541654900 112.4984114881
Joris 390.0028240610 356.5891472868 71.7311493928 112.4984114881
Julia 461.7339734538 356.5891472868 184.9759954815 112.4984114881
Koen 646.7099689353 356.5891472868 120.5874046879 112.4984114881
Lars 767.2973736233 356.5891472868 232.7026263767 112.4984114881
Lieke 0.0000000000 469.0875587749 157.1114906075 130.2262040920
Lisa 157.1114906075 469.0875587749 166.6260063430 130.2262040920
Lotte 323.7374969505 469.0875587749 153.6960234203 130.2262040920
Lucas 477.4335203708 469.0875587749 180.7757989754 130.2262040920
Luuk 658.2093193462 469.0875587749 143.2056599171 130.2262040920
Maria 801.4149792632 469.0875587749 83.1910222005 130.2262040920
Maud 884.6060014638 469.0875587749 115.3939985362 130.2262040920
Max 0.0000000000 599.3137628669 160.5176211454 115.3895031135
Merel 160.5176211454 599.3137628669 102.6982378855 115.3895031135
Mohamed 263.2158590308 599.3137628669 79.0198237885 115.3895031135
Naomi 342.2356828194 599.3137628669 117.5660792952 115.3895031135
Nick 459.8017621145 599.3137628669 136.0132158590 115.3895031135
Niels 595.8149779736 599.3137628669 141.7951541850 115.3895031135
Nikki 737.6101321586 599.3137628669 92.7863436123 115.3895031135
Nina 830.3964757709 599.3137628669 95.8149779736 115.3895031135
Pieter 926.2114537445 599.3137628669 73.7885462555 115.3895031135
Robin 0.0000000000 714.7032659804 135.0348027842 136.9297242343
Roos 135.0348027842 714.7032659804 119.4895591647 136.9297242343
Ruben 254.5243619490 714.7032659804 151.7401392111 136.9297242343
Sanne 406.2645011601 714.7032659804 170.0696055684 136.9297242343
Sarah 576.3341067285 714.7032659804 91.4153132251 136.9297242343
Sophie 667.7494199536 714.7032659804 177.7262180974 136.9297242343
Stijn 845.4756380510 714.7032659804 154.5243619490 136.9297242343
Sven 0.0000000000 851.6329902148 166.7080129000 128.0658279324
Tessa 166.7080129000 851.6329902148 104.1925080625 128.0658279324
Thijs 270.9005209625 851.6329902148 199.4542297197 128.0658279324
Thomas 470.3547506822 851.6329902148 207.3927065244 128.0658279324
Tim 677.7474572066 851.6329902148 199.4542297197 128.0658279324
Tom 877.2016869263 851.6329902148 122.7983130737 128.0658279324
Vera 0.0000000000 979.6988181472 441.3145539906 20.3011818528
Willem 441.3145539906 979.6988181472 558.6854460094 20.3011818528

Amber 0.0000000000 0.0000000000 166.6184553081 106.5528294908
Anne 166.6184553081 0.0000000000 167.7755279144 106.5528294908
Anouk 334.3939832224 0.0000000000 197.2808793752 106.5528294908
Bas 531.6748625976 0.0000000000 119.7570147527 106.5528294908
Bram 651.4318773503 0.0000000000 192.6525889500 106.5528294908
Charlotte 844.0844663003 0.0000000000 86.7804454730 106.5528294908
Cornelis 930.8649117732 0.0000000000 69.1350882268 106.5528294908
Daan 0.0000000000 106.5528294908 208.9779908477 141.4437184071
Daniël 208.9779908477 106.5528294908 109.1741120070 141.4437184071
David 318.1521028547 106.5528294908 81.7171497058 141.4437184071
Dylan 399.8692525605 106.5528294908 94.7918936587 141.4437184071
Eline 494.6611462192 106.5528294908 86.2933100893 141.4437184071
Emma 580.9544563086 106.5528294908 158.8581390281 141.4437184071
Eva 739.8125953367 106.5528294908 144.4759206799 141.4437184071
Femke 884.2885160166 106.5528294908 115.7114839834 141.4437184071
Fleur 0.0000000000 247.9965478979 162.2418879056 114.9365059795
Floris 162.2418879056 247.9965478979 89.5682488603 114.9365059795
Gijs 251.8101367659 247.9965478979 113.1670689193 114.9365059795
Ilse 364.9772056852 247.9965478979 86.6183963529 114.9365059795
Iris 451.5956020381 247.9965478979 184.4998659158 114.9365059795
Jan 636.0954679539 247.9965478979 131.1343523733 114.9365059795
Jasper 767.2298203272 247.9965478979 139.7157414857 114.9365059795
Jelle 906.9455618128 247.9965478979 93.0544381872 114.9365059795
Jesse 0.0000000000 362.9330538775 177.5588659298 128.2825792134
Johanna 177.5588659298 362.9330538775 73.0418068236 128.2825792134
Johannes 250.6006727535 362.9330538775 89.1398366170 128.2825792134
Joris 339.7405093705 362.9330538775 66.3142719846 128.2825792134
Julia 406.0547813551 362.9330538775 159.0581451225 128.2825792134
Koen 565.1129264777 362.9330538775 100.6727534839 128.2825792134
Lars 665.7856799616 362.9330538775 190.5333974051 128.2825792134
Lieke 856.3190773667 362.9330538775 143.6809226333 128.2825792134
Lisa 0.0000000000 491.2156330909 150.2983019734 134.3237578597
Lotte 150.2983019734 491.2156330909 152.3634694814 134.3237578597
Lucas 302.6617714548 491.2156330909 181.9642037632 134.3237578597
Luuk 484.6259752180 491.2156330909 139.5135383203 134.3237578597
Maria 624.1395135383 491.2156330909 83.2950894906 134.3237578597
Maud 707.4346030289 491.2156330909 143.8733363928 134.3237578597
Max 851.3079394218 491.2156330909 148.6920605782 134.3237578597
Merel 0.0000000000 625.5393909506 122.6865671642 103.2548391074
Mohamed 122.6865671642 625.5393909506 79.1044776119 103.2548391074
Naomi 201.7910447761 625.5393909506 134.9253731343 103.2548391074
Nick 336.7164179104 625.5393909506 164.1791044776 103.2548391074
Niels 500.8955223881 625.5393909506 183.2835820896 103.2548391074
Nikki 684.1791044776 625.5393909506 94.6268656716 103.2548391074
Nina 778.8059701493 625.5393909506 130.1492537313 103.2548391074
Pieter 908.9552238806 625.5393909506 91.0447761194 103.2548391074
Robin 0.0000000000 728.7942300579 162.2397702800 128.8065589940
Roos 162.2397702800 728.7942300579 133.2854749940 128.8065589940
Ruben 295.5252452740 728.7942300579 146.4465183058 128.8065589940
Sanne 441.9717635798 728.7942300579 179.9473558268 128.8065589940
Sarah 621.9191194066 728.7942300579 84.9485522852 128.8065589940
Sophie 706.8676716918 728.7942300579 142.8571428571 128.8065589940
Stijn 849.7248145489 728.7942300579 150.2751854511 128.8065589940
Sven 0.0000000000 857.6007890519 147.9424387781 122.0872888670
Tessa 147.9424387781 857.6007890519 104.2665993436 122.0872888670
Thijs 252.2090381217 857.6007890519 200.4544306993 122.0872888670
Thomas 452.6634688210 857.6007890519 212.3201211815 122.0872888670
Tim 664.9835900025 857.6007890519 209.7955061853 122.0872888670
Tom 874.7790961878 857.6007890519 125.2209038122 122.0872888670
Vera 0.0000000000 979.6880779189 467.3748103187 20.3119220811
Willem 467.3748103187 979.6880779189 532.6251896813 20.3119220811

Amber 0.0000000000 0.0000000000 179.2526783381 112.4992650949
Anne 179.2526783381 0.0000000000 195.7146590018 112.4992650949
Anouk 374.9673373400 0.0000000000 161.2228899922 112.4992650949
Bas 536.1902273321 0.0000000000 115.4951659263 112.4992650949
Bram 651.6853932584 0.0000000000 193.1016461981 112.4992650949
Charlotte 844.7870394565 0.0000000000 82.8325058793 112.4992650949
Cornelis 927.6195453358 0.0000000000 72.3804546642 112.4992650949
Daan 0.0000000000 112.4992650949 211.4555532745 143.1888999941
Daniël 211.4555532745 112.4992650949 110.8601929789 143.1888999941
David 322.3157462533 112.4992650949 77.6021350852 143.1888999941
Dylan 399.9178813385 112.4992650949 95.6682406077 143.1888999941
Eline 495.5861219462 112.4992650949 80.4762882365 143.1888999941
Emma 576.0624101827 112.4992650949 153.5618969411 143.1888999941
Eva 729.6243071238 112.4992650949 128.5157051940 143.1888999941
Femke 858.1400123178 112.4992650949 141.8599876822 143.1888999941
Fleur 0.0000000000 255.6881650891 163.9344262295 118.3491092951
Floris 163.9344262295 255.6881650891 83.7059115748 118.3491092951
Gijs 247.6403378043 255.6881650891 105.8122205663 118.3491092951
Ilse 353.4525583706 255.6881650891 109.7863884749 118.3491092951
Iris 463.2389468455 255.6881650891 176.1053154496 118.3491092951
Jan 639.3442622951 255.6881650891 132.6378539493 118.3491092951
Jasper 771.9821162444 255.6881650891 132.6378539493 118.3491092951
Jelle 904.6199701937 255.6881650891 95.3800298063 118.3491092951
Jesse 0.0000000000 374.0372743841 160.1157463226 121.9060497384
Johanna 160.1157463226 374.0372743841 71.3768989631 121.9060497384
Johannes 231.4926452857 374.0372743841 108.2710393055 121.9060497384
Joris 339.7636845913 374.0372743841 64.6250301423 121.9060497384
Julia 404.3887147335 374.0372743841 164.2150952496 121.9060497384
Koen 568.6038099831 374.0372743841 107.0653484447 121.9060497384
Lars 675.6691584278 374.0372743841 212.6838678563 121.9060497384
Lieke 888.3530262841 374.0372743841 111.6469737159 121.9060497384
Lisa 0.0000000000 495.9433241225 152.5988449578 132.3417014522
Lotte 152.5988449578 495.9433241225 173.0342070191 132.3417014522
Lucas 325.6330519769 495.9433241225 179.0315415371 132.3417014522
Luuk 504.6645935140 495.9433241225 132.8298533985 132.3417014522
Maria 637.4944469125 495.9433241225 87.5166592625 132.3417014522
Maud 725.0111061750 495.9433241225 126.1661483785 132.3417014522
Max 851.1772545535 495.9433241225 148.8227454465 132.3417014522
Merel 0.0000000000 628.2850255747 118.8092016238 108.6189664295
Mohamed 118.8092016238 628.2850255747 83.8971583221 108.6189664295
Naomi 202.7063599459 628.2850255747 142.8958051421 108.6189664295
Nick 345.6021650880 628.2850255747 168.8768606225 108.6189664295
Niels 514.4790257104 628.2850255747 179.9729364005 108.6189664295
Nikki 694.4519621110 628.2850255747 93.3694181326 108.6189664295
Nina 787.8213802436 628.2850255747 129.9052774019 108.6189664295
Pieter 917.7266576455 628.2850255747 82.2733423545 108.6189664295
Robin 0.0000000000 736.9039920042 186.5370940981 124.0225762831
Roos 186.5370940981 736.9039920042 118.9855415975 124.0225762831
Ruben 305.5226356957 736.9039920042 136.5252429486 124.0225762831
Sanne 442.0478786442 736.9039920042 206.6840483527 124.0225762831
Sarah 648.7319269969 736.9039920042 77.9805641147 124.0225762831
Sophie 726.7124911116 736.9039920042 125.3851623607 124.0225762831
Stijn 852.0976534724 736.9039920042 147.9023465276 124.0225762831
Sven 0.0000000000 860.9265682874 114.9188942198 128.6671762008
Tessa 114.9188942198 860.9265682874 109.6641535298 128.6671762008
Thijs 224.5830477496 860.9265682874 150.5597441170 128.6671762008
Thomas 375.1427918666 860.9265682874 210.8750285584 128.6671762008
Tim 586.0178204249 860.9265682874 204.2494859493 128.6671762008
Tom 790.2673063742 860.9265682874 129.7692483436 128.6671762008
Vera 920.0365547178 860.9265682874 79.9634452822 128.6671762008
Willem 0.0000000000 989.5937444882 1000.0000000000 10.4062555118

Amber 0.0000000000 0.0000000000 163.8665692720 111.8403137084
Anne 163.8665692720 0.0000000000 191.6240564889 111.8403137084
Anouk 355.4906257609 0.0000000000 157.7794010226 111.8403137084
Bas 513.2700267835 0.0000000000 131.2393474556 111.8403137084
Bram 644.5093742391 0.0000000000 193.5719503287 111.8403137084
Charlotte 838.0813245678 0.0000000000 83.2724616508 111.8403137084
Cornelis 921.3537862187 0.0000000000 78.6462137813 111.8403137084
Daan 0.0000000000 111.8403137084 214.2157822596 139.0719459724
Daniël 214.2157822596 111.8403137084 100.6461719209 139.0719459724
David 314.8619541805 111.8403137084 85.1772077541 139.0719459724
Dylan 400.0391619346 111.8403137084 86.7436851380 139.0719459724
Eline 486.7828470726 111.8403137084 80.2819659291 139.0719459724
Emma 567.0648130018 111.8403137084 163.8926962992 139.0719459724
Eva 730.9575093010 111.8403137084 132.9547679655 139.0719459724
Femke 863.9122772665 111.8403137084 136.0877227335 139.0719459724
Fleur 0.0000000000 250.9122596808 163.1413141314 121.0173737814
Floris 163.1413141314 250.9122596808 81.4581458146 121.0173737814
Gijs 244.5994599460 250.9122596808 109.3609360936 121.0173737814
Ilse 353.9603960396 250.9122596808 98.5598559856 121.0173737814
Iris 452.5202520252 250.9122596808 180.4680468047 121.0173737814
Jan 632.9882988299 250.9122596808 135.2385238524 121.0173737814
Jasper 768.2268226823 250.9122596808 131.4131413141 121.0173737814
Jelle 899.6399639964 250.9122596808 100.3600360036 121.0173737814
Jesse 0.0000000000 371.9296334622 149.7519170050 120.7450574587
Johanna 149.7519170050 371.9296334622 81.4163283717 120.7450574587
Johannes 231.1682453766 371.9296334622 113.4415877312 120.7450574587
Joris 344.6098331078 371.9296334622 53.6761389265 120.7450574587
Julia 398.2859720343 371.9296334622 163.5092467298 120.7450574587
Koen 561.7952187641 371.9296334622 107.5778078484 120.7450574587
Lars 669.3730266125 371.9296334622 213.5769057285 120.7450574587
Lieke 882.9499323410 371.9296334622 117.0500676590 120.7450574587
Lisa 0.0000000000 492.6746909210 170.4380319701 131.1747726159
Lotte 170.4380319701 492.6746909210 143.4502802574 131.1747726159
Lucas 313.8883122275 492.6746909210 195.7649989620 131.1747726159
Luuk 509.6533111895 492.6746909210 129.7488063110 131.1747726159
Maria 639.4021175005 492.6746909210 90.0975711023 131.1747726159
Maud 729.4996886029 492.6746909210 108.5738011210 131.1747726159
Max 838.0734897239 492.6746909210 161.9265102761 131.1747726159
Merel 0.0000000000 623.8494635368 120.2891068663 105.4953433909
Mohamed 120.2891068663 623.8494635368 85.9576664946 105.4953433909
Naomi 206.2467733609 623.8494635368 149.4579246257 105.4953433909
Nick 355.7046979866 623.8494635368 147.3928755808 105.4953433909
Niels 503.0975735674 623.8494635368 177.3360867321 105.4953433909
Nikki 680.4336602994 623.8494635368 75.3742901394 105.4953433909
Nina 755.8079504388 623.8494635368 149.1997934951 105.4953433909
Pieter 905.0077439339 623.8494635368 94.9922560661 105.4953433909
Robin 0.0000000000 729.3448069277 177.3430782459 126.6815532923
Roos 177.3430782459 729.3448069277 114.3594153052 126.6815532923
Ruben 291.7024935512 729.3448069277 142.3043852107 126.6815532923
Sanne 434.0068787618 729.3448069277 213.0266552021 126.6815532923
Sarah 647.0335339639 729.3448069277 85.7695614789 126.6815532923
Sophie 732.8030954428 729.3448069277 126.6122098022 126.6815532923
Stijn 859.4153052451 729.3448069277 140.5846947549 126.6815532923
Sven 0.0000000000 856.0263602200 122.6357535082 133.8979358423
Tessa 122.6357535082 856.0263602200 101.0778930242 133.8979358423
Thijs 223.7136465324 856.0263602200 136.0585723002 133.8979358423
Thomas 359.7722188326 856.0263602200 231.0351840553 133.8979358423
Tim 590.8074028879 856.0263602200 205.8165548098 133.8979358423
Tom 796.6239576978 856.0263602200 133.2113077080 133.8979358423
Vera 929.8352654057 856.0263602200 70.1647345943 133.8979358423
Willem 0.0000000000 989.9242960623 1000.0000000000 10.0757039377

Amber 0.0000000000 0.0000000000 167.8453559642 112.9874280844
Anne 167.8453559642 0.0000000000 204.6204620462 112.9874280844
Anouk 372.4658180104 0.0000000000 153.7010843942 112.9874280844
Bas 526.1669024045 0.0000000000 128.0056577086 112.9874280844
Bram 654.1725601132 0.0000000000 169.9669966997 112.9874280844
Charlotte 824.1395568128 0.0000000000 84.3941537011 112.9874280844
Cornelis 908.5337105139 0.0000000000 91.4662894861 112.9874280844
Daan 0.0000000000 112.9874280844 239.4121059756 137.7317281057
Daniël 239.4121059756 112.9874280844 118.1589634500 137.7317281057
David 357.5710694256 112.9874280844 73.6801392381 137.7317281057
Dylan 431.2512086637 112.9874280844 95.5327789596 137.7317281057
Eline 526.7839876233 112.9874280844 76.3875459292 137.7317281057
Emma 603.1715335525 112.9874280844 135.5637207503 137.7317281057
Eva 738.7352543028 112.9874280844 132.6629278670 137.7317281057
Femke 871.3981821698 112.9874280844 128.6018178302 137.7317281057
Fleur 0.0000000000 250.7191561901 188.5689543191 123.0289793309
Floris 188.5689543191 250.7191561901 76.4234682832 123.0289793309
Gijs 264.9924226023 250.7191561901 96.1247023165 123.0289793309
Ilse 361.1171249188 250.7191561901 109.9805152630 123.0289793309
Iris 471.0976401819 250.7191561901 175.5791296817 123.0289793309
Jan 646.6767698636 250.7191561901 120.8053691275 123.0289793309
Jasper 767.4821389911 250.7191561901 125.7848019052 123.0289793309
Jelle 893.2669408963 250.7191561901 106.7330591037 123.0289793309
Jesse 0.0000000000 373.7481355210 165.9388646288 121.9901981675
Johanna 165.9388646288 373.7481355210 82.7510917031 121.9901981675
Johannes 248.6899563319 373.7481355210 106.3318777293 121.9901981675
Joris 355.0218340611 373.7481355210 68.1222707424 121.9901981675
Julia 423.1441048035 373.7481355210 171.8340611354 121.9901981675
Koen 594.9781659389 373.7481355210 106.5502183406 121.9901981675
Lars 701.5283842795 373.7481355210 209.3886462882 121.9901981675
Lieke 910.9170305677 373.7481355210 89.0829694323 121.9901981675
Lisa 0.0000000000 495.7383336885 188.0521665966 126.6247602813
Lotte 188.0521665966 495.7383336885 152.7135044173 126.6247602813
Lucas 340.7656710139 495.7383336885 155.2376945730 126.6247602813
Luuk 496.0033655869 495.7383336885 126.4198569626 126.6247602813
Maria 622.4232225494 495.7383336885 92.3432898612 126.6247602813
Maud 714.7665124106 495.7383336885 98.0227177114 126.6247602813
Max 812.7892301220 495.7383336885 187.2107698780 126.6247602813
Merel 0.0000000000 622.3630939697 114.6835443038 105.2098870658
Mohamed 114.6835443038 622.3630939697 76.4556962025 105.2098870658
Naomi 191.1392405063 622.3630939697 153.4177215190 105.2098870658
Nick 344.5569620253 622.3630939697 170.8860759494 105.2098870658
Niels 515.4430379747 622.3630939697 188.3544303797 105.2098870658
Nikki 703.7974683544 622.3630939697 72.9113924051 105.2098870658
Nina 776.7088607595 622.3630939697 121.7721518987 105.2098870658
Pieter 898.4810126582 622.3630939697 101.5189873418 105.2098870658
Robin 0.0000000000 727.5729810356 159.4368340944 139.9957383337
Roos 159.4368340944 727.5729810356 84.6651445967 139.9957383337
Ruben 244.1019786910 727.5729810356 129.3759512938 139.9957383337
Sanne 373.4779299848 727.5729810356 204.3378995434 139.9957383337
Sarah 577.8158295282 727.5729810356 79.3378995434 139.9957383337
Sophie 657.1537290715 727.5729810356 106.3546423135 139.9957383337
Stijn 763.5083713851 727.5729810356 129.7564687976 139.9957383337
Sven 893.2648401826 727.5729810356 106.7351598174 139.9957383337
Tessa 0.0000000000 867.5687193693 113.2341110217 132.4312806307
Thijs 113.2341110217 867.5687193693 140.1850362027 132.4312806307
Thomas 253.4191472245 867.5687193693 249.5977473854 132.4312806307
Tim 503.0168946098 867.5687193693 211.3837489944 132.4312806307
Tom 714.4006436042 867.5687193693 138.9782783588 132.4312806307
Vera 853.3789219630 867.5687193693 68.3829444891 132.4312806307
Willem 921.7618664521 867.5687193693 78.2381335479 132.4312806307

Amber 0.0000000000 0.0000000000 169.9867197875 116.9799596085
Anne 169.9867197875 0.0000000000 210.0486941124 116.9799596085
Anouk 380.0354139000 0.0000000000 144.9756529438 116.9799596085
Bas 525.0110668437 0.0000000000 137.0075254537 116.9799596085
Bram 662.0185922975 0.0000000000 170.6507304117 116.9799596085
Charlotte 832.6693227092 0.0000000000 90.5267817618 116.9799596085
Cornelis 923.1961044710 0.0000000000 76.8038955290 116.9799596085
Daan 0.0000000000 116.9799596085 212.1329211747 134.0168815701
Daniël 212.1329211747 116.9799596085 116.8856259660 134.0168815701
David 329.0185471406 116.9799596085 77.2797527048 134.0168815701
Dylan 406.2982998454 116.9799596085 104.5208655332 134.0168815701
Eline 510.8191653787 116.9799596085 71.2905718702 134.0168815701
Emma 582.1097372488 116.9799596085 134.4667697063 134.0168815701
Eva 716.5765069552 116.9799596085 138.5239567233 134.0168815701
Femke 855.1004636785 116.9799596085 144.8995363215 134.0168815701
Fleur 0.0000000000 250.9968411786 206.8166009738 111.6721039822
Floris 206.8166009738 250.9968411786 70.4845814978 111.6721039822
Gijs 277.3011824716 250.9968411786 118.0153025736 111.6721039822
Ilse 395.3164850452 250.9968411786 132.8541618363 111.6721039822
Iris 528.1706468815 250.9968411786 196.3830280547 111.6721039822
Jan 724.5536749362 250.9968411786 147.9248782750 111.6721039822
Jasper 872.4785532112 250.9968411786 127.5214467888 111.6721039822
Jelle 0.0000000000 362.6689451608 107.6194575979 120.2941328776
Jesse 107.6194575979 362.6689451608 139.9052948773 120.2941328776
Johanna 247.5247524752 362.6689451608 82.6517434352 120.2941328776
Johannes 330.1764959105 362.6689451608 125.4842875592 120.2941328776
Joris 455.6607834697 362.6689451608 63.9259578132 120.2941328776
Julia 519.5867412828 362.6689451608 167.2406371072 120.2941328776
Koen 686.8273783900 362.6689451608 108.2651743435 120.2941328776
Lars 795.0925527335 362.6689451608 204.9074472665 120.2941328776
Lieke 0.0000000000 482.9630780384 83.5584716326 134.1722334421
Lisa 83.5584716326 482.9630780384 178.1165573138 134.1722334421
Lotte 261.6750289464 482.9630780384 134.6970281745 134.1722334421
Lucas 396.3720571208 482.9630780384 118.8730219992 134.1722334421
Luuk 515.2450791200 482.9630780384 112.1188730220 134.1722334421
Maria 627.3639521420 482.9630780384 96.4878425318 134.1722334421
Maud 723.8517946739 482.9630780384 78.1551524508 134.1722334421
Max 802.0069471247 482.9630780384 197.9930528753 134.1722334421
Merel 0.0000000000 617.1353114805 120.2276499881 109.1864740303
Mohamed 120.2276499881 617.1353114805 80.3889020631 109.1864740303
Naomi 200.6165520512 617.1353114805 150.8181171449 109.1864740303
Nick 351.4346691961 617.1353114805 175.4801991937 109.1864740303
Niels 526.9148683899 617.1353114805 185.4398861750 109.1864740303
Nikki 712.3547545649 617.1353114805 77.0690064027 109.1864740303
Nina 789.4237609675 617.1353114805 120.7019207968 109.1864740303
Pieter 910.1256817643 617.1353114805 89.8743182357 109.1864740303
Robin 0.0000000000 726.3217855108 214.2561127228 124.9546890373
Roos 214.2561127228 726.3217855108 79.5690012433 124.9546890373
Ruben 293.8251139660 726.3217855108 143.5971819312 124.9546890373
Sanne 437.4222958972 726.3217855108 221.7157065893 124.9546890373
Sarah 659.1380024865 726.3217855108 68.1723995027 124.9546890373
Sophie 727.3104019892 726.3217855108 123.9121425611 124.9546890373
Stijn 851.2225445504 726.3217855108 148.7774554496 124.9546890373
Sven 0.0000000000 851.2764745482 103.2793064455 137.3828387965
Tessa 103.2793064455 851.2764745482 117.2257821334 137.3828387965
Thijs 220.5050885790 851.2764745482 121.3720316623 137.3828387965
Thomas 341.8771202412 851.2764745482 240.4824726724 137.3828387965
Tim 582.3595929137 851.2764745482 200.3392385978 137.3828387965
Tom 782.6988315115 851.2764745482 144.5533358462 137.3828387965
Vera 927.2521673577 851.2764745482 72.7478326423 137.3828387965
Willem 0.0000000000 988.6593133447 1000.0000000000 11.3406866553

Amber 0.0000000000 0.0000000000 175.6811712078 124.3394938437
Anne 175.6811712078 0.0000000000 196.8279788532 124.3394938437
Anouk 372.5091500610 0.0000000000 176.9011793412 124.3394938437
Bas 549.4103294022 0.0000000000 133.1842212281 124.3394938437
Bram 682.5945506303 0.0000000000 155.3477023180 124.3394938437
Charlotte 837.9422529484 0.0000000000 84.1805612037 124.3394938437
Cornelis 922.1228141521 0.0000000000 77.8771858479 124.3394938437
Daan 0.0000000000 124.3394938437 189.8709801656 131.2921902258
Daniël 189.8709801656 124.3394938437 111.1111111111 131.2921902258
David 300.9820912767 124.3394938437 86.6551126516 131.2921902258
Dylan 387.6372039284 124.3394938437 106.6820720200 131.2921902258
Eline 494.3192759484 124.3394938437 88.7733487387 131.2921902258
Emma 583.0926246871 124.3394938437 145.3880223378 131.2921902258
Eva 728.4806470248 124.3394938437 137.6853456576 131.2921902258
Femke 866.1659926825 124.3394938437 133.8340073175 131.2921902258
Fleur 0.0000000000 255.6316840695 229.4236375869 112.7348115187
Floris 229.4236375869 255.6316840695 68.6252522987 112.7348115187
Gijs 298.0488898856 255.6316840695 97.5555057188 112.7348115187
Ilse 395.6043956044 255.6316840695 137.0262390671 112.7348115187
Iris 532.6306346715 255.6316840695 200.7176496972 112.7348115187
Jan 733.3482843687 255.6316840695 148.0152500561 112.7348115187
Jasper 881.3635344248 255.6316840695 118.6364655752 112.7348115187
Jelle 0.0000000000 368.3664955882 145.1491601905 100.8520213385
Jesse 145.1491601905 368.3664955882 181.2484331913 100.8520213385
Johanna 326.3975933818 368.3664955882 116.8212584608 100.8520213385
Johannes 443.2188518426 368.3664955882 161.9453497117 100.8520213385
Joris 605.1642015543 368.3664955882 69.1902732514 100.8520213385
Julia 674.3544748057 368.3664955882 192.2787666082 100.8520213385
Koen 866.6332414139 368.3664955882 133.3667585861 100.8520213385
Lars 0.0000000000 469.2185169267 174.5019920319 126.9183121381
Lieke 174.5019920319 469.2185169267 69.5219123506 126.9183121381
Lisa 244.0239043825 469.2185169267 204.7808764940 126.9183121381
Lotte 448.8047808765 469.2185169267 150.3984063745 126.9183121381
Lucas 599.2031872510 469.2185169267 97.4103585657 126.9183121381
Luuk 696.6135458167 469.2185169267 122.1115537849 126.9183121381
Maria 818.7250996016 469.2185169267 103.5856573705 126.9183121381
Maud 922.3107569721 469.2185169267 77.6892430279 126.9183121381
Max 0.0000000000 596.1368290648 246.8003412969 118.5245114151
Merel 246.8003412969 596.1368290648 117.9607508532 118.5245114151
Mohamed 364.7610921502 596.1368290648 74.8720136519 118.5245114151
Naomi 439.6331058020 596.1368290648 135.0255972696 118.5245114151
Nick 574.6587030717 596.1368290648 172.5682593857 118.5245114151
Niels 747.2269624573 596.1368290648 187.5000000000 118.5245114151
Nikki 934.7269624573 596.1368290648 65.2730375427 118.5245114151
Nina 0.0000000000 714.6613404799 110.7531212243 125.5530553940
Pieter 110.7531212243 714.6613404799 90.2134514700 125.5530553940
Robin 200.9665726943 714.6613404799 201.9734192509 125.5530553940
Roos 402.9399919452 714.6613404799 64.8409182441 125.5530553940
Ruben 467.7809101893 714.6613404799 131.2927909787 125.5530553940
Sanne 599.0737011679 714.6613404799 220.0966572694 125.5530553940
Sarah 819.1703584374 714.6613404799 72.2915827628 125.5530553940
Sophie 891.4619412002 714.6613404799 108.5380587998 125.5530553940
Stijn 0.0000000000 840.2143958739 119.0085657007 138.7252547215
Sven 119.0085657007 840.2143958739 95.6806998360 138.7252547215
Tessa 214.6892655367 840.2143958739 102.6061600146 138.7252547215
Thijs 317.2954255513 840.2143958739 115.3635866594 138.7252547215
Thomas 432.6590122107 840.2143958739 217.7874977219 138.7252547215
Tim 650.4465099326 840.2143958739 202.2963367961 138.7252547215
Tom 852.7428467286 840.2143958739 147.2571532714 138.7252547215
Vera 0.0000000000 978.9396505954 428.5714285714 21.0603494046
Willem 428.5714285714 978.9396505954 571.4285714286 21.0603494046

Amber 0.0000000000 0.0000000000 161.6388096209 126.6325951164
Anne 161.6388096209 0.0000000000 198.9400733795 126.6325951164
Anouk 360.5788830004 0.0000000000 194.6596004892 126.6325951164
Bas 555.2384834896 0.0000000000 125.9682022014 126.6325951164
Bram 681.2066856910 0.0000000000 148.1858948227 126.6325951164
Charlotte 829.3925805137 0.0000000000 86.6286180188 126.6325951164
Cornelis 916.0211985324 0.0000000000 83.9788014676 126.6325951164
Daan 0.0000000000 126.6325951164 184.9757673667 127.8199370193
Daniël 184.9757673667 126.6325951164 117.7302100162 127.8199370193
David 302.7059773829 126.6325951164 87.2374798061 127.8199370193
Dylan 389.9434571890 126.6325951164 106.0177705977 127.8199370193
Eline 495.9612277868 126.6325951164 84.6122778675 127.8199370193
Emma 580.5735056543 126.6325951164 157.5121163166 127.8199370193
Eva 738.0856219709 126.6325951164 132.4717285945 127.8199370193
Femke 870.5573505654 126.6325951164 129.4426494346 127.8199370193
Fleur 0.0000000000 254.4525321357 140.2298850575 123.5093696763
Floris 140.2298850575 254.4525321357 64.7857889237 123.5093696763
Gijs 205.0156739812 254.4525321357 92.9989550679 123.5093696763
Ilse 298.0146290491 254.4525321357 121.8390804598 123.5093696763
Iris 419.8537095089 254.4525321357 182.0271682341 123.5093696763
Jan 601.8808777429 254.4525321357 150.8881922675 123.5093696763
Jasper 752.7690700104 254.4525321357 118.7042842215 123.5093696763
Jelle 871.4733542320 254.4525321357 128.5266457680 123.5093696763
Jesse 0.0000000000 377.9619018120 174.7958508056 116.9531774302
Johanna 174.7958508056 377.9619018120 96.6674023394 116.9531774302
Johannes 271.4632531450 377.9619018120 146.3253145001 116.9531774302
Joris 417.7885676451 377.9619018120 60.6930037519 116.9531774302
Julia 478.4815713970 377.9619018120 201.7214742882 116.9531774302
Koen 680.2030456853 377.9619018120 125.1379386449 116.9531774302
Lars 805.3409843302 377.9619018120 194.6590156698 116.9531774302
Lieke 0.0000000000 494.9150792422 64.6056282204 130.2462443859
Lisa 64.6056282204 494.9150792422 205.3111375347 130.2462443859
Lotte 269.9167657551 494.9150792422 139.9128022196 130.2462443859
Lucas 409.8295679746 494.9150792422 82.6397146254 130.2462443859
Luuk 492.4692826001 494.9150792422 117.3206500198 130.2462443859
Maria 609.7899326199 494.9150792422 105.8263971463 130.2462443859
Maud 715.6163297662 494.9150792422 71.3436385256 130.2462443859
Max 786.9599682917 494.9150792422 213.0400317083 130.2462443859
Merel 0.0000000000 625.1613236281 114.0954495006 116.2820711373
Mohamed 114.0954495006 625.1613236281 65.2608213097 116.2820711373
Naomi 179.3562708102 625.1613236281 140.0665926748 116.2820711373
Nick 319.4228634850 625.1613236281 209.9889012209 116.2820711373
Niels 529.4117647059 625.1613236281 185.3496115427 116.2820711373
Nikki 714.7613762486 625.1613236281 67.4805771365 116.2820711373
Nina 782.2419533851 625.1613236281 128.9678135405 116.2820711373
Pieter 911.2097669256 625.1613236281 88.7902330744 116.2820711373
Robin 0.0000000000 741.4433947654 235.3201861290 116.4885653812
Roos 235.3201861290 741.4433947654 63.8156436960 116.4885653812
Ruben 299.1358298250 741.4433947654 152.2269000665 116.4885653812
Sanne 451.3627298914 741.4433947654 247.7287835143 116.4885653812
Sarah 699.0915134057 741.4433947654 58.7192554842 116.4885653812
Sophie 757.8107688899 741.4433947654 123.4212275648 116.4885653812
Stijn 881.2319964547 741.4433947654 118.7680035453 116.4885653812
Sven 0.0000000000 857.9319601466 102.6252983294 129.7816323370
Tessa 102.6252983294 857.9319601466 93.4765314240 129.7816323370
Thijs 196.1018297534 857.9319601466 119.1328560064 129.7816323370
Thomas 315.2346857597 857.9319601466 226.3325377884 129.7816323370
Tim 541.5672235481 857.9319601466 231.5035799523 129.7816323370
Tom 773.0708035004 857.9319601466 159.5067621321 129.7816323370
Vera 932.5775656325 857.9319601466 67.4224343675 129.7816323370
Willem 0.0000000000 987.7135924836 1000.0000000000 12.2864075164

Amber 0.0000000000 0.0000000000 150.6992277186 128.6899997314
Anne 150.6992277186 0.0000000000 190.9830932999 128.6899997314
Anouk 341.6823210186 0.0000000000 200.3757044458 128.6899997314
Bas 542.0580254644 0.0000000000 130.0354831977 128.6899997314
Bram 672.0935086621 0.0000000000 154.6649968691 128.6899997314
Charlotte 826.7585055312 0.0000000000 84.7422250052 128.6899997314
Cornelis 911.5007305364 0.0000000000 88.4992694636 128.6899997314
Daan 0.0000000000 128.6899997314 189.7339983375 129.2540761235
Daniël 189.7339983375 128.6899997314 121.1554447215 129.2540761235
David 310.8894430590 128.6899997314 84.1645885287 129.2540761235
Dylan 395.0540315877 128.6899997314 102.2443890274 129.2540761235
Eline 497.2984206151 128.6899997314 103.0756442228 129.2540761235
Emma 600.3740648379 128.6899997314 137.9883624273 129.2540761235
Eva 738.3624272652 128.6899997314 140.2743142145 129.2540761235
Femke 878.6367414796 128.6899997314 121.3632585204 129.2540761235
Fleur 0.0000000000 257.9440758548 89.7900072411 111.2842139193
Floris 89.7900072411 257.9440758548 74.1008930727 111.2842139193
Gijs 163.8909003138 257.9440758548 96.7897658701 111.2842139193
Ilse 260.6806661839 257.9440758548 82.5488776249 111.2842139193
Iris 343.2295438088 257.9440758548 211.1996138064 111.2842139193
Jan 554.4291576153 257.9440758548 159.7875935313 111.2842139193
Jasper 714.2167511465 257.9440758548 140.7192855419 111.2842139193
Jelle 854.9360366884 257.9440758548 145.0639633116 111.2842139193
Jesse 0.0000000000 369.2282897741 157.1691176471 116.8981170593
Johanna 157.1691176471 369.2282897741 114.4301470588 116.8981170593
Johannes 271.5992647059 369.2282897741 154.1819852941 116.8981170593
Joris 425.7812500000 369.2282897741 73.5294117647 116.8981170593
Julia 499.3106617647 369.2282897741 171.1856617647 116.8981170593
Koen 670.4963235294 369.2282897741 141.3143382353 116.8981170593
Lars 811.8106617647 369.2282897741 188.1893382353 116.8981170593
Lieke 0.0000000000 486.1264068334 57.5172107484 120.9540949260
Lisa 57.5172107484 486.1264068334 216.0781701088 120.9540949260
Lotte 273.5953808572 486.1264068334 159.8934043971 120.9540949260
Lucas 433.4887852543 486.1264068334 77.7259604708 120.9540949260
Luuk 511.2147457251 486.1264068334 109.0384188319 120.9540949260
Maria 620.2531645570 486.1264068334 120.8083499889 120.9540949260
Maud 741.0615145459 486.1264068334 69.7312902509 120.9540949260
Max 810.7928047968 486.1264068334 189.2071952032 120.9540949260
Merel 0.0000000000 607.0805017594 112.2982496022 118.1605737463
Mohamed 112.2982496022 607.0805017594 65.0147760855 118.1605737463
Naomi 177.3130256877 607.0805017594 135.9399863605 118.1605737463
Nick 313.2530120482 607.0805017594 198.9088429188 118.1605737463
Niels 512.1618549670 607.0805017594 197.3175721755 118.1605737463
Nikki 709.4794271425 607.0805017594 68.1973175722 118.1605737463
Nina 777.6767447147 607.0805017594 125.0284155490 118.1605737463
Pieter 902.7051602637 607.0805017594 97.2948397363 118.1605737463
Robin 0.0000000000 725.2410755057 235.6535020729 123.1029573719
Roos 235.6535020729 725.2410755057 53.8948287148 123.1029573719
Ruben 289.5483307877 725.2410755057 154.2657647829 123.1029573719
Sanne 443.8140955706 725.2410755057 257.6914684704 123.1029573719
Sarah 701.5055640410 725.2410755057 62.4045385119 123.1029573719
Sophie 763.9101025529 725.2410755057 117.6085533493 123.1029573719
Stijn 881.5186559022 725.2410755057 118.4813440978 123.1029573719
Sven 0.0000000000 848.3440328776 95.0349107836 138.4941846410
Tessa 95.0349107836 848.3440328776 103.3747090768 138.4941846410
Thijs 198.4096198604 848.3440328776 105.3141970520 138.4941846410
Thomas 303.7238169123 848.3440328776 246.3149728472 138.4941846410
Tim 550.0387897595 848.3440328776 217.4166020171 138.4941846410
Tom 767.4553917766 848.3440328776 162.3351435221 138.4941846410
Vera 929.7905352987 848.3440328776 70.2094647013 138.4941846410
Willem 0.0000000000 986.8382175186 1000.0000000000 13.1617824814

Amber 0.0000000000 0.0000000000 154.9100968188 127.2103457377
Anne 154.9100968188 0.0000000000 213.6929460581 127.2103457377
Anouk 368.6030428769 0.0000000000 141.3093591517 127.2103457377
Bas 509.9124020286 0.0000000000 148.9165514062 127.2103457377
Bram 658.8289534348 0.0000000000 142.4619640387 127.2103457377
Charlotte 801.2909174735 0.0000000000 101.1987090825 127.2103457377
Cornelis 902.4896265560 0.0000000000 97.5103734440 127.2103457377
Daan 0.0000000000 127.2103457377 154.5905121548 124.2485557608
Daniël 154.5905121548 127.2103457377 149.1621430257 124.2485557608
David 303.7526551806 127.2103457377 109.2754307293 124.2485557608
Dylan 413.0280859098 127.2103457377 104.5551097475 124.2485557608
Eline 517.5831956573 127.2103457377 117.5359924475 124.2485557608
Emma 635.1191881048 127.2103457377 110.4555109747 124.2485557608
Eva 745.5746990795 127.2103457377 131.4609393439 124.2485557608
Femke 877.0356384234 127.2103457377 122.9643615766 124.2485557608
Fleur 0.0000000000 251.4589014985 85.6859831600 118.4129497669
Floris 85.6859831600 251.4589014985 72.0653789004 118.4129497669
Gijs 157.7513620604 251.4589014985 87.1718672610 118.4129497669
Ilse 244.9232293214 251.4589014985 76.5230312036 118.4129497669
Iris 321.4462605250 251.4589014985 211.4908370480 118.4129497669
Jan 532.9370975731 251.4589014985 184.2496285290 118.4129497669
Jasper 717.1867261020 251.4589014985 132.2436849926 118.4129497669
Jelle 849.4304110946 251.4589014985 150.5695889054 118.4129497669
Jesse 0.0000000000 369.8718512654 169.3827160494 118.7648456057
Johanna 169.3827160494 369.8718512654 118.7654320988 118.7648456057
Johannes 288.1481481481 369.8718512654 170.3703703704 118.7648456057
Joris 458.5185185185 369.8718512654 71.3580246914 118.7648456057
Julia 529.8765432099 369.8718512654 139.7530864198 118.7648456057
Koen 669.6296296296 369.8718512654 143.4567901235 118.7648456057
Lars 813.0864197531 369.8718512654 186.9135802469 118.7648456057
Lieke 0.0000000000 488.6366968711 66.7144906743 122.6356998328
Lisa 66.7144906743 488.6366968711 230.0334768054 122.6356998328
Lotte 296.7479674797 488.6366968711 149.2109038737 122.6356998328
Lucas 445.9588713534 488.6366968711 74.1272118604 122.6356998328
Luuk 520.0860832138 488.6366968711 112.6255380201 122.6356998328
Maria 632.7116212339 488.6366968711 128.4074605452 122.6356998328
Maud 761.1190817791 488.6366968711 59.0626494500 122.6356998328
Max 820.1817312291 488.6366968711 179.8182687709 122.6356998328
Merel 0.0000000000 611.2723967039 107.7519379845 113.4864080232
Mohamed 107.7519379845 611.2723967039 75.1937984496 113.4864080232
Naomi 182.9457364341 611.2723967039 151.1627906977 113.4864080232
Nick 334.1085271318 611.2723967039 203.1007751938 113.4864080232
Niels 537.2093023256 611.2723967039 197.9328165375 113.4864080232
Nikki 735.1421188630 611.2723967039 61.2403100775 113.4864080232
Nina 796.3824289406 611.2723967039 92.7648578811 113.4864080232
Pieter 889.1472868217 611.2723967039 110.8527131783 113.4864080232
Robin 0.0000000000 724.7588047271 266.0062817106 121.3747397437
Roos 266.0062817106 724.7588047271 50.0120802126 121.3747397437
Ruben 316.0183619232 724.7588047271 153.6603044214 121.3747397437
Sanne 469.6786663445 724.7588047271 241.6042522348 121.3747397437
Sarah 711.2829185794 724.7588047271 79.4877989853 121.3747397437
Sophie 790.7707175646 724.7588047271 100.9905774342 121.3747397437
Stijn 891.7612949988 724.7588047271 108.2387050012 121.3747397437
Sven 0.0000000000 846.1335444708 91.1003576688 139.3800768306
Tessa 91.1003576688 846.1335444708 109.4045865769 139.3800768306
Thijs 200.5049442457 846.1335444708 98.0433410478 139.3800768306
Thomas 298.5482852935 846.1335444708 238.7965495477 139.3800768306
Tim 537.3448348412 846.1335444708 223.2274353040 139.3800768306
Tom 760.5722701452 846.1335444708 160.9509783295 139.3800768306
Vera 921.5232484746 846.1335444708 78.4767515254 139.3800768306
Willem 0.0000000000 985.5136213014 1000.0000000000 14.4863786986

Amber 0.0000000000 0.0000000000 120.5457137039 149.5159227912
Anne 120.5457137039 0.0000000000 194.0541641214 149.5159227912
Anouk 314.5998778253 0.0000000000 122.5819588678 149.5159227912
Bas 437.1818366931 0.0000000000 128.4870698432 149.5159227912
Bram 565.6689065363 0.0000000000 112.4007330483 149.5159227912
Charlotte 678.0696395846 0.0000000000 95.2962736714 149.5159227912
Cornelis 773.3659132560 0.0000000000 91.2237833435 149.5159227912
Daan 864.5896965995 0.0000000000 135.4103034005 149.5159227912
Daniël 0.0000000000 149.5159227912 155.6986838421 108.7194787798
David 155.6986838421 149.5159227912 129.0954914590 108.7194787798
Dylan 284.7941753010 149.5159227912 102.4922990759 108.7194787798
Eline 387.2864743769 149.5159227912 130.4956594791 108.7194787798
Emma 517.7821338561 149.5159227912 120.9745169420 108.7194787798
Eva 638.7566507981 149.5159227912 158.7790534864 108.7194787798
Femke 797.5357042845 149.5159227912 123.7748529824 108.7194787798
Fleur 921.3105572669 149.5159227912 78.6894427331 108.7194787798
Floris 0.0000000000 258.2354015710 71.3575335654 122.4502222493
Gijs 71.3575335654 258.2354015710 73.8438587767 122.4502222493
Ilse 145.2013923421 258.2354015710 72.3520636499 122.4502222493
Iris 217.5534559920 258.2354015710 202.6355047240 122.4502222493
Jan 420.1889607161 258.2354015710 169.8160119344 122.4502222493
Jasper 590.0049726504 258.2354015710 133.2670313277 122.4502222493
Jelle 723.2720039781 258.2354015710 128.0457483839 122.4502222493
Jesse 851.3177523620 258.2354015710 148.6822476380 122.4502222493
Johanna 0.0000000000 380.6856238203 144.7802197802 110.8201911953
Johannes 144.7802197802 380.6856238203 222.2527472527 110.8201911953
Joris 367.0329670330 380.6856238203 89.2857142857 110.8201911953
Julia 456.3186813187 380.6856238203 110.9890109890 110.8201911953
Koen 567.3076923077 380.6856238203 153.5714285714 110.8201911953
Lars 720.8791208791 380.6856238203 205.4945054945 110.8201911953
Lieke 926.3736263736 380.6856238203 73.6263736264 110.8201911953
Lisa 0.0000000000 491.5058150155 255.0335570470 117.9443463435
Lotte 255.0335570470 491.5058150155 153.8461538462 117.9443463435
Lucas 408.8797108931 491.5058150155 79.7625193598 117.9443463435
Luuk 488.6422302530 491.5058150155 101.1874032008 117.9443463435
Maria 589.8296334538 491.5058150155 171.9153329892 117.9443463435
Maud 761.7449664430 491.5058150155 64.0165203924 117.9443463435
Max 825.7614868353 491.5058150155 174.2385131647 117.9443463435
Merel 0.0000000000 609.4501613591 97.4149659864 111.8857699568
Mohamed 97.4149659864 609.4501613591 80.0000000000 111.8857699568
Naomi 177.4149659864 609.4501613591 161.9047619048 111.8857699568
Nick 339.3197278912 609.4501613591 195.1020408163 111.8857699568
Niels 534.4217687075 609.4501613591 198.6394557823 111.8857699568
Nikki 733.0612244898 609.4501613591 52.5170068027 111.8857699568
Nina 785.5782312925 609.4501613591 96.8707482993 111.8857699568
Pieter 882.4489795918 609.4501613591 117.5510204082 111.8857699568
Robin 0.0000000000 721.3359313158 276.5793528505 118.5532484930
Roos 276.5793528505 721.3359313158 58.2948125321 118.5532484930
Ruben 334.8741653826 721.3359313158 148.4334874165 118.5532484930
Sanne 483.3076527992 721.3359313158 246.2763225475 118.5532484930
Sarah 729.5839753467 721.3359313158 77.0416024653 118.5532484930
Sophie 806.6255778120 721.3359313158 92.1931176168 118.5532484930
Stijn 898.8186954289 721.3359313158 101.1813045711 118.5532484930
Sven 0.0000000000 839.8891798088 74.9206349206 143.8531328016
Tessa 74.9206349206 839.8891798088 116.8253968254 143.8531328016
Thijs 191.7460317460 839.8891798088 103.4920634921 143.8531328016
Thomas 295.2380952381 839.8891798088 238.3068783069 143.8531328016
Tim 533.5449735450 839.8891798088 238.7301587302 143.8531328016
Tom 772.2751322751 839.8891798088 153.0158730159 143.8531328016
Vera 925.2910052910 839.8891798088 74.7089947090 143.8531328016
Willem 0.0000000000 983.7423126104 1000.0000000000 16.2576873896

Amber 0.0000000000 0.0000000000 115.3681506849 143.9620374079
Anne 115.3681506849 0.0000000000 197.1318493151 143.9620374079
Anouk 312.5000000000 0.0000000000 127.3544520548 143.9620374079
Bas 439.8544520548 0.0000000000 126.9263698630 143.9620374079
Bram 566.7808219178 0.0000000000 113.2277397260 143.9620374079
Charlotte 680.0085616438 0.0000000000 105.0941780822 143.9620374079
Cornelis 785.1027397260 0.0000000000 105.9503424658 143.9620374079
Daan 891.0530821918 0.0000000000 108.9469178082 143.9620374079
Daniël 0.0000000000 143.9620374079 166.9020050833 109.1116383693
David 166.9020050833 143.9620374079 125.6707144874 109.1116383693
Dylan 292.5727195707 143.9620374079 114.9392826885 109.1116383693
Eline 407.5120022592 143.9620374079 142.6150804857 109.1116383693
Emma 550.1270827450 143.9620374079 107.8791301892 109.1116383693
Eva 658.0062129342 143.9620374079 157.5826037842 109.1116383693
Femke 815.5888167184 143.9620374079 99.6893532900 109.1116383693
Fleur 915.2781700085 143.9620374079 84.7218299915 109.1116383693
Floris 0.0000000000 253.0736757773 56.2043795620 126.6446861615
Gijs 56.2043795620 253.0736757773 62.0437956204 126.6446861615
Ilse 118.2481751825 253.0736757773 68.3698296837 126.6446861615
Iris 186.6180048662 253.0736757773 215.5717761557 126.6446861615
Jan 402.1897810219 253.0736757773 182.4817518248 126.6446861615
Jasper 584.6715328467 253.0736757773 140.8759124088 126.6446861615
Jelle 725.5474452555 253.0736757773 130.4136253041 126.6446861615
Jesse 855.9610705596 253.0736757773 144.0389294404 126.6446861615
Johanna 0.0000000000 379.7183619388 156.7034242600 106.1843281053
Johannes 156.7034242600 379.7183619388 231.5728380731 106.1843281053
Joris 388.2762623331 379.7183619388 95.4730121880 106.1843281053
Julia 483.7492745212 379.7183619388 105.0493325595 106.1843281053
Koen 588.7986070807 379.7183619388 157.2838073128 106.1843281053
Lars 746.0824143935 379.7183619388 181.3697040046 106.1843281053
Lieke 927.4521183981 379.7183619388 72.5478816019 106.1843281053
Lisa 0.0000000000 485.9026900441 243.0504305043 125.2580655101
Lotte 243.0504305043 485.9026900441 141.6974169742 125.2580655101
Lucas 384.7478474785 485.9026900441 55.8425584256 125.2580655101
Luuk 440.5904059041 485.9026900441 91.2669126691 125.2580655101
Maria 531.8573185732 485.9026900441 170.4797047970 125.2580655101
Maud 702.3370233702 485.9026900441 60.0246002460 125.2580655101
Max 762.3616236162 485.9026900441 158.4255842558 125.2580655101
Merel 920.7872078721 485.9026900441 79.2127921279 125.2580655101
Mohamed 0.0000000000 611.1607555542 69.9382897443 104.8593350384
Naomi 69.9382897443 611.1607555542 173.3764325595 104.8593350384
Nick 243.3147223038 611.1607555542 225.6832206876 104.8593350384
Niels 468.9979429915 611.1607555542 225.6832206876 104.8593350384
Nikki 694.6811636791 611.1607555542 66.7058477814 104.8593350384
Nina 761.3870114605 611.1607555542 107.2583014987 104.8593350384
Pieter 868.6453129592 611.1607555542 131.3546870408 104.8593350384
Robin 0.0000000000 716.0200905925 261.8547068442 131.9138446369
Roos 261.8547068442 716.0200905925 55.1273067040 131.9138446369
Ruben 316.9820135482 716.0200905925 156.5054893716 131.9138446369
Sanne 473.4875029199 716.0200905925 213.9686989021 131.9138446369
Sarah 687.4562018220 716.0200905925 61.2006540528 131.9138446369
Sophie 748.6568558748 716.0200905925 79.4206960990 131.9138446369
Stijn 828.0775519738 716.0200905925 82.2237794908 131.9138446369
Sven 910.3013314646 716.0200905925 89.6986685354 131.9138446369
Tessa 0.0000000000 847.9339352294 141.9724770642 134.3481342249
Thijs 141.9724770642 847.9339352294 98.8532110092 134.3481342249
Thomas 240.8256880734 847.9339352294 269.4954128440 134.3481342249
Tim 510.3211009174 847.9339352294 224.0825688073 134.3481342249
Tom 734.4036697248 847.9339352294 181.6513761468 134.3481342249
Vera 916.0550458716 847.9339352294 83.9449541284 134.3481342249
Willem 0.0000000000 982.2820694543 1000.0000000000 17.7179305457

Amber 0.0000000000 0.0000000000 105.9024078415 145.7951474106
Anne 105.9024078415 0.0000000000 191.9880673343 145.7951474106
Anouk 297.8904751758 0.0000000000 139.5695717025 145.7951474106
Bas 437.4600468783 0.0000000000 123.1621564032 145.7951474106
Bram 560.6222032815 0.0000000000 108.0332409972 145.7951474106
Charlotte 668.6554442787 0.0000000000 107.6070743661 145.7951474106
Cornelis 776.2625186448 0.0000000000 108.6724909440 145.7951474106
Daan 884.9350095887 0.0000000000 115.0649904113 145.7951474106
Daniël 0.0000000000 145.7951474106 167.9836113550 106.1542763056
David 167.9836113550 145.7951474106 110.6233538191 106.1542763056
Dylan 278.6069651741 145.7951474106 123.2074919520 106.1542763056
Eline 401.8144571261 145.7951474106 156.5700907229 106.1542763056
Emma 558.3845478490 145.7951474106 102.7216856892 106.1542763056
Eva 661.1062335382 145.7951474106 157.4480538484 106.1542763056
Femke 818.5542873866 145.7951474106 95.9906350600 106.1542763056
Fleur 914.5449224466 145.7951474106 85.4550775534 106.1542763056
Floris 0.0000000000 251.9494237162 62.7413127413 128.7396315512
Gijs 62.7413127413 251.9494237162 58.6389961390 128.7396315512
Ilse 121.3803088803 251.9494237162 77.7027027027 128.7396315512
Iris 199.0830115830 251.9494237162 248.5521235521 128.7396315512
Jan 447.6351351351 251.9494237162 177.6061776062 128.7396315512
Jasper 625.2413127413 251.9494237162 124.7586872587 128.7396315512
Jelle 750.0000000000 251.9494237162 113.6583011583 128.7396315512
Jesse 863.6583011583 251.9494237162 136.3416988417 128.7396315512
Johanna 0.0000000000 380.6890552673 181.3443072702 113.2374413620
Johannes 181.3443072702 380.6890552673 254.0466392318 113.2374413620
Joris 435.3909465021 380.6890552673 101.5089163237 113.2374413620
Julia 536.8998628258 380.6890552673 68.8614540466 113.2374413620
Koen 605.7613168724 380.6890552673 166.2551440329 113.2374413620
Lars 772.0164609053 380.6890552673 159.9451303155 113.2374413620
Lieke 931.9615912209 380.6890552673 68.0384087791 113.2374413620
Lisa 0.0000000000 493.9264966293 259.0000000000 124.2660536208
Lotte 259.0000000000 493.9264966293 122.2500000000 124.2660536208
Lucas 381.2500000000 493.9264966293 63.2500000000 124.2660536208
Luuk 444.5000000000 493.9264966293 89.5000000000 124.2660536208
Maria 534.0000000000 493.9264966293 193.2500000000 124.2660536208
Maud 727.2500000000 493.9264966293 50.2500000000 124.2660536208
Max 777.5000000000 493.9264966293 135.2500000000 124.2660536208
Merel 912.7500000000 493.9264966293 87.2500000000 124.2660536208
Mohamed 0.0000000000 618.1925502501 74.7778118296 101.3700332412
Naomi 74.7778118296 618.1925502501 161.8142813362 101.3700332412
Nick 236.5920931658 618.1925502501 245.7860864235 101.3700332412
Niels 482.3781795893 618.1925502501 222.8011032792 101.3700332412
Nikki 705.1792828685 618.1925502501 76.6166104812 101.3700332412
Nina 781.7958933497 618.1925502501 84.5847379712 101.3700332412
Pieter 866.3806313209 618.1925502501 133.6193686791 101.3700332412
Robin 0.0000000000 719.5625834913 282.8282828283 129.1745627388
Roos 282.8282828283 719.5625834913 62.7705627706 129.1745627388
Ruben 345.5988455988 719.5625834913 152.2366522367 129.1745627388
Sanne 497.8354978355 719.5625834913 202.9822029822 129.1745627388
Sarah 700.8177008177 719.5625834913 63.0110630111 129.1745627388
Sophie 763.8287638288 719.5625834913 76.7195767196 129.1745627388
Stijn 840.5483405483 719.5625834913 73.5930735931 129.1745627388
Sven 914.1414141414 719.5625834913 85.8585858586 129.1745627388
Tessa 0.0000000000 848.7371462301 128.2404221152 135.4189319333
Thijs 128.2404221152 848.7371462301 93.8288598302 135.4189319333
Thomas 222.0692819454 848.7371462301 273.2278045423 135.4189319333
Tim 495.2970864877 848.7371462301 240.6515255793 135.4189319333
Tom 735.9486120670 848.7371462301 189.4930029823 135.4189319333
Vera 925.4416150493 848.7371462301 74.5583849507 135.4189319333
Willem 0.0000000000 984.1560781633 1000.0000000000 15.8439218367

