new coffee 20
Africa/NorthernAfrica/DZA 0.0000000000 0.0000000000 61.1591345537 188.8545047800
Africa/NorthernAfrica/EGY 0.0000000000 188.8545047800 61.1591345537 20.3683534288
Africa/NorthernAfrica/MAR 0.0000000000 209.2228582088 61.1591345537 60.7368873023
Africa/NorthernAfrica/TUN 0.0000000000 269.9597455111 61.1591345537 22.8544616539
America/NorthernAmerica/CAN 61.1591345537 0.0000000000 930.4731928554 38.4907619907
America/NorthernAmerica/MEX 991.6323274091 0.0000000000 8.3676725909 38.4907619907
America/NorthernAmerica/USA 61.1591345537 38.4907619907 938.8408654463 242.6970202428
America/SouthernAmerica/ARG 61.1591345537 281.1877822335 730.9857625890 11.6258949087
America/SouthernAmerica/CHL 792.1448971427 281.1877822335 207.8551028573 11.6258949087
America/SouthernAmerica/COL 61.1591345537 292.8136771422 938.8408654463 0.0005300228
Asia/EasternAsia/CHN 0.0000000000 292.8142071649 14.1844634275 102.5585005510
Asia/EasternAsia/JPN 14.1844634275 292.8142071649 769.4376532893 102.5585005510
Asia/EasternAsia/KOR 783.6221167167 292.8142071649 120.8467318109 102.5585005510
Asia/SouthEasternAsia/IDN 904.4688485276 292.8142071649 0.9738145452 50.0907629291
Asia/SouthEasternAsia/MYS 905.4426630728 292.8142071649 51.2698969630 50.0907629291
Asia/SouthEasternAsia/PHL 904.4688485276 342.9049700941 52.2437115082 0.2650692310
Asia/SouthEasternAsia/SGP 904.4688485276 343.1700393251 52.2437115082 52.1226655538
Asia/SouthEasternAsia/THA 904.4688485276 395.2927048789 52.2437115082 0.0800028371
Asia/WesternAsia/IND 956.7125600358 292.8142071649 24.5306084593 3.6284679223
Asia/WesternAsia/TUR 956.7125600358 296.4426750873 24.5306084593 98.9300326287
AustraliaandNewZealand/NZL 981.2431684951 292.8142071649 18.7568315049 102.5585005510
Europe/EasternEurope/BGR 0.0000000000 395.3727077159 8.0658388918 48.0857412119
Europe/EasternEurope/CZE 8.0658388918 395.3727077159 134.6344093586 48.0857412119
Europe/EasternEurope/HUN 0.0000000000 443.4584489278 142.7002482504 39.0185152768
Europe/EasternEurope/POL 0.0000000000 482.4769642046 142.7002482504 134.8099962415
Europe/EasternEurope/ROU 0.0000000000 617.2869604461 28.9831490611 52.2423250401
Europe/EasternEurope/RUS 28.9831490611 617.2869604461 53.6525066056 52.2423250401
Europe/EasternEurope/SVK 82.6356556666 617.2869604461 60.0645925838 52.2423250401
Europe/EasternEurope/UKR 0.0000000000 669.5292854861 142.7002482504 2.5836040445
Europe/NorthernEurope/DNK 142.7002482504 395.3727077159 154.4188036452 84.6294546281
Europe/NorthernEurope/EST 297.1190518956 395.3727077159 20.0019825369 84.6294546281
Europe/NorthernEurope/FIN 317.1210344325 395.3727077159 189.7387420748 84.6294546281
Europe/NorthernEurope/GBR 142.7002482504 480.0021623440 364.1595282570 89.7070746262
Europe/NorthernEurope/IRL 142.7002482504 569.7092369702 31.5457411580 34.9887388464
Europe/NorthernEurope/LTU 174.2459894084 569.7092369702 46.4555564890 34.9887388464
Europe/NorthernEurope/LVA 220.7015458975 569.7092369702 21.2256198079 34.9887388464
Europe/NorthernEurope/NOR 241.9271657054 569.7092369702 264.9326108020 34.9887388464
Europe/NorthernEurope/SWE 142.7002482504 604.6979758166 364.1595282570 67.4149137140
Europe/SouthernEurope/ESP 506.8597765074 395.3727077159 384.1431534585 105.0686084375
Europe/SouthernEurope/GRC 891.0029299659 395.3727077159 66.4793639025 105.0686084375
Europe/SouthernEurope/HRV 957.4822938683 395.3727077159 42.5177061317 105.0686084375
Europe/SouthernEurope/ITA 506.8597765074 500.4413161534 430.5441109947 166.6409465723
Europe/SouthernEurope/PRT 937.4038875020 500.4413161534 62.5961124980 166.6409465723
Europe/SouthernEurope/SVN 506.8597765074 667.0822627258 493.1402234926 5.0306268049
Europe/WesternEurope/AUS 0.0000000000 672.1128895307 78.8678602814 200.5905484078
Europe/WesternEurope/CHE 78.8678602814 672.1128895307 80.0384450009 200.5905484078
Europe/WesternEurope/DEU 158.9063052823 672.1128895307 841.0936947177 200.5905484078
Europe/WesternEurope/FRA 0.0000000000 872.7034379385 645.5209759800 127.2965620615
Europe/WesternEurope/NLD 645.5209759800 872.7034379385 354.4790240200 127.2965620615

Africa/NorthernAfrica/DZA 0.0000000000 0.0000000000 41.7328248353 192.6228995377
Africa/NorthernAfrica/EGY 0.0000000000 192.6228995377 41.7328248353 20.7855047591
Africa/NorthernAfrica/MAR 0.0000000000 213.4084042968 41.7328248353 74.3565942724
Africa/NorthernAfrica/TUN 0.0000000000 287.7649985692 41.7328248353 33.6015593619
America/NorthernAmerica/CAN 41.7328248353 0.0000000000 912.6591193376 39.9976785576
America/NorthernAmerica/MEX 954.3919441729 0.0000000000 45.6080558271 39.9976785576
America/NorthernAmerica/USA 41.7328248353 39.9976785576 958.2671751647 271.8400799451
America/SouthernAmerica/ARG 41.7328248353 311.8377585027 759.8863618962 9.5287994285
America/SouthernAmerica/CHL 801.6191867316 311.8377585027 198.1164221721 9.5287994285
America/SouthernAmerica/COL 999.7356089037 311.8377585027 0.2643910963 9.5287994285
Asia/EasternAsia/CHN 0.0000000000 321.3665579312 2.1407047970 84.6070676569
Asia/EasternAsia/JPN 2.1407047970 321.3665579312 882.6690367423 84.6070676569
Asia/EasternAsia/KOR 0.0000000000 405.9736255881 884.8097415393 16.0321146913
Asia/SouthEasternAsia/IDN 884.8097415393 321.3665579312 23.0787450652 41.0965568339
Asia/SouthEasternAsia/MYS 907.8884866045 321.3665579312 52.9383518627 41.0965568339
Asia/SouthEasternAsia/PHL 884.8097415393 362.4631147650 7.9012070015 59.4347400909
Asia/SouthEasternAsia/SGP 892.7109485407 362.4631147650 68.1158899265 59.4347400909
Asia/SouthEasternAsia/THA 884.8097415393 421.8978548559 76.0170969279 0.1078854235
Asia/WesternAsia/IND 960.8268384672 321.3665579312 20.2625937458 10.9655281801
Asia/WesternAsia/TUR 960.8268384672 332.3320861112 20.2625937458 89.6736541682
AustraliaandNewZealand/NZL 981.0894322130 321.3665579312 18.9105677870 100.6391823483
Europe/EasternEurope/BGR 0.0000000000 422.0057402795 8.8419477197 44.8655973167
Europe/EasternEurope/CZE 8.8419477197 422.0057402795 119.6810915381 44.8655973167
Europe/EasternEurope/HUN 0.0000000000 466.8713375961 128.5230392577 34.2463494045
Europe/EasternEurope/POL 0.0000000000 501.1176870006 128.5230392577 133.6482956291
Europe/EasternEurope/ROU 0.0000000000 634.7659826296 28.2829995312 43.0658630974
Europe/EasternEurope/RUS 28.2829995312 634.7659826296 38.7944227828 43.0658630974
Europe/EasternEurope/SVK 67.0774223140 634.7659826296 61.4456169437 43.0658630974
Europe/EasternEurope/UKR 0.0000000000 677.8318457270 128.5230392577 2.8954863406
Europe/NorthernEurope/DNK 128.5230392577 422.0057402795 158.8126208083 79.3608026424
Europe/NorthernEurope/EST 287.3356600660 422.0057402795 23.2562446205 79.3608026424
Europe/NorthernEurope/FIN 310.5919046865 422.0057402795 226.8040065046 79.3608026424
Europe/NorthernEurope/GBR 128.5230392577 501.3665429219 408.8728719334 80.0308520370
Europe/NorthernEurope/IRL 128.5230392577 581.3973949588 34.5938602249 33.7727206743
Europe/NorthernEurope/LTU 163.1168994826 581.3973949588 51.7840495521 33.7727206743
Europe/NorthernEurope/LVA 214.9009490347 581.3973949588 29.5734995590 33.7727206743
Europe/NorthernEurope/NOR 244.4744485937 581.3973949588 292.9214625975 33.7727206743
Europe/NorthernEurope/SWE 128.5230392577 615.1701156332 408.8728719334 65.5572164344
Europe/SouthernEurope/ESP 537.3959111911 422.0057402795 359.8282993061 104.0047081149
Europe/SouthernEurope/GRC 897.2242104973 422.0057402795 59.0637551869 104.0047081149
Europe/SouthernEurope/HRV 956.2879656841 422.0057402795 43.7120343159 104.0047081149
Europe/SouthernEurope/ITA 537.3959111911 526.0104483944 405.5927062265 150.4318709944
Europe/SouthernEurope/PRT 942.9886174177 526.0104483944 57.0113825823 150.4318709944
Europe/SouthernEurope/SVN 537.3959111911 676.4423193887 462.6040888089 4.2850126789
Europe/WesternEurope/AUS 0.0000000000 680.7273320676 81.6214875870 205.8160680888
Europe/WesternEurope/CHE 81.6214875870 680.7273320676 62.1402090716 205.8160680888
Europe/WesternEurope/DEU 143.7616966586 680.7273320676 856.2383033414 205.8160680888
Europe/WesternEurope/FRA 0.0000000000 886.5434001564 667.1572914404 113.4565998436
Europe/WesternEurope/NLD 667.1572914404 886.5434001564 332.8427085596 113.4565998436

Africa/NorthernAfrica/DZA 0.0000000000 0.0000000000 56.1460033361 214.6042309529
Africa/NorthernAfrica/EGY 0.0000000000 214.6042309529 56.1460033361 15.7256699557
Africa/NorthernAfrica/MAR 0.0000000000 230.3299009086 56.1460033361 66.7653483646
Africa/NorthernAfrica/TUN 0.0000000000 297.0952492733 56.1460033361 23.7008684164
America/NorthernAmerica/CAN 56.1460033361 0.0000000000 914.6320696379 47.1564273327
America/NorthernAmerica/MEX 970.7780729740 0.0000000000 29.2219270260 47.1564273327
America/NorthernAmerica/USA 56.1460033361 47.1564273327 943.8539966639 264.7100059664
America/SouthernAmerica/ARG 56.1460033361 311.8664332991 752.1209538788 8.9296843905
America/SouthernAmerica/CHL 808.2669572149 311.8664332991 191.5442683507 8.9296843905
America/SouthernAmerica/COL 999.8112255656 311.8664332991 0.1887744344 8.9296843905
Asia/EasternAsia/CHN 0.0000000000 320.7961176896 9.4578328687 89.0020630766
Asia/EasternAsia/JPN 9.4578328687 320.7961176896 882.9149995746 89.0020630766
Asia/EasternAsia/KOR 0.0000000000 409.7981807663 892.3728324432 13.3172671951
Asia/SouthEasternAsia/IDN 892.3728324432 320.7961176896 9.5367852746 32.8011034115
Asia/SouthEasternAsia/MYS 901.9096177178 320.7961176896 54.9251790628 32.8011034115
Asia/SouthEasternAsia/PHL 892.3728324432 353.5972211011 64.4619643373 22.9035186409
Asia/SouthEasternAsia/SGP 892.3728324432 376.5007397420 64.4619643373 43.9430028133
Asia/SouthEasternAsia/THA 892.3728324432 420.4437425553 64.4619643373 2.6717054060
Asia/WesternAsia/IND 956.8347967806 320.7961176896 23.0592216858 11.1354434462
Asia/WesternAsia/TUR 956.8347967806 331.9315611358 23.0592216858 91.1838868256
AustraliaandNewZealand/NZL 979.8940184664 320.7961176896 20.1059815336 102.3193302717
Europe/EasternEurope/BGR 0.0000000000 423.1154479613 14.2474836233 42.8323282585
Europe/EasternEurope/CZE 14.2474836233 423.1154479613 118.7010257105 42.8323282585
Europe/EasternEurope/HUN 0.0000000000 465.9477762198 132.9485093338 39.6028350214
Europe/EasternEurope/POL 0.0000000000 505.5506112413 132.9485093338 131.1233947900
Europe/EasternEurope/ROU 0.0000000000 636.6740060312 56.2644929088 48.0008553211
Europe/EasternEurope/RUS 56.2644929088 636.6740060312 15.8730149960 48.0008553211
Europe/EasternEurope/SVK 72.1375079048 636.6740060312 60.8110014291 48.0008553211
Europe/EasternEurope/UKR 0.0000000000 684.6748613524 132.9485093338 6.1812758386
Europe/NorthernEurope/DNK 132.9485093338 423.1154479613 157.6629812532 81.8268169467
Europe/NorthernEurope/EST 290.6114905870 423.1154479613 22.8669244771 81.8268169467
Europe/NorthernEurope/FIN 313.4784150641 423.1154479613 212.6261952242 81.8268169467
Europe/NorthernEurope/GBR 132.9485093338 504.9422649080 393.1561009544 90.8741196705
Europe/NorthernEurope/IRL 132.9485093338 595.8163845785 30.1361534654 36.4539488329
Europe/NorthernEurope/LTU 163.0846627993 595.8163845785 68.8654343979 36.4539488329
Europe/NorthernEurope/LVA 231.9500971972 595.8163845785 35.1939621948 36.4539488329
Europe/NorthernEurope/NOR 267.1440593920 595.8163845785 258.9605508962 36.4539488329
Europe/NorthernEurope/SWE 132.9485093338 632.2703334114 393.1561009544 58.5858037796
Europe/SouthernEurope/ESP 526.1046102883 423.1154479613 382.7116728504 100.6786352462
Europe/SouthernEurope/GRC 908.8162831387 423.1154479613 49.0433320164 100.6786352462
Europe/SouthernEurope/HRV 957.8596151551 423.1154479613 42.1403848449 100.6786352462
Europe/SouthernEurope/ITA 526.1046102883 523.7940832076 417.1711491580 162.5446420838
Europe/SouthernEurope/PRT 943.2757594463 523.7940832076 56.7242405537 162.5446420838
Europe/SouthernEurope/SVN 526.1046102883 686.3387252913 473.8953897117 4.5174118996
Europe/WesternEurope/AUS 0.0000000000 690.8561371910 85.2200490741 206.3481506588
Europe/WesternEurope/CHE 85.2200490741 690.8561371910 78.9359965575 206.3481506588
Europe/WesternEurope/DEU 164.1560456315 690.8561371910 835.8439543685 206.3481506588
Europe/WesternEurope/FRA 0.0000000000 897.2042878498 734.8929458662 102.7957121502
Europe/WesternEurope/NLD 734.8929458662 897.2042878498 265.1070541338 102.7957121502

Africa/NorthernAfrica/DZA 0.0000000000 0.0000000000 61.1184953453 228.2168029777
Africa/NorthernAfrica/EGY 0.0000000000 228.2168029777 61.1184953453 18.5827781007
Africa/NorthernAfrica/MAR 0.0000000000 246.7995810785 61.1184953453 63.4965665770
Africa/NorthernAfrica/TUN 0.0000000000 310.2961476555 61.1184953453 23.3716479628
America/NorthernAmerica/CAN 61.1184953453 0.0000000000 909.9295685441 47.9963906675
America/NorthernAmerica/MEX 971.0480638893 0.0000000000 28.9519361107 47.9963906675
America/NorthernAmerica/USA 61.1184953453 47.9963906675 938.8815046547 278.0660969472
America/SouthernAmerica/ARG 61.1184953453 326.0624876147 736.0975572547 7.6053080036
America/SouthernAmerica/CHL 797.2160525999 326.0624876147 202.3925348251 7.6053080036
America/SouthernAmerica/COL 999.6085874250 326.0624876147 0.3914125750 7.6053080036
Asia/EasternAsia/CHN 0.0000000000 333.6677956183 8.4391271395 89.5200313109
Asia/EasternAsia/JPN 8.4391271395 333.6677956183 894.7767346045 89.5200313109
Asia/EasternAsia/KOR 0.0000000000 423.1878269293 903.2158617440 12.8730056145
Asia/SouthEasternAsia/IDN 903.2158617440 333.6677956183 7.2126161595 42.4809387058
Asia/SouthEasternAsia/MYS 910.4284779035 333.6677956183 56.0236074010 42.4809387058
Asia/SouthEasternAsia/PHL 903.2158617440 376.1487343242 12.5936414490 59.4437543868
Asia/SouthEasternAsia/SGP 915.8095031930 376.1487343242 50.6425821115 59.4437543868
Asia/SouthEasternAsia/THA 903.2158617440 435.5924887110 63.2362235606 0.4683438328
Asia/WesternAsia/IND 966.4520853045 333.6677956183 17.4051043827 15.7632334086
Asia/WesternAsia/TUR 966.4520853045 349.4310290270 17.4051043827 86.6298035168
AustraliaandNewZealand/NZL 983.8571896872 333.6677956183 16.1428103128 102.3930369255
Europe/EasternEurope/BGR 0.0000000000 436.0608325438 25.4299961174 38.5382148263
Europe/EasternEurope/CZE 25.4299961174 436.0608325438 131.1720493749 38.5382148263
Europe/EasternEurope/HUN 0.0000000000 474.5990473701 156.6020454922 41.0091803781
Europe/EasternEurope/POL 0.0000000000 515.6082277483 156.6020454922 119.5040411695
Europe/EasternEurope/ROU 0.0000000000 635.1122689178 88.9162318324 59.4783158893
Europe/EasternEurope/RUS 88.9162318324 635.1122689178 21.0725746293 59.4783158893
Europe/EasternEurope/SVK 109.9888064617 635.1122689178 46.6132390305 59.4783158893
Europe/EasternEurope/UKR 0.0000000000 694.5905848070 156.6020454922 6.2494972615
Europe/NorthernEurope/DNK 156.6020454922 436.0608325438 152.5187114536 81.6484605398
Europe/NorthernEurope/EST 309.1207569459 436.0608325438 24.7378941199 81.6484605398
Europe/NorthernEurope/FIN 333.8586510658 436.0608325438 191.9013843189 81.6484605398
Europe/NorthernEurope/GBR 156.6020454922 517.7092930835 369.1579898925 85.2809944965
Europe/NorthernEurope/IRL 156.6020454922 602.9902875800 43.5952821973 42.0104253823
Europe/NorthernEurope/LTU 200.1973276895 602.9902875800 65.1307912314 42.0104253823
Europe/NorthernEurope/LVA 265.3281189209 602.9902875800 38.9986130714 42.0104253823
Europe/NorthernEurope/NOR 304.3267319923 602.9902875800 221.4333033925 42.0104253823
Europe/NorthernEurope/SWE 156.6020454922 645.0007129623 369.1579898925 55.8393691062
Europe/SouthernEurope/ESP 525.7600353847 436.0608325438 386.9945425242 100.6428005165
Europe/SouthernEurope/GRC 912.7545779089 436.0608325438 46.6019180684 100.6428005165
Europe/SouthernEurope/HRV 959.3564959773 436.0608325438 40.6435040227 100.6428005165
Europe/SouthernEurope/ITA 525.7600353847 536.7036330602 412.0225347943 159.3254948713
Europe/SouthernEurope/PRT 937.7825701791 536.7036330602 62.2174298209 159.3254948713
Europe/SouthernEurope/SVN 525.7600353847 696.0291279316 474.2399646153 4.8109541370
Europe/WesternEurope/AUS 0.0000000000 700.8400820685 90.9242527686 197.5135270451
Europe/WesternEurope/CHE 90.9242527686 700.8400820685 80.1329029165 197.5135270451
Europe/WesternEurope/DEU 171.0571556851 700.8400820685 828.9428443149 197.5135270451
Europe/WesternEurope/FRA 0.0000000000 898.3536091136 699.8872044839 101.6463908864
Europe/WesternEurope/NLD 699.8872044839 898.3536091136 300.1127955161 101.6463908864

Africa/NorthernAfrica/DZA 0.0000000000 0.0000000000 55.1464531795 235.0098681266
Africa/NorthernAfrica/EGY 0.0000000000 235.0098681266 55.1464531795 15.3253671457
Africa/NorthernAfrica/MAR 0.0000000000 250.3352352723 55.1464531795 72.5411214239
Africa/NorthernAfrica/TUN 0.0000000000 322.8763566962 55.1464531795 26.0035141282
America/NorthernAmerica/CAN 55.1464531795 0.0000000000 924.9721875060 48.3266068288
America/NorthernAmerica/MEX 980.1186406854 0.0000000000 19.8813593146 48.3266068288
America/NorthernAmerica/USA 55.1464531795 48.3266068288 944.8535468205 292.3971003029
America/SouthernAmerica/ARG 55.1464531795 340.7237071317 718.3671527992 8.1561636927
America/SouthernAmerica/CHL 773.5136059786 340.7237071317 214.5135558700 8.1561636927
America/SouthernAmerica/COL 988.0271618486 340.7237071317 11.9728381514 8.1561636927
Asia/EasternAsia/CHN 0.0000000000 348.8798708244 6.8304737536 94.8811006849
Asia/EasternAsia/JPN 6.8304737536 348.8798708244 894.7135448522 94.8811006849
Asia/EasternAsia/KOR 0.0000000000 443.7609715093 901.5440186058 13.0859144734
Asia/SouthEasternAsia/IDN 901.5440186058 348.8798708244 19.8021085241 59.0201472409
Asia/SouthEasternAsia/MYS 921.3461271299 348.8798708244 41.6411645487 59.0201472409
Asia/SouthEasternAsia/PHL 901.5440186058 407.9000180652 27.0295854749 48.0049567618
Asia/SouthEasternAsia/SGP 928.5736040808 407.9000180652 34.4136875978 48.0049567618
Asia/SouthEasternAsia/THA 901.5440186058 455.9049748271 61.4432730727 0.9419111556
Asia/WesternAsia/IND 962.9872916786 348.8798708244 22.7725830954 21.2545354698
Asia/WesternAsia/TUR 962.9872916786 370.1344062942 22.7725830954 86.7124796885
AustraliaandNewZealand/NZL 985.7598747739 348.8798708244 14.2401252261 107.9670151583
Europe/EasternEurope/BGR 0.0000000000 456.8468859826 36.6977331856 36.5024318872
Europe/EasternEurope/CZE 36.6977331856 456.8468859826 120.1441553705 36.5024318872
Europe/EasternEurope/HUN 0.0000000000 493.3493178699 38.7955765793 138.3428480559
Europe/EasternEurope/POL 38.7955765793 493.3493178699 118.0463119767 138.3428480559
Europe/EasternEurope/ROU 0.0000000000 631.6921659257 99.5033546606 56.4842752843
Europe/EasternEurope/RUS 99.5033546606 631.6921659257 57.3385338955 56.4842752843
Europe/EasternEurope/SVK 0.0000000000 688.1764412101 109.6137321050 24.0562845798
Europe/EasternEurope/UKR 109.6137321050 688.1764412101 47.2281564510 24.0562845798
Europe/NorthernEurope/DNK 156.8418885561 456.8468859826 154.1286592104 79.1458217729
Europe/NorthernEurope/EST 310.9705477664 456.8468859826 25.1439310212 79.1458217729
Europe/NorthernEurope/FIN 336.1144787876 456.8468859826 185.2981912242 79.1458217729
Europe/NorthernEurope/GBR 156.8418885561 535.9927077555 364.5707814557 83.7222040675
Europe/NorthernEurope/IRL 156.8418885561 619.7149118231 40.8943643122 40.5935455850
Europe/NorthernEurope/LTU 197.7362528683 619.7149118231 72.8488546316 40.5935455850
Europe/NorthernEurope/LVA 270.5851074999 619.7149118231 52.8626352408 40.5935455850
Europe/NorthernEurope/NOR 323.4477427407 619.7149118231 197.9649272711 40.5935455850
Europe/NorthernEurope/SWE 156.8418885561 660.3084574080 364.5707814557 51.9242683818
Europe/SouthernEurope/ESP 521.4126700118 456.8468859826 374.4944214642 91.0821648510
Europe/SouthernEurope/GRC 895.9070914760 456.8468859826 61.7191352823 91.0821648510
Europe/SouthernEurope/HRV 957.6262267583 456.8468859826 42.3737732417 91.0821648510
Europe/SouthernEurope/ITA 521.4126700118 547.9290508336 415.5225787937 159.6742352806
Europe/SouthernEurope/PRT 936.9352488055 547.9290508336 63.0647511945 159.6742352806
Europe/SouthernEurope/SVN 521.4126700118 707.6032861142 478.5873299882 4.6294396757
Europe/WesternEurope/AUS 0.0000000000 712.2327257898 72.0463953773 185.0181476355
Europe/WesternEurope/CHE 72.0463953773 712.2327257898 88.8174027084 185.0181476355
Europe/WesternEurope/DEU 160.8637980858 712.2327257898 839.1362019142 185.0181476355
Europe/WesternEurope/FRA 0.0000000000 897.2508734253 650.8464573784 102.7491265747
Europe/WesternEurope/NLD 650.8464573784 897.2508734253 349.1535426216 102.7491265747

Africa/NorthernAfrica/DZA 0.0000000000 0.0000000000 50.3151896583 188.3862230135
Africa/NorthernAfrica/EGY 0.0000000000 188.3862230135 50.3151896583 13.7943450631
Africa/NorthernAfrica/MAR 0.0000000000 202.1805680766 50.3151896583 69.8602908257
Africa/NorthernAfrica/TUN 0.0000000000 272.0408589022 50.3151896583 42.5480865866
America/NorthernAmerica/CAN 50.3151896583 0.0000000000 911.3562018511 57.2951263119
America/NorthernAmerica/MEX 961.6713915094 0.0000000000 38.3286084906 57.2951263119
America/NorthernAmerica/USA 50.3151896583 57.2951263119 949.6848103417 249.4212896934
America/SouthernAmerica/ARG 50.3151896583 306.7164160053 597.7489634151 7.8725294835
America/SouthernAmerica/CHL 648.0641530734 306.7164160053 276.1805408234 7.8725294835
America/SouthernAmerica/COL 924.2446938968 306.7164160053 75.7553061032 7.8725294835
Asia/EasternAsia/CHN 0.0000000000 314.5889454888 11.0680906949 94.7682942522
Asia/EasternAsia/JPN 11.0680906949 314.5889454888 889.2983517131 94.7682942522
Asia/EasternAsia/KOR 0.0000000000 409.3572397410 900.3664424080 11.7375801196
Asia/SouthEasternAsia/IDN 900.3664424080 314.5889454888 13.0822768059 56.8621401056
Asia/SouthEasternAsia/MYS 913.4487192139 314.5889454888 45.9956424234 56.8621401056
Asia/SouthEasternAsia/PHL 900.3664424080 371.4510855944 24.7687056764 47.7919588454
Asia/SouthEasternAsia/SGP 925.1351480843 371.4510855944 34.3092135529 47.7919588454
Asia/SouthEasternAsia/THA 900.3664424080 419.2430444399 59.0779192293 1.8517754207
Asia/WesternAsia/IND 959.4443616373 314.5889454888 20.9495755563 13.3823514343
Asia/WesternAsia/TUR 959.4443616373 327.9712969232 20.9495755563 93.1235229374
AustraliaandNewZealand/NZL 980.3939371936 314.5889454888 19.6060628064 106.5058743718
Europe/EasternEurope/BGR 0.0000000000 421.0948198606 47.2409489638 42.3496010418
Europe/EasternEurope/CZE 47.2409489638 421.0948198606 117.4298263106 42.3496010418
Europe/EasternEurope/HUN 0.0000000000 463.4444209024 43.2949842204 126.5188420316
Europe/EasternEurope/POL 43.2949842204 463.4444209024 121.3757910541 126.5188420316
Europe/EasternEurope/ROU 0.0000000000 589.9632629340 101.4797445206 73.1078556426
Europe/EasternEurope/RUS 101.4797445206 589.9632629340 63.1910307539 73.1078556426
Europe/EasternEurope/SVK 0.0000000000 663.0711185766 89.9887053527 30.9047223318
Europe/EasternEurope/UKR 89.9887053527 663.0711185766 74.6820699218 30.9047223318
Europe/NorthernEurope/DNK 164.6707752744 421.0948198606 150.7297299537 84.1592499836
Europe/NorthernEurope/EST 315.4005052281 421.0948198606 30.9858750750 84.1592499836
Europe/NorthernEurope/FIN 346.3863803031 421.0948198606 175.6082739984 84.1592499836
Europe/NorthernEurope/GBR 164.6707752744 505.2540698442 332.6556779987 92.2869851792
Europe/NorthernEurope/IRL 497.3264532731 505.2540698442 24.6682010284 92.2869851792
Europe/NorthernEurope/LTU 164.6707752744 597.5410550234 40.0490399636 96.4347858851
Europe/NorthernEurope/LVA 204.7198152380 597.5410550234 24.2040130630 96.4347858851
Europe/NorthernEurope/NOR 228.9238283010 597.5410550234 85.3614092694 96.4347858851
Europe/NorthernEurope/SWE 314.2852375704 597.5410550234 207.7094167311 96.4347858851
Europe/SouthernEurope/ESP 521.9946543015 421.0948198606 370.9706971388 95.4383731598
Europe/SouthernEurope/GRC 892.9653514404 421.0948198606 66.7120266041 95.4383731598
Europe/SouthernEurope/HRV 959.6773780444 421.0948198606 40.3226219556 95.4383731598
Europe/SouthernEurope/ITA 521.9946543015 516.5331930204 414.5455122466 172.3518273176
Europe/SouthernEurope/PRT 936.5401665481 516.5331930204 63.4598334519 172.3518273176
Europe/SouthernEurope/SVN 521.9946543015 688.8850203380 478.0053456985 5.0908205705
Europe/WesternEurope/AUS 0.0000000000 693.9758409085 67.5963159594 269.7770838725
Europe/WesternEurope/CHE 67.5963159594 693.9758409085 71.1303684829 269.7770838725
Europe/WesternEurope/DEU 138.7266844423 693.9758409085 594.1741981633 269.7770838725
Europe/WesternEurope/FRA 732.9008826056 693.9758409085 267.0991173944 269.7770838725
Europe/WesternEurope/NLD 0.0000000000 963.7529247809 1000.0000000000 36.2470752191

Africa/NorthernAfrica/DZA 0.0000000000 0.0000000000 53.1334692789 205.2601604263
Africa/NorthernAfrica/EGY 0.0000000000 205.2601604263 53.1334692789 18.6842327647
Africa/NorthernAfrica/MAR 0.0000000000 223.9443931910 53.1334692789 71.4702157241
Africa/NorthernAfrica/TUN 0.0000000000 295.4146089150 53.1334692789 31.4924442559
America/NorthernAmerica/CAN 53.1334692789 0.0000000000 919.6916559947 53.9752985940
America/NorthernAmerica/MEX 972.8251252736 0.0000000000 27.1748747264 53.9752985940
America/NorthernAmerica/USA 53.1334692789 53.9752985940 946.8665307211 267.0052683863
America/SouthernAmerica/ARG 53.1334692789 320.9805669803 521.4684752199 5.9264861906
America/SouthernAmerica/CHL 574.6019444988 320.9805669803 300.9324855120 5.9264861906
America/SouthernAmerica/COL 875.5344300108 320.9805669803 124.4655699892 5.9264861906
Asia/EasternAsia/CHN 0.0000000000 326.9070531709 13.0174340394 101.2616073773
Asia/EasternAsia/JPN 13.0174340394 326.9070531709 867.0589209051 101.2616073773
Asia/EasternAsia/KOR 0.0000000000 428.1686605482 880.0763549445 12.6491797955
Asia/SouthEasternAsia/IDN 880.0763549445 326.9070531709 15.3576830888 45.2815917920
Asia/SouthEasternAsia/MYS 895.4340380333 326.9070531709 66.5481150875 45.2815917920
Asia/SouthEasternAsia/PHL 880.0763549445 372.1886449629 38.6429087200 67.1999052963
Asia/SouthEasternAsia/SGP 918.7192636645 372.1886449629 43.2628894563 67.1999052963
Asia/SouthEasternAsia/THA 880.0763549445 439.3885502592 81.9057981763 1.4292900845
Asia/WesternAsia/IND 961.9821531208 326.9070531709 20.2689526478 12.8190348107
Asia/WesternAsia/TUR 961.9821531208 339.7260879816 20.2689526478 101.0917523621
AustraliaandNewZealand/NZL 982.2511057686 326.9070531709 17.7488942314 113.9107871728
Europe/EasternEurope/BGR 0.0000000000 440.8178403437 28.7358572124 68.0826137522
Europe/EasternEurope/CZE 28.7358572124 440.8178403437 67.2406944089 68.0826137522
Europe/EasternEurope/HUN 95.9765516213 440.8178403437 69.4056436324 68.0826137522
Europe/EasternEurope/POL 0.0000000000 508.9004540959 165.3821952537 91.2239670372
Europe/EasternEurope/ROU 0.0000000000 600.1244211331 90.4223392641 71.6381864977
Europe/EasternEurope/RUS 90.4223392641 600.1244211331 74.9598559895 71.6381864977
Europe/EasternEurope/SVK 0.0000000000 671.7626076308 90.3465763568 27.0894609842
Europe/EasternEurope/UKR 90.3465763568 671.7626076308 75.0356188969 27.0894609842
Europe/NorthernEurope/DNK 165.3821952537 440.8178403437 159.4047618696 72.0722620601
Europe/NorthernEurope/EST 324.7869571233 440.8178403437 41.7214677340 72.0722620601
Europe/NorthernEurope/FIN 366.5084248573 440.8178403437 174.3964086920 72.0722620601
Europe/NorthernEurope/GBR 165.3821952537 512.8901024038 348.4274459067 90.3397469556
Europe/NorthernEurope/IRL 513.8096411604 512.8901024038 27.0951923888 90.3397469556
Europe/NorthernEurope/LTU 165.3821952537 603.2298493594 41.2376608362 95.6222192556
Europe/NorthernEurope/LVA 206.6198560899 603.2298493594 27.5891975361 95.6222192556
Europe/NorthernEurope/NOR 234.2090536260 603.2298493594 86.2470605939 95.6222192556
Europe/NorthernEurope/SWE 320.4561142199 603.2298493594 220.4487193294 95.6222192556
Europe/SouthernEurope/ESP 540.9048335492 440.8178403437 350.7791594290 95.8739009752
Europe/SouthernEurope/GRC 891.6839929782 440.8178403437 68.6375640675 95.8739009752
Europe/SouthernEurope/HRV 960.3215570457 440.8178403437 39.6784429543 95.8739009752
Europe/SouthernEurope/ITA 540.9048335492 536.6917413189 399.9792366847 157.1122745732
Europe/SouthernEurope/PRT 940.8840702339 536.6917413189 59.1159297661 157.1122745732
Europe/SouthernEurope/SVN 540.9048335492 693.8040158921 459.0951664508 5.0480527229
Europe/WesternEurope/AUS 0.0000000000 698.8520686150 85.2852293374 192.1179532661
Europe/WesternEurope/CHE 85.2852293374 698.8520686150 98.5646233937 192.1179532661
Europe/WesternEurope/DEU 183.8498527311 698.8520686150 816.1501472689 192.1179532661
Europe/WesternEurope/FRA 0.0000000000 890.9700218811 683.1813623099 109.0299781189
Europe/WesternEurope/NLD 683.1813623099 890.9700218811 316.8186376901 109.0299781189

Africa/NorthernAfrica/DZA 0.0000000000 0.0000000000 56.5837831920 231.7491326260
Africa/NorthernAfrica/EGY 0.0000000000 231.7491326260 56.5837831920 15.2090584923
Africa/NorthernAfrica/MAR 0.0000000000 246.9581911183 56.5837831920 67.3223916271
Africa/NorthernAfrica/TUN 0.0000000000 314.2805827453 56.5837831920 10.8152010644
America/NorthernAmerica/CAN 56.5837831920 0.0000000000 903.4908584953 51.5140513373
America/NorthernAmerica/MEX 960.0746416872 0.0000000000 39.9253583128 51.5140513373
America/NorthernAmerica/USA 56.5837831920 51.5140513373 943.4162168080 267.0989082623
America/SouthernAmerica/ARG 56.5837831920 318.6129595995 582.3800253091 6.4828242102
America/SouthernAmerica/CHL 638.9638085011 318.6129595995 307.5935337856 6.4828242102
America/SouthernAmerica/COL 946.5573422867 318.6129595995 53.4426577133 6.4828242102
Asia/EasternAsia/CHN 0.0000000000 325.0957838098 18.9100423821 104.3724361432
Asia/EasternAsia/JPN 18.9100423821 325.0957838098 739.7793378157 104.3724361432
Asia/EasternAsia/KOR 758.6893801978 325.0957838098 100.7124510188 104.3724361432
Asia/SouthEasternAsia/IDN 859.4018312166 325.0957838098 23.8086457740 33.1054809131
Asia/SouthEasternAsia/MYS 883.2104769906 325.0957838098 73.3413771652 33.1054809131
Asia/SouthEasternAsia/PHL 859.4018312166 358.2012647229 41.3755307733 69.5548104511
Asia/SouthEasternAsia/SGP 900.7773619899 358.2012647229 55.7744921660 69.5548104511
Asia/SouthEasternAsia/THA 859.4018312166 427.7560751740 97.1500229393 1.7121447790
Asia/WesternAsia/IND 956.5518541559 325.0957838098 23.8983004705 29.2366473047
Asia/WesternAsia/TUR 956.5518541559 354.3324311145 23.8983004705 75.1357888385
AustraliaandNewZealand/NZL 980.4501546264 325.0957838098 19.5498453736 104.3724361432
Europe/EasternEurope/BGR 0.0000000000 429.4682199530 34.4741708642 70.3521093168
Europe/EasternEurope/CZE 34.4741708642 429.4682199530 70.2660695369 70.3521093168
Europe/EasternEurope/HUN 104.7402404011 429.4682199530 72.0882497053 70.3521093168
Europe/EasternEurope/POL 0.0000000000 499.8203292698 176.8284901064 98.0948509674
Europe/EasternEurope/ROU 0.0000000000 597.9151802372 99.3536870904 71.2330895537
Europe/EasternEurope/RUS 99.3536870904 597.9151802372 77.4748030160 71.2330895537
Europe/EasternEurope/SVK 0.0000000000 669.1482697908 93.9207379267 26.9293127565
Europe/EasternEurope/UKR 93.9207379267 669.1482697908 82.9077521797 26.9293127565
Europe/NorthernEurope/DNK 176.8284901064 429.4682199530 141.8456319105 71.9606251043
Europe/NorthernEurope/EST 318.6741220169 429.4682199530 53.2590952974 71.9606251043
Europe/NorthernEurope/FIN 371.9332173143 429.4682199530 168.7420953441 71.9606251043
Europe/NorthernEurope/GBR 176.8284901064 501.4288450572 333.3098573573 98.9761488864
Europe/NorthernEurope/IRL 510.1383474637 501.4288450572 30.5369651947 98.9761488864
Europe/NorthernEurope/LTU 176.8284901064 600.4049939437 40.7471574539 95.6725886037
Europe/NorthernEurope/LVA 217.5756475603 600.4049939437 26.8960488454 95.6725886037
Europe/NorthernEurope/NOR 244.4716964057 600.4049939437 79.7497541496 95.6725886037
Europe/NorthernEurope/SWE 324.2214505553 600.4049939437 216.4538621031 95.6725886037
Europe/SouthernEurope/ESP 540.6753126584 429.4682199530 355.2510227529 103.7654199097
Europe/SouthernEurope/GRC 895.9263354113 429.4682199530 68.8913805142 103.7654199097
Europe/SouthernEurope/HRV 964.8177159255 429.4682199530 35.1822840745 103.7654199097
Europe/SouthernEurope/ITA 540.6753126584 533.2336398627 400.1599279750 158.7314140273
Europe/SouthernEurope/PRT 940.8352406334 533.2336398627 59.1647593666 158.7314140273
Europe/SouthernEurope/SVN 540.6753126584 691.9650538900 459.3246873416 4.1125286574
Europe/WesternEurope/AUS 0.0000000000 696.0775825474 66.3953826153 263.1112891999
Europe/WesternEurope/CHE 66.3953826153 696.0775825474 76.0274334518 263.1112891999
Europe/WesternEurope/DEU 142.4228160670 696.0775825474 571.6299995539 263.1112891999
Europe/WesternEurope/FRA 714.0528156209 696.0775825474 285.9471843791 263.1112891999
Europe/WesternEurope/NLD 0.0000000000 959.1888717472 1000.0000000000 40.8111282528

Africa/NorthernAfrica/DZA 0.0000000000 0.0000000000 58.1101815611 223.6029806026
Africa/NorthernAfrica/EGY 0.0000000000 223.6029806026 58.1101815611 15.6728193682
Africa/NorthernAfrica/MAR 0.0000000000 239.2757999708 58.1101815611 58.3041189811
Africa/NorthernAfrica/TUN 0.0000000000 297.5799189519 58.1101815611 27.6713390993
America/NorthernAmerica/CAN 58.1101815611 0.0000000000 910.7743277892 50.7396752074
America/NorthernAmerica/MEX 968.8845093503 0.0000000000 31.1154906497 50.7396752074
America/NorthernAmerica/USA 58.1101815611 50.7396752074 941.8898184389 267.2297463958
America/SouthernAmerica/ARG 58.1101815611 317.9694216032 583.2018587082 7.2818364480
America/SouthernAmerica/CHL 641.3120402693 317.9694216032 274.9618498469 7.2818364480
America/SouthernAmerica/COL 916.2738901162 317.9694216032 83.7261098838 7.2818364480
Asia/EasternAsia/CHN 0.0000000000 325.2512580512 17.8172895842 104.3810697999
Asia/EasternAsia/JPN 17.8172895842 325.2512580512 743.1156205597 104.3810697999
Asia/EasternAsia/KOR 760.9329101440 325.2512580512 105.9968857807 104.3810697999
Asia/SouthEasternAsia/IDN 866.9297959247 325.2512580512 19.6887958285 40.1644510327
Asia/SouthEasternAsia/MYS 886.6185917532 325.2512580512 64.7494381949 40.1644510327
Asia/SouthEasternAsia/PHL 866.9297959247 365.4157090839 17.7044807283 62.5405119267
Asia/SouthEasternAsia/SGP 884.6342766530 365.4157090839 66.7337532950 62.5405119267
Asia/SouthEasternAsia/THA 866.9297959247 427.9562210106 84.4382340234 1.6761068404
Asia/WesternAsia/IND 951.3680299481 325.2512580512 30.0843790448 34.3698051416
Asia/WesternAsia/TUR 951.3680299481 359.6210631927 30.0843790448 70.0112646583
AustraliaandNewZealand/NZL 981.4524089929 325.2512580512 18.5475910071 104.3810697999
Europe/EasternEurope/BGR 0.0000000000 429.6323278510 33.0924249510 72.9169033824
Europe/EasternEurope/CZE 33.0924249510 429.6323278510 73.6127656914 72.9169033824
Europe/EasternEurope/HUN 106.7051906424 429.6323278510 66.6270592504 72.9169033824
Europe/EasternEurope/POL 0.0000000000 502.5492312335 173.3322498928 96.0609794370
Europe/EasternEurope/ROU 0.0000000000 598.6102106704 102.7971038442 74.6765769093
Europe/EasternEurope/RUS 102.7971038442 598.6102106704 70.5351460485 74.6765769093
Europe/EasternEurope/SVK 0.0000000000 673.2867875797 89.8094668147 26.1389000676
Europe/EasternEurope/UKR 89.8094668147 673.2867875797 83.5227830780 26.1389000676
Europe/NorthernEurope/DNK 173.3322498928 429.6323278510 156.7785804096 69.9941291729
Europe/NorthernEurope/EST 330.1108303024 429.6323278510 46.6830846424 69.9941291729
Europe/NorthernEurope/FIN 376.7939149448 429.6323278510 180.7411301982 69.9941291729
Europe/NorthernEurope/GBR 173.3322498928 499.6264570239 384.2027952502 100.4491206602
Europe/NorthernEurope/IRL 173.3322498928 600.0755776841 61.5975911553 44.2540501680
Europe/NorthernEurope/LTU 234.9298410480 600.0755776841 88.1220309553 44.2540501680
Europe/NorthernEurope/LVA 323.0518720033 600.0755776841 54.4787501886 44.2540501680
Europe/NorthernEurope/NOR 377.5306221919 600.0755776841 180.0044229510 44.2540501680
Europe/NorthernEurope/SWE 173.3322498928 644.3296278521 384.2027952502 55.0960597951
Europe/SouthernEurope/ESP 557.5350451430 429.6323278510 330.9918233144 105.6680510426
Europe/SouthernEurope/GRC 888.5268684574 429.6323278510 75.7877156753 105.6680510426
Europe/SouthernEurope/HRV 964.3145841327 429.6323278510 35.6854158673 105.6680510426
Europe/SouthernEurope/ITA 557.5350451430 535.3003788937 385.4190009716 159.4241207436
Europe/SouthernEurope/PRT 942.9540461146 535.3003788937 57.0459538854 159.4241207436
Europe/SouthernEurope/SVN 557.5350451430 694.7244996373 442.4649548570 4.7011880100
Europe/WesternEurope/AUS 0.0000000000 699.4256876473 64.8030056861 262.0993637406
Europe/WesternEurope/CHE 64.8030056861 699.4256876473 68.4577411245 262.0993637406
Europe/WesternEurope/DEU 133.2607468106 699.4256876473 599.2529761918 262.0993637406
Europe/WesternEurope/FRA 732.5137230024 699.4256876473 267.4862769976 262.0993637406
Europe/WesternEurope/NLD 0.0000000000 961.5250513879 1000.0000000000 38.4749486121

Africa/NorthernAfrica/DZA 0.0000000000 0.0000000000 48.9698839515 222.1046520201
Africa/NorthernAfrica/EGY 0.0000000000 222.1046520201 48.9698839515 16.1306734167
Africa/NorthernAfrica/MAR 0.0000000000 238.2353254368 48.9698839515 60.8900262740
Africa/NorthernAfrica/TUN 0.0000000000 299.1253517107 48.9698839515 19.7869446173
America/NorthernAmerica/CAN 48.9698839515 0.0000000000 939.3859220443 49.9616314780
America/NorthernAmerica/MEX 988.3558059958 0.0000000000 11.6441940042 49.9616314780
America/NorthernAmerica/USA 48.9698839515 49.9616314780 951.0301160485 260.1267936078
America/SouthernAmerica/ARG 48.9698839515 310.0884250858 471.9823454827 8.8238712423
America/SouthernAmerica/CHL 520.9522294343 310.0884250858 236.7262101384 8.8238712423
America/SouthernAmerica/COL 757.6784395727 310.0884250858 242.3215604273 8.8238712423
Asia/EasternAsia/CHN 0.0000000000 318.9122963280 17.1978797199 112.9295374975
Asia/EasternAsia/JPN 17.1978797199 318.9122963280 723.6202608222 112.9295374975
Asia/EasternAsia/KOR 740.8181405420 318.9122963280 106.3896049119 112.9295374975
Asia/SouthEasternAsia/IDN 847.2077454540 318.9122963280 15.6401399599 33.9860208852
Asia/SouthEasternAsia/MYS 862.8478854139 318.9122963280 71.6797479345 33.9860208852
Asia/SouthEasternAsia/PHL 847.2077454540 352.8983172133 31.6593596482 77.3148506713
Asia/SouthEasternAsia/SGP 878.8671051022 352.8983172133 55.6605282462 77.3148506713
Asia/SouthEasternAsia/THA 847.2077454540 430.2131678846 87.3198878944 1.6286659409
Asia/WesternAsia/IND 934.5276333484 318.9122963280 47.9589466382 71.9976511145
Asia/WesternAsia/TUR 934.5276333484 390.9099474425 47.9589466382 40.9318863829
AustraliaandNewZealand/NZL 982.4865799866 318.9122963280 17.5134200134 112.9295374975
Europe/EasternEurope/BGR 0.0000000000 431.8418338255 33.2319845397 73.4682363323
Europe/EasternEurope/CZE 33.2319845397 431.8418338255 79.5526965739 73.4682363323
Europe/EasternEurope/HUN 112.7846811137 431.8418338255 62.9715432389 73.4682363323
Europe/EasternEurope/POL 0.0000000000 505.3100701578 175.7562243525 90.6756745948
Europe/EasternEurope/ROU 0.0000000000 595.9857447526 96.6361547971 76.6535884882
Europe/EasternEurope/RUS 96.6361547971 595.9857447526 79.1200695554 76.6535884882
Europe/EasternEurope/SVK 0.0000000000 672.6393332408 75.0609316324 27.0855947299
Europe/EasternEurope/UKR 75.0609316324 672.6393332408 100.6952927201 27.0855947299
Europe/NorthernEurope/DNK 175.7562243525 431.8418338255 146.6717964347 73.3896852877
Europe/NorthernEurope/EST 322.4280207872 431.8418338255 49.3642420098 73.3896852877
Europe/NorthernEurope/FIN 371.7922627970 431.8418338255 182.9555333592 73.3896852877
Europe/NorthernEurope/GBR 175.7562243525 505.2315191132 352.8190617036 92.6369369555
Europe/NorthernEurope/IRL 528.5752860562 505.2315191132 26.1725101001 92.6369369555
Europe/NorthernEurope/LTU 175.7562243525 597.8684560687 35.4262640949 101.8564719019
Europe/NorthernEurope/LVA 211.1824884474 597.8684560687 20.9632430052 101.8564719019
Europe/NorthernEurope/NOR 232.1457314526 597.8684560687 88.9605759712 101.8564719019
Europe/NorthernEurope/SWE 321.1063074238 597.8684560687 233.6414887325 101.8564719019
Europe/SouthernEurope/ESP 554.7477961563 431.8418338255 342.5411222576 104.2585722586
Europe/SouthernEurope/GRC 897.2889184139 431.8418338255 69.7770695898 104.2585722586
Europe/SouthernEurope/HRV 967.0659880037 431.8418338255 32.9340119963 104.2585722586
Europe/SouthernEurope/ITA 554.7477961563 536.1004060841 393.2728280354 159.4723948219
Europe/SouthernEurope/PRT 948.0206241917 536.1004060841 51.9793758083 159.4723948219
Europe/SouthernEurope/SVN 554.7477961563 695.5728009060 445.2522038437 4.1521270646
Europe/WesternEurope/AUS 0.0000000000 699.7249279706 78.8956516616 201.1922482135
Europe/WesternEurope/CHE 78.8956516616 699.7249279706 103.9893826046 201.1922482135
Europe/WesternEurope/DEU 182.8850342662 699.7249279706 817.1149657338 201.1922482135
Europe/WesternEurope/FRA 0.0000000000 900.9171761842 658.9706098808 99.0828238158
Europe/WesternEurope/NLD 658.9706098808 900.9171761842 341.0293901192 99.0828238158

Africa/NorthernAfrica/DZA 0.0000000000 0.0000000000 54.6354738845 209.0815826577
Africa/NorthernAfrica/EGY 0.0000000000 209.0815826577 54.6354738845 13.8573353514
Africa/NorthernAfrica/MAR 0.0000000000 222.9389180091 54.6354738845 65.6093526555
Africa/NorthernAfrica/TUN 0.0000000000 288.5482706646 54.6354738845 22.6255688901
America/NorthernAmerica/CAN 54.6354738845 0.0000000000 928.9072316592 50.1711374457
America/NorthernAmerica/MEX 983.5427055437 0.0000000000 16.4572944563 50.1711374457
America/NorthernAmerica/USA 54.6354738845 50.1711374457 945.3645261155 252.5785403327
America/SouthernAmerica/ARG 54.6354738845 302.7496777784 461.4965932764 8.4241617762
America/SouthernAmerica/CHL 516.1320671609 302.7496777784 241.9933847014 8.4241617762
America/SouthernAmerica/COL 758.1254518623 302.7496777784 241.8745481377 8.4241617762
Asia/EasternAsia/CHN 0.0000000000 311.1738395546 25.0944233877 106.0677218658
Asia/EasternAsia/JPN 25.0944233877 311.1738395546 714.2161040398 106.0677218658
Asia/EasternAsia/KOR 739.3105274276 311.1738395546 113.7575083219 106.0677218658
Asia/SouthEasternAsia/IDN 853.0680357495 311.1738395546 16.2717773908 53.5862278165
Asia/SouthEasternAsia/MYS 869.3398131403 311.1738395546 78.9531831516 53.5862278165
Asia/SouthEasternAsia/PHL 853.0680357495 364.7600673711 18.8741534833 50.8670472089
Asia/SouthEasternAsia/SGP 871.9421892328 364.7600673711 76.3508070590 50.8670472089
Asia/SouthEasternAsia/THA 853.0680357495 415.6271145800 95.2249605423 1.6144468404
Asia/WesternAsia/IND 948.2929962918 311.1738395546 33.2769385311 47.0323233018
Asia/WesternAsia/TUR 948.2929962918 358.2061628564 33.2769385311 59.0353985640
AustraliaandNewZealand/NZL 981.5699348229 311.1738395546 18.4300651771 106.0677218658
Europe/EasternEurope/BGR 0.0000000000 417.2415614204 34.0042151057 72.8142134284
Europe/EasternEurope/CZE 34.0042151057 417.2415614204 91.6214210765 72.8142134284
Europe/EasternEurope/HUN 125.6256361822 417.2415614204 65.6467833860 72.8142134284
Europe/EasternEurope/POL 0.0000000000 490.0557748488 128.9595866438 118.6732779781
Europe/EasternEurope/ROU 128.9595866438 490.0557748488 62.3128329244 118.6732779781
Europe/EasternEurope/RUS 0.0000000000 608.7290528269 116.4979170768 76.8179695757
Europe/EasternEurope/SVK 116.4979170768 608.7290528269 39.5194003292 76.8179695757
Europe/EasternEurope/UKR 156.0173174060 608.7290528269 35.2551021623 76.8179695757
Europe/NorthernEurope/DNK 191.2724195682 417.2415614204 135.7859125714 71.6920934207
Europe/NorthernEurope/EST 327.0583321396 417.2415614204 44.0312581339 71.6920934207
Europe/NorthernEurope/FIN 371.0895902735 417.2415614204 176.2289144786 71.6920934207
Europe/NorthernEurope/GBR 191.2724195682 488.9336548411 356.0460851840 89.9984162241
Europe/NorthernEurope/IRL 191.2724195682 578.9320710652 49.7379811020 45.2259287523
Europe/NorthernEurope/LTU 241.0104006702 578.9320710652 81.1263511271 45.2259287523
Europe/NorthernEurope/LVA 322.1367517973 578.9320710652 53.6649662511 45.2259287523
Europe/NorthernEurope/NOR 375.8017180483 578.9320710652 171.5167867039 45.2259287523
Europe/NorthernEurope/SWE 191.2724195682 624.1579998175 356.0460851840 61.3890225852
Europe/SouthernEurope/ESP 547.3185047522 417.2415614204 352.8186156787 102.2270917012
Europe/SouthernEurope/GRC 900.1371204309 417.2415614204 64.9863866199 102.2270917012
Europe/SouthernEurope/HRV 965.1235070508 417.2415614204 34.8764929492 102.2270917012
Europe/SouthernEurope/ITA 547.3185047522 519.4686531216 399.2304439408 162.0426398576
Europe/SouthernEurope/PRT 946.5489486930 519.4686531216 53.4510513070 162.0426398576
Europe/SouthernEurope/SVN 547.3185047522 681.5112929792 452.6814952478 4.0357294234
Europe/WesternEurope/AUS 0.0000000000 685.5470224027 87.7988569964 211.2513982584
Europe/WesternEurope/CHE 87.7988569964 685.5470224027 88.7998622914 211.2513982584
Europe/WesternEurope/DEU 176.5987192878 685.5470224027 823.4012807122 211.2513982584
Europe/WesternEurope/FRA 0.0000000000 896.7984206611 660.5328948729 103.2015793389
Europe/WesternEurope/NLD 660.5328948729 896.7984206611 339.4671051271 103.2015793389

Africa/NorthernAfrica/DZA 0.0000000000 0.0000000000 68.8476899217 200.9299353926
Africa/NorthernAfrica/EGY 0.0000000000 200.9299353926 68.8476899217 12.5322012928
Africa/NorthernAfrica/MAR 0.0000000000 213.4621366854 68.8476899217 61.6144372921
Africa/NorthernAfrica/TUN 0.0000000000 275.0765739775 68.8476899217 22.1163892385
America/NorthernAmerica/CAN 68.8476899217 0.0000000000 913.3089584692 46.2697646936
America/NorthernAmerica/MEX 982.1566483909 0.0000000000 17.8433516091 46.2697646936
America/NorthernAmerica/USA 68.8476899217 46.2697646936 931.1523100783 242.9015304651
America/SouthernAmerica/ARG 68.8476899217 289.1712951587 555.3721767793 8.0216680573
America/SouthernAmerica/CHL 624.2198667010 289.1712951587 276.1124920649 8.0216680573
America/SouthernAmerica/COL 900.3323587658 289.1712951587 99.6676412342 8.0216680573
Asia/EasternAsia/CHN 0.0000000000 297.1929632160 28.4087686310 105.3759909329
Asia/EasternAsia/JPN 28.4087686310 297.1929632160 627.5099329814 105.3759909329
Asia/EasternAsia/KOR 655.9187016124 297.1929632160 119.9753744934 105.3759909329
Asia/SouthEasternAsia/IDN 775.8940761058 297.1929632160 74.9922571900 64.7393231159
Asia/SouthEasternAsia/MYS 850.8863332958 297.1929632160 84.8247109105 64.7393231159
Asia/SouthEasternAsia/PHL 775.8940761058 361.9322863320 62.4450876824 39.5002934004
Asia/SouthEasternAsia/SGP 838.3391637883 361.9322863320 97.3718804180 39.5002934004
Asia/SouthEasternAsia/THA 775.8940761058 401.4325797323 159.8169681005 1.1363744166
Asia/WesternAsia/IND 935.7110442063 297.1929632160 45.1654076419 45.8466502626
Asia/WesternAsia/TUR 935.7110442063 343.0396134786 45.1654076419 59.5293406703
AustraliaandNewZealand/NZL 980.8764518482 297.1929632160 19.1235481518 105.3759909329
Europe/EasternEurope/BGR 0.0000000000 402.5689541489 34.9447101716 77.7114695677
Europe/EasternEurope/CZE 34.9447101716 402.5689541489 96.0938719470 77.7114695677
Europe/EasternEurope/HUN 131.0385821186 402.5689541489 63.2422243653 77.7114695677
Europe/EasternEurope/POL 0.0000000000 480.2804237166 126.1758702150 103.2269598575
Europe/EasternEurope/ROU 126.1758702150 480.2804237166 68.1049362689 103.2269598575
Europe/EasternEurope/RUS 0.0000000000 583.5073835741 130.5562054337 81.1186702059
Europe/EasternEurope/SVK 130.5562054337 583.5073835741 63.7246010502 81.1186702059
Europe/EasternEurope/UKR 0.0000000000 664.6260537800 194.2808064839 15.9904793474
Europe/NorthernEurope/DNK 194.2808064839 402.5689541489 129.3346971585 72.4698906893
Europe/NorthernEurope/EST 323.6155036425 402.5689541489 48.3795660651 72.4698906893
Europe/NorthernEurope/FIN 371.9950697075 402.5689541489 163.7171728061 72.4698906893
Europe/NorthernEurope/GBR 194.2808064839 475.0388448382 341.4314360297 97.2813383289
Europe/NorthernEurope/IRL 194.2808064839 572.3201831671 45.5167022152 46.9833190911
Europe/NorthernEurope/LTU 239.7975086991 572.3201831671 79.8594584591 46.9833190911
Europe/NorthernEurope/LVA 319.6569671582 572.3201831671 50.2822205039 46.9833190911
Europe/NorthernEurope/NOR 369.9391876621 572.3201831671 165.7730548515 46.9833190911
Europe/NorthernEurope/SWE 194.2808064839 619.3035022582 341.4314360297 61.3130308692
Europe/SouthernEurope/ESP 535.7122425137 402.5689541489 357.1648569508 107.1788451161
Europe/SouthernEurope/GRC 892.8770994644 402.5689541489 72.3583930805 107.1788451161
Europe/SouthernEurope/HRV 965.2354925449 402.5689541489 34.7645074551 107.1788451161
Europe/SouthernEurope/ITA 535.7122425137 509.7477992650 407.0234119583 166.4505783132
Europe/SouthernEurope/PRT 942.7356544719 509.7477992650 57.2643455281 166.4505783132
Europe/SouthernEurope/SVN 535.7122425137 676.1983775782 464.2877574863 4.4181555493
Europe/WesternEurope/AUS 0.0000000000 680.6165331274 112.2785382579 213.1991892612
Europe/WesternEurope/CHE 112.2785382579 680.6165331274 95.0989645735 213.1991892612
Europe/WesternEurope/DEU 207.3775028314 680.6165331274 792.6224971686 213.1991892612
Europe/WesternEurope/FRA 0.0000000000 893.8157223886 660.7159435353 106.1842776114
Europe/WesternEurope/NLD 660.7159435353 893.8157223886 339.2840564647 106.1842776114

Africa/NorthernAfrica/DZA 0.0000000000 0.0000000000 84.6586309235 185.8413140005
Africa/NorthernAfrica/EGY 0.0000000000 185.8413140005 35.6410499349 82.0443182885
Africa/NorthernAfrica/MAR 35.6410499349 185.8413140005 49.0175809886 82.0443182885
Africa/NorthernAfrica/TUN 0.0000000000 267.8856322891 84.6586309235 26.1782950515
America/NorthernAmerica/CAN 84.6586309235 0.0000000000 895.5290211520 45.5409583632
America/NorthernAmerica/MEX 980.1876520755 0.0000000000 19.8123479245 45.5409583632
America/NorthernAmerica/USA 84.6586309235 45.5409583632 915.3413690765 240.5632203930
America/SouthernAmerica/ARG 84.6586309235 286.1041787561 522.0735002672 7.9597485844
America/SouthernAmerica/CHL 606.7321311907 286.1041787561 260.6740971291 7.9597485844
America/SouthernAmerica/COL 867.4062283198 286.1041787561 132.5937716802 7.9597485844
Asia/EasternAsia/CHN 0.0000000000 294.0639273406 32.4529270129 104.1303389837
Asia/EasternAsia/JPN 32.4529270129 294.0639273406 629.4176228172 104.1303389837
Asia/EasternAsia/KOR 661.8705498300 294.0639273406 143.6853644297 104.1303389837
Asia/SouthEasternAsia/IDN 805.5559142598 294.0639273406 18.8776558288 50.5305010713
Asia/SouthEasternAsia/MYS 824.4335700886 294.0639273406 105.9954671122 50.5305010713
Asia/SouthEasternAsia/PHL 805.5559142598 344.5944284119 40.2382785577 53.5998379124
Asia/SouthEasternAsia/SGP 845.7941928175 344.5944284119 50.2031015703 53.5998379124
Asia/SouthEasternAsia/THA 895.9972943878 344.5944284119 34.4317428130 53.5998379124
Asia/WesternAsia/IND 930.4290372008 294.0639273406 52.0699495859 58.3440575480
Asia/WesternAsia/TUR 930.4290372008 352.4079848886 52.0699495859 45.7862814357
AustraliaandNewZealand/NZL 982.4989867867 294.0639273406 17.5010132133 104.1303389837
Europe/EasternEurope/BGR 0.0000000000 398.1942663243 56.2496320230 78.9459984248
Europe/EasternEurope/CZE 56.2496320230 398.1942663243 95.4890073519 78.9459984248
Europe/EasternEurope/HUN 151.7386393750 398.1942663243 56.8065888491 78.9459984248
Europe/EasternEurope/POL 0.0000000000 477.1402647491 138.9186698099 100.6447776191
Europe/EasternEurope/ROU 138.9186698099 477.1402647491 69.6265584142 100.6447776191
Europe/EasternEurope/RUS 0.0000000000 577.7850423682 137.2724174182 91.9106698088
Europe/EasternEurope/SVK 137.2724174182 577.7850423682 71.2728108058 91.9106698088
Europe/EasternEurope/UKR 0.0000000000 669.6957121770 208.5452282240 18.0320566537
Europe/NorthernEurope/DNK 208.5452282240 398.1942663243 122.6049174125 78.2172028769
Europe/NorthernEurope/EST 331.1501456365 398.1942663243 41.9738744506 78.2172028769
Europe/NorthernEurope/FIN 373.1240200871 398.1942663243 160.2174207330 78.2172028769
Europe/NorthernEurope/GBR 208.5452282240 476.4114692012 324.7962125961 101.1199708925
Europe/NorthernEurope/IRL 208.5452282240 577.5314400937 37.4257082593 45.1269237289
Europe/NorthernEurope/LTU 245.9709364833 577.5314400937 81.2556554240 45.1269237289
Europe/NorthernEurope/LVA 327.2265919073 577.5314400937 43.0350062045 45.1269237289
Europe/NorthernEurope/NOR 370.2615981118 577.5314400937 163.0798427083 45.1269237289
Europe/NorthernEurope/SWE 208.5452282240 622.6583638226 324.7962125961 65.0694050080
Europe/SouthernEurope/ESP 533.3414408201 398.1942663243 359.3236544045 110.1726880685
Europe/SouthernEurope/GRC 892.6650952246 398.1942663243 76.6923454618 110.1726880685
Europe/SouthernEurope/HRV 969.3574406864 398.1942663243 30.6425593136 110.1726880685
Europe/SouthernEurope/ITA 533.3414408201 508.3669543928 407.7765142127 175.0842403346
Europe/SouthernEurope/PRT 941.1179550328 508.3669543928 58.8820449672 175.0842403346
Europe/SouthernEurope/SVN 533.3414408201 683.4511947273 466.6585591799 4.2765741033
Europe/WesternEurope/AUS 0.0000000000 687.7277688306 107.6596271014 217.4666722105
Europe/WesternEurope/CHE 107.6596271014 687.7277688306 100.3763784876 217.4666722105
Europe/WesternEurope/DEU 208.0360055891 687.7277688306 791.9639944109 217.4666722105
Europe/WesternEurope/FRA 0.0000000000 905.1944410411 753.7105989184 94.8055589589
Europe/WesternEurope/NLD 753.7105989184 905.1944410411 246.2894010816 94.8055589589

Africa/NorthernAfrica/DZA 0.0000000000 0.0000000000 74.5640680266 174.1149601743
Africa/NorthernAfrica/EGY 0.0000000000 174.1149601743 74.5640680266 41.1857681328
Africa/NorthernAfrica/MAR 0.0000000000 215.3007283071 74.5640680266 57.4189030377
Africa/NorthernAfrica/TUN 0.0000000000 272.7196313448 74.5640680266 20.3202510843
America/NorthernAmerica/CAN 74.5640680266 0.0000000000 907.5004079950 48.2147230942
America/NorthernAmerica/MEX 982.0644760216 0.0000000000 17.9355239784 48.2147230942
America/NorthernAmerica/USA 74.5640680266 48.2147230942 925.4359319734 233.9548202172
America/SouthernAmerica/ARG 74.5640680266 282.1695433114 333.8845938496 10.8703391177
America/SouthernAmerica/CHL 408.4486618762 282.1695433114 162.0721222739 10.8703391177
America/SouthernAmerica/COL 570.5207841501 282.1695433114 429.4792158499 10.8703391177
Asia/EasternAsia/CHN 0.0000000000 293.0398824291 27.9863866663 101.7059806343
Asia/EasternAsia/JPN 27.9863866663 293.0398824291 633.6956900819 101.7059806343
Asia/EasternAsia/KOR 661.6820767483 293.0398824291 151.8860371905 101.7059806343
Asia/SouthEasternAsia/IDN 813.5681139387 293.0398824291 27.9278839473 50.0749259073
Asia/SouthEasternAsia/MYS 841.4959978860 293.0398824291 83.3943548547 50.0749259073
Asia/SouthEasternAsia/PHL 813.5681139387 343.1148083363 57.4683558213 45.8824710313
Asia/SouthEasternAsia/SGP 871.0364697600 343.1148083363 53.8538829807 45.8824710313
Asia/SouthEasternAsia/THA 813.5681139387 388.9972793677 111.3222388020 5.7485836957
Asia/WesternAsia/IND 924.8903527407 293.0398824291 53.9498612573 55.9152964379
Asia/WesternAsia/TUR 924.8903527407 348.9551788669 53.9498612573 45.7906841965
AustraliaandNewZealand/NZL 978.8402139980 293.0398824291 21.1597860020 101.7059806343
Europe/EasternEurope/BGR 0.0000000000 394.7458630634 61.0833971399 71.5486176596
Europe/EasternEurope/CZE 61.0833971399 394.7458630634 105.1665344744 71.5486176596
Europe/EasternEurope/HUN 166.2499316143 394.7458630634 69.8564648123 71.5486176596
Europe/EasternEurope/POL 0.0000000000 466.2944807230 169.2547176923 110.4555465798
Europe/EasternEurope/ROU 169.2547176923 466.2944807230 66.8516787343 110.4555465798
Europe/EasternEurope/RUS 0.0000000000 576.7500273028 145.5776766695 95.0826874429
Europe/EasternEurope/SVK 145.5776766695 576.7500273028 90.5287197571 95.0826874429
Europe/EasternEurope/UKR 0.0000000000 671.8327147457 236.1063964267 16.5808398581
Europe/NorthernEurope/DNK 236.1063964267 394.7458630634 117.5660397310 77.9990306744
Europe/NorthernEurope/EST 353.6724361577 394.7458630634 43.2479865035 77.9990306744
Europe/NorthernEurope/FIN 396.9204226611 394.7458630634 160.9715818361 77.9990306744
Europe/NorthernEurope/GBR 236.1063964267 472.7448937378 321.7856080706 104.8404759053
Europe/NorthernEurope/IRL 236.1063964267 577.5853696431 44.2925015829 47.2082776731
Europe/NorthernEurope/LTU 280.3988980095 577.5853696431 84.6596494641 47.2082776731
Europe/NorthernEurope/LVA 365.0585474736 577.5853696431 33.4262266623 47.2082776731
Europe/NorthernEurope/NOR 398.4847741359 577.5853696431 159.4072303614 47.2082776731
Europe/NorthernEurope/SWE 236.1063964267 624.7936473162 321.7856080706 63.6199072875
Europe/SouthernEurope/ESP 557.8920044973 394.7458630634 357.7091281941 100.9022714774
Europe/SouthernEurope/GRC 915.6011326913 394.7458630634 84.3988673087 100.9022714774
Europe/SouthernEurope/HRV 557.8920044973 495.6481345408 19.3607179588 162.6456144742
Europe/SouthernEurope/ITA 577.2527224560 495.6481345408 422.7472775440 162.6456144742
Europe/SouthernEurope/PRT 557.8920044973 658.2937490150 376.1015407291 30.1198055887
Europe/SouthernEurope/SVN 933.9935452264 658.2937490150 66.0064547736 30.1198055887
Europe/WesternEurope/AUS 0.0000000000 688.4135546037 96.8263344740 203.1485289041
Europe/WesternEurope/CHE 96.8263344740 688.4135546037 115.5211886013 203.1485289041
Europe/WesternEurope/DEU 212.3475230754 688.4135546037 787.6524769246 203.1485289041
Europe/WesternEurope/FRA 0.0000000000 891.5620835078 742.1618943600 108.4379164922
Europe/WesternEurope/NLD 742.1618943600 891.5620835078 257.8381056400 108.4379164922

Africa/NorthernAfrica/DZA 0.0000000000 0.0000000000 55.9920109438 181.1491073917
Africa/NorthernAfrica/EGY 0.0000000000 181.1491073917 55.9920109438 32.4915709295
Africa/NorthernAfrica/MAR 0.0000000000 213.6406783212 55.9920109438 57.0966547784
Africa/NorthernAfrica/TUN 0.0000000000 270.7373330996 55.9920109438 24.4274173438
America/NorthernAmerica/CAN 55.9920109438 0.0000000000 899.8626650089 50.7888927066
America/NorthernAmerica/MEX 955.8546759528 0.0000000000 44.1453240472 50.7888927066
America/NorthernAmerica/USA 55.9920109438 50.7888927066 944.0079890562 234.1011373320
America/SouthernAmerica/ARG 55.9920109438 284.8900300386 372.5414986073 10.2747204048
America/SouthernAmerica/CHL 428.5335095511 284.8900300386 207.4002440474 10.2747204048
America/SouthernAmerica/COL 635.9337535985 284.8900300386 364.0662464015 10.2747204048
Asia/EasternAsia/CHN 0.0000000000 295.1647504434 31.0142087733 106.8969394202
Asia/EasternAsia/JPN 31.0142087733 295.1647504434 619.0168554587 106.8969394202
Asia/EasternAsia/KOR 650.0310642320 295.1647504434 163.6304648285 106.8969394202
Asia/SouthEasternAsia/IDN 813.6615290605 295.1647504434 27.4678594381 59.7238429548
Asia/SouthEasternAsia/MYS 841.1293884986 295.1647504434 87.5183000464 59.7238429548
Asia/SouthEasternAsia/PHL 813.6615290605 354.8885933982 56.7228709693 36.1405603064
Asia/SouthEasternAsia/SGP 870.3844000298 354.8885933982 58.2632885153 36.1405603064
Asia/SouthEasternAsia/THA 813.6615290605 391.0291537046 114.9861594846 11.0325361591
Asia/WesternAsia/IND 928.6476885451 295.1647504434 52.3679027419 53.9384939542
Asia/WesternAsia/TUR 928.6476885451 349.1032443976 52.3679027419 52.9584454661
AustraliaandNewZealand/NZL 981.0155912870 295.1647504434 18.9844087130 106.8969394202
Europe/EasternEurope/BGR 0.0000000000 402.0616898636 60.4120942554 62.2243080992
Europe/EasternEurope/CZE 60.4120942554 402.0616898636 105.8531700002 62.2243080992
Europe/EasternEurope/HUN 166.2652642556 402.0616898636 66.3935161570 62.2243080992
Europe/EasternEurope/POL 0.0000000000 464.2859979628 167.4002395455 103.7536932254
Europe/EasternEurope/ROU 167.4002395455 464.2859979628 65.2585408670 103.7536932254
Europe/EasternEurope/RUS 0.0000000000 568.0396911882 160.9285320671 97.3999046850
Europe/EasternEurope/SVK 160.9285320671 568.0396911882 71.7302483455 97.3999046850
Europe/EasternEurope/UKR 0.0000000000 665.4395958731 232.6587804126 16.8309655761
Europe/NorthernEurope/DNK 232.6587804126 402.0616898636 131.6467251541 74.3775794216
Europe/NorthernEurope/EST 364.3055055666 402.0616898636 32.2949035466 74.3775794216
Europe/NorthernEurope/FIN 396.6004091132 402.0616898636 186.2634290428 74.3775794216
Europe/NorthernEurope/GBR 232.6587804126 476.4392692853 350.2050577435 91.9985290422
Europe/NorthernEurope/IRL 232.6587804126 568.4377983275 36.1540887539 46.5100629712
Europe/NorthernEurope/LTU 268.8128691665 568.4377983275 94.6010166354 46.5100629712
Europe/NorthernEurope/LVA 363.4138858018 568.4377983275 40.2043773846 46.5100629712
Europe/NorthernEurope/NOR 403.6182631864 568.4377983275 179.2455749696 46.5100629712
Europe/NorthernEurope/SWE 232.6587804126 614.9478612987 350.2050577435 67.3227001506
Europe/SouthernEurope/ESP 582.8638381560 402.0616898636 349.2511263474 98.7860246043
Europe/SouthernEurope/GRC 932.1149645034 402.0616898636 67.8850354966 98.7860246043
Europe/SouthernEurope/HRV 582.8638381560 500.8477144680 17.4854780499 153.4958447863
Europe/SouthernEurope/ITA 600.3493162059 500.8477144680 399.6506837941 153.4958447863
Europe/SouthernEurope/PRT 582.8638381560 654.3435592543 353.3645529073 27.9270021950
Europe/SouthernEurope/SVN 936.2283910633 654.3435592543 63.7716089367 27.9270021950
Europe/WesternEurope/AUS 0.0000000000 682.2705614493 85.9952132508 210.4224761867
Europe/WesternEurope/CHE 85.9952132508 682.2705614493 124.9396581483 210.4224761867
Europe/WesternEurope/DEU 210.9348713991 682.2705614493 789.0651286009 210.4224761867
Europe/WesternEurope/FRA 0.0000000000 892.6930376360 737.4736606886 107.3069623640
Europe/WesternEurope/NLD 737.4736606886 892.6930376360 262.5263393114 107.3069623640

Africa/NorthernAfrica/DZA 0.0000000000 0.0000000000 51.3853476513 188.0941926054
Africa/NorthernAfrica/EGY 0.0000000000 188.0941926054 51.3853476513 32.1987733277
Africa/NorthernAfrica/MAR 0.0000000000 220.2929659330 51.3853476513 57.3460932722
Africa/NorthernAfrica/TUN 0.0000000000 277.6390592052 51.3853476513 39.2643337804
America/NorthernAmerica/CAN 51.3853476513 0.0000000000 906.8096824072 50.2662444896
America/NorthernAmerica/MEX 958.1950300586 0.0000000000 41.8049699414 50.2662444896
America/NorthernAmerica/USA 51.3853476513 50.2662444896 948.6146523487 255.8384928357
America/SouthernAmerica/ARG 51.3853476513 306.1047373253 320.8143449828 10.7986556603
America/SouthernAmerica/CHL 372.1996926342 306.1047373253 135.9472890236 10.7986556603
America/SouthernAmerica/COL 508.1469816578 306.1047373253 491.8530183422 10.7986556603
Asia/EasternAsia/CHN 0.0000000000 316.9033929856 37.2844736894 107.7171127791
Asia/EasternAsia/JPN 37.2844736894 316.9033929856 591.2598547139 107.7171127791
Asia/EasternAsia/KOR 628.5443284032 316.9033929856 177.6305275626 107.7171127791
Asia/SouthEasternAsia/IDN 806.1748559658 316.9033929856 27.4014026912 55.4439180790
Asia/SouthEasternAsia/MYS 833.5762586570 316.9033929856 97.6072588368 55.4439180790
Asia/SouthEasternAsia/PHL 806.1748559658 372.3473110646 33.0790134641 52.2731947001
Asia/SouthEasternAsia/SGP 839.2538694299 372.3473110646 38.6561370836 52.2731947001
Asia/SouthEasternAsia/THA 877.9100065134 372.3473110646 53.2735109803 52.2731947001
Asia/WesternAsia/IND 931.1835174938 316.9033929856 51.1509617690 57.7269502090
Asia/WesternAsia/TUR 931.1835174938 374.6303431947 51.1509617690 49.9901625700
AustraliaandNewZealand/NZL 982.3344792628 316.9033929856 17.6655207372 107.7171127791
Europe/EasternEurope/BGR 0.0000000000 424.6205057647 54.1921985006 54.3883619204
Europe/EasternEurope/CZE 54.1921985006 424.6205057647 118.3032283813 54.3883619204
Europe/EasternEurope/HUN 172.4954268819 424.6205057647 64.1749921865 54.3883619204
Europe/EasternEurope/POL 0.0000000000 479.0088676851 176.7341703908 97.5047741671
Europe/EasternEurope/ROU 176.7341703908 479.0088676851 59.9362486777 97.5047741671
Europe/EasternEurope/RUS 0.0000000000 576.5136418522 161.6512424411 98.8794486048
Europe/EasternEurope/SVK 161.6512424411 576.5136418522 75.0191766274 98.8794486048
Europe/EasternEurope/UKR 0.0000000000 675.3930904569 236.6704190685 16.6865092232
Europe/NorthernEurope/DNK 236.6704190685 424.6205057647 122.9126125707 70.1416297935
Europe/NorthernEurope/EST 359.5830316392 424.6205057647 22.5416917415 70.1416297935
Europe/NorthernEurope/FIN 382.1247233807 424.6205057647 193.3874516374 70.1416297935
Europe/NorthernEurope/GBR 236.6704190685 494.7621355582 338.8417559497 87.3764324739
Europe/NorthernEurope/IRL 236.6704190685 582.1385680321 38.1809163690 45.7536067781
Europe/NorthernEurope/LTU 274.8513354374 582.1385680321 69.7333009184 45.7536067781
Europe/NorthernEurope/LVA 344.5846363558 582.1385680321 37.8548665046 45.7536067781
Europe/NorthernEurope/NOR 382.4395028604 582.1385680321 193.0726721577 45.7536067781
Europe/NorthernEurope/SWE 236.6704190685 627.8921748102 338.8417559497 64.1874248699
Europe/SouthernEurope/ESP 575.5121750182 424.6205057647 357.0456289386 92.3311343913
Europe/SouthernEurope/GRC 932.5578039568 424.6205057647 67.4421960432 92.3311343913
Europe/SouthernEurope/HRV 575.5121750182 516.9516401560 15.5031396358 149.1439908646
Europe/SouthernEurope/ITA 591.0153146540 516.9516401560 408.9846853460 149.1439908646
Europe/SouthernEurope/PRT 575.5121750182 666.0956310206 361.4129994962 25.9839686595
Europe/SouthernEurope/SVN 936.9251745144 666.0956310206 63.0748254856 25.9839686595
Europe/WesternEurope/AUS 0.0000000000 692.0795996801 80.0535688186 207.1533169584
Europe/WesternEurope/CHE 80.0535688186 692.0795996801 133.3002227490 207.1533169584
Europe/WesternEurope/DEU 213.3537915675 692.0795996801 786.6462084325 207.1533169584
Europe/WesternEurope/FRA 0.0000000000 899.2329166385 727.3094675385 100.7670833615
Europe/WesternEurope/NLD 727.3094675385 899.2329166385 272.6905324615 100.7670833615

Africa/NorthernAfrica/DZA 0.0000000000 0.0000000000 65.6014432561 175.6601863925
Africa/NorthernAfrica/EGY 0.0000000000 175.6601863925 65.6014432561 42.5420288679
Africa/NorthernAfrica/MAR 0.0000000000 218.2022152604 65.6014432561 59.7391484619
Africa/NorthernAfrica/TUN 0.0000000000 277.9413637223 65.6014432561 33.1107178997
America/NorthernAmerica/CAN 65.6014432561 0.0000000000 903.1836831098 53.1538697787
America/NorthernAmerica/MEX 968.7851263659 0.0000000000 31.2148736341 53.1538697787
America/NorthernAmerica/USA 65.6014432561 53.1538697787 934.3985567439 245.7112764700
America/SouthernAmerica/ARG 65.6014432561 298.8651462487 328.2117464338 12.1869353732
America/SouthernAmerica/CHL 393.8131896899 298.8651462487 117.1758979451 12.1869353732
America/SouthernAmerica/COL 510.9890876350 298.8651462487 489.0109123650 12.1869353732
Asia/EasternAsia/CHN 0.0000000000 311.0520816219 53.4876815519 107.3085202851
Asia/EasternAsia/JPN 53.4876815519 311.0520816219 538.3536438415 107.3085202851
Asia/EasternAsia/KOR 591.8413253935 311.0520816219 151.2382574532 107.3085202851
Asia/SouthEasternAsia/IDN 743.0795828467 311.0520816219 65.5301130050 60.8219202030
Asia/SouthEasternAsia/MYS 808.6096958517 311.0520816219 101.0878241276 60.8219202030
Asia/SouthEasternAsia/PHL 743.0795828467 371.8740018249 51.2532097241 46.4866000822
Asia/SouthEasternAsia/SGP 794.3327925708 371.8740018249 64.9743542631 46.4866000822
Asia/SouthEasternAsia/THA 859.3071468339 371.8740018249 50.3903731454 46.4866000822
Asia/WesternAsia/IND 909.6975199793 311.0520816219 70.2601913594 60.5601646284
Asia/WesternAsia/TUR 909.6975199793 371.6122462504 70.2601913594 46.7483556567
AustraliaandNewZealand/NZL 979.9577113387 311.0520816219 20.0422886613 107.3085202851
Europe/EasternEurope/BGR 0.0000000000 418.3606019071 70.2931558890 54.8760906227
Europe/EasternEurope/CZE 70.2931558890 418.3606019071 113.2785997672 54.8760906227
Europe/EasternEurope/HUN 183.5717556562 418.3606019071 67.1434061646 54.8760906227
Europe/EasternEurope/POL 0.0000000000 473.2366925297 185.6859092603 98.1711655418
Europe/EasternEurope/ROU 185.6859092603 473.2366925297 65.0292525605 98.1711655418
Europe/EasternEurope/RUS 0.0000000000 571.4078580715 171.9906063813 100.7435360059
Europe/EasternEurope/SVK 171.9906063813 571.4078580715 78.7245554395 100.7435360059
Europe/EasternEurope/UKR 0.0000000000 672.1513940774 250.7151618208 17.6016832369
Europe/NorthernEurope/DNK 250.7151618208 418.3606019071 120.6919718948 66.2434600706
Europe/NorthernEurope/EST 371.4071337156 418.3606019071 20.3463790888 66.2434600706
Europe/NorthernEurope/FIN 391.7535128044 418.3606019071 177.7982280029 66.2434600706
Europe/NorthernEurope/GBR 250.7151618208 484.6040619777 318.8365789864 90.2914429241
Europe/NorthernEurope/IRL 250.7151618208 574.8955049018 41.6342241390 47.8142041780
Europe/NorthernEurope/LTU 292.3493859598 574.8955049018 76.0889887538 47.8142041780
Europe/NorthernEurope/LVA 368.4383747137 574.8955049018 39.3133743526 47.8142041780
Europe/NorthernEurope/NOR 407.7517490663 574.8955049018 161.7999917410 47.8142041780
Europe/NorthernEurope/SWE 250.7151618208 622.7097090798 318.8365789864 67.0433682346
Europe/SouthernEurope/ESP 569.5517408072 418.3606019071 336.6738531444 95.3680731603
Europe/SouthernEurope/GRC 906.2255939517 418.3606019071 68.4938765180 95.3680731603
Europe/SouthernEurope/HRV 974.7194704696 418.3606019071 25.2805295304 95.3680731603
Europe/SouthernEurope/ITA 569.5517408072 513.7286750673 430.4482591928 150.0433047772
Europe/SouthernEurope/PRT 569.5517408072 663.7719798445 361.3921388103 25.9810974698
Europe/SouthernEurope/SVN 930.9438796176 663.7719798445 69.0561203824 25.9810974698
Europe/WesternEurope/AUS 0.0000000000 689.7530773143 83.5169773325 201.8541804694
Europe/WesternEurope/CHE 83.5169773325 689.7530773143 136.8636850016 201.8541804694
Europe/WesternEurope/DEU 220.3806623341 689.7530773143 779.6193376659 201.8541804694
Europe/WesternEurope/FRA 0.0000000000 891.6072577837 735.6931553269 108.3927422163
Europe/WesternEurope/NLD 735.6931553269 891.6072577837 264.3068446731 108.3927422163

Africa/NorthernAfrica/DZA 0.0000000000 0.0000000000 74.5571670497 166.1134784839
Africa/NorthernAfrica/EGY 0.0000000000 166.1134784839 74.5571670497 39.7681415094
Africa/NorthernAfrica/MAR 0.0000000000 205.8816199932 74.5571670497 56.6870959907
Africa/NorthernAfrica/TUN 0.0000000000 262.5687159839 74.5571670497 29.2753509061
America/NorthernAmerica/CAN 74.5571670497 0.0000000000 884.6502725976 52.2702011087
America/NorthernAmerica/MEX 959.2074396473 0.0000000000 40.7925603527 52.2702011087
America/NorthernAmerica/USA 74.5571670497 52.2702011087 925.4428329503 231.1029780099
America/SouthernAmerica/ARG 74.5571670497 283.3731791186 469.0674794806 8.4708877714
America/SouthernAmerica/CHL 543.6246465304 283.3731791186 217.4908792764 8.4708877714
America/SouthernAmerica/COL 761.1155258068 283.3731791186 238.8844741932 8.4708877714
Asia/EasternAsia/CHN 0.0000000000 291.8440668900 49.6184711702 112.6101210735
Asia/EasternAsia/JPN 49.6184711702 291.8440668900 551.6183318787 112.6101210735
Asia/EasternAsia/KOR 601.2368030489 291.8440668900 144.5055401764 112.6101210735
Asia/SouthEasternAsia/IDN 745.7423432254 291.8440668900 24.7871346955 61.3687903817
Asia/SouthEasternAsia/MYS 770.5294779209 291.8440668900 131.9806470323 61.3687903817
Asia/SouthEasternAsia/PHL 745.7423432254 353.2128572717 42.4846538856 51.2413306918
Asia/SouthEasternAsia/SGP 788.2269971110 353.2128572717 54.3339202590 51.2413306918
Asia/SouthEasternAsia/THA 842.5609173700 353.2128572717 59.9492075832 51.2413306918
Asia/WesternAsia/IND 902.5101249532 291.8440668900 76.7366280086 63.3560026892
Asia/WesternAsia/TUR 902.5101249532 355.2000695792 76.7366280086 49.2541183843
AustraliaandNewZealand/NZL 979.2467529618 291.8440668900 20.7532470382 112.6101210735
Europe/EasternEurope/BGR 0.0000000000 404.4541879635 76.3823351104 54.6362926715
Europe/EasternEurope/CZE 76.3823351104 404.4541879635 127.7859101379 54.6362926715
Europe/EasternEurope/HUN 204.1682452483 404.4541879635 68.0036607493 54.6362926715
Europe/EasternEurope/POL 0.0000000000 459.0904806350 190.9065867468 92.0664178171
Europe/EasternEurope/ROU 190.9065867468 459.0904806350 81.2653192508 92.0664178171
Europe/EasternEurope/RUS 0.0000000000 551.1568984520 188.3070093966 107.7019956852
Europe/EasternEurope/SVK 188.3070093966 551.1568984520 83.8648966010 107.7019956852
Europe/EasternEurope/UKR 0.0000000000 658.8588941372 272.1719059976 20.4424102235
Europe/NorthernEurope/DNK 272.1719059976 404.4541879635 119.9287528288 66.7810639270
Europe/NorthernEurope/EST 392.1006588264 404.4541879635 21.5165182307 66.7810639270
Europe/NorthernEurope/FIN 413.6171770572 404.4541879635 156.4787517029 66.7810639270
Europe/NorthernEurope/GBR 272.1719059976 471.2352518905 297.9240227625 90.9954310223
Europe/NorthernEurope/IRL 272.1719059976 562.2306829128 39.9942016758 53.2272716017
Europe/NorthernEurope/LTU 312.1661076735 562.2306829128 78.8599531208 53.2272716017
Europe/NorthernEurope/LVA 391.0260607943 562.2306829128 36.0756231482 53.2272716017
Europe/NorthernEurope/NOR 427.1016839425 562.2306829128 142.9942448176 53.2272716017
Europe/NorthernEurope/SWE 272.1719059976 615.4579545145 297.9240227625 63.8433498461
Europe/SouthernEurope/ESP 570.0959287601 404.4541879635 325.3458561895 97.3449730303
Europe/SouthernEurope/GRC 895.4417849496 404.4541879635 75.7832727128 97.3449730303
Europe/SouthernEurope/HRV 971.2250576624 404.4541879635 28.7749423376 97.3449730303
Europe/SouthernEurope/ITA 570.0959287601 501.7991609938 429.9040712399 150.2387513422
Europe/SouthernEurope/PRT 570.0959287601 652.0379123360 354.4852037220 27.2633920247
Europe/SouthernEurope/SVN 924.5811324821 652.0379123360 75.4188675179 27.2633920247
Europe/WesternEurope/AUS 0.0000000000 679.3013043607 96.1538820258 188.3209370110
Europe/WesternEurope/CHE 96.1538820258 679.3013043607 148.8665701612 188.3209370110
Europe/WesternEurope/DEU 245.0204521870 679.3013043607 754.9795478130 188.3209370110
Europe/WesternEurope/FRA 0.0000000000 867.6222413717 763.7602097772 132.3777586283
Europe/WesternEurope/NLD 763.7602097772 867.6222413717 236.2397902228 132.3777586283

Africa/NorthernAfrica/DZA 0.0000000000 0.0000000000 63.8441983193 173.2573191107
Africa/NorthernAfrica/EGY 0.0000000000 173.2573191107 63.8441983193 35.5079111314
Africa/NorthernAfrica/MAR 0.0000000000 208.7652302421 63.8441983193 55.3096179640
Africa/NorthernAfrica/TUN 0.0000000000 264.0748482060 63.8441983193 28.7052155832
America/NorthernAmerica/CAN 63.8441983193 0.0000000000 848.0457948581 55.4172284493
America/NorthernAmerica/MEX 911.8899931774 0.0000000000 88.1100068226 55.4172284493
America/NorthernAmerica/USA 63.8441983193 55.4172284493 936.1558016807 231.3301176640
America/SouthernAmerica/ARG 63.8441983193 286.7473461134 468.6689108651 6.0327176758
America/SouthernAmerica/CHL 532.5131091844 286.7473461134 247.8469595361 6.0327176758
America/SouthernAmerica/COL 780.3600687205 286.7473461134 219.6399312795 6.0327176758
Asia/EasternAsia/CHN 0.0000000000 292.7800637892 64.3767894085 104.8730736378
Asia/EasternAsia/JPN 64.3767894085 292.7800637892 495.2959283402 104.8730736378
Asia/EasternAsia/KOR 559.6727177488 292.7800637892 181.0802058487 104.8730736378
Asia/SouthEasternAsia/IDN 740.7529235975 292.7800637892 27.8065027552 60.5743035771
Asia/SouthEasternAsia/MYS 768.5594263526 292.7800637892 124.9573313482 60.5743035771
Asia/SouthEasternAsia/PHL 740.7529235975 353.3543673663 17.5833091687 44.2987700607
Asia/SouthEasternAsia/SGP 758.3362327662 353.3543673663 49.5291939784 44.2987700607
Asia/SouthEasternAsia/THA 807.8654267446 353.3543673663 85.6513309563 44.2987700607
Asia/WesternAsia/IND 893.5167577008 292.7800637892 84.7928033808 58.5034883452
Asia/WesternAsia/TUR 893.5167577008 351.2835521344 84.7928033808 46.3695852926
AustraliaandNewZealand/NZL 978.3095610817 292.7800637892 21.6904389183 104.8730736378
Europe/EasternEurope/BGR 0.0000000000 397.6531374270 54.5265294442 73.2770004437
Europe/EasternEurope/CZE 54.5265294442 397.6531374270 146.3152230294 73.2770004437
Europe/EasternEurope/HUN 200.8417524736 397.6531374270 62.3940973187 73.2770004437
Europe/EasternEurope/POL 0.0000000000 470.9301378707 178.5198341217 81.7954031066
Europe/EasternEurope/ROU 178.5198341217 470.9301378707 84.7160156706 81.7954031066
Europe/EasternEurope/RUS 0.0000000000 552.7255409773 190.4085108918 108.1173444472
Europe/EasternEurope/SVK 190.4085108918 552.7255409773 72.8273389005 108.1173444472
Europe/EasternEurope/UKR 0.0000000000 660.8428854245 263.2358497923 14.7169174465
Europe/NorthernEurope/DNK 263.2358497923 397.6531374270 112.3481849972 64.2148219009
Europe/NorthernEurope/EST 375.5840347895 397.6531374270 24.7961616579 64.2148219009
Europe/NorthernEurope/FIN 400.3801964474 397.6531374270 166.4766921492 64.2148219009
Europe/NorthernEurope/GBR 263.2358497923 461.8679593279 303.6210388043 98.8304215147
Europe/NorthernEurope/IRL 263.2358497923 560.6983808426 43.4548374914 52.3454662215
Europe/NorthernEurope/LTU 306.6906872837 560.6983808426 78.5244594831 52.3454662215
Europe/NorthernEurope/LVA 385.2151467668 560.6983808426 40.0625284731 52.3454662215
Europe/NorthernEurope/NOR 425.2776752399 560.6983808426 141.5792133568 52.3454662215
Europe/NorthernEurope/SWE 263.2358497923 613.0438470640 303.6210388043 62.5159558070
Europe/SouthernEurope/ESP 566.8568885966 397.6531374270 360.6848481888 104.9778198656
Europe/SouthernEurope/GRC 927.5417367854 397.6531374270 72.4582632146 104.9778198656
Europe/SouthernEurope/HRV 566.8568885966 502.6309572926 17.4250761460 147.9661396679
Europe/SouthernEurope/ITA 584.2819647426 502.6309572926 415.7180352574 147.9661396679
Europe/SouthernEurope/PRT 566.8568885966 650.5970969605 360.7973837569 24.9627059105
Europe/SouthernEurope/SVN 927.6542723535 650.5970969605 72.3457276465 24.9627059105
Europe/WesternEurope/AUS 0.0000000000 675.5598028710 92.0879190479 188.1470001051
Europe/WesternEurope/CHE 92.0879190479 675.5598028710 138.8080531909 188.1470001051
Europe/WesternEurope/DEU 230.8959722387 675.5598028710 769.1040277613 188.1470001051
Europe/WesternEurope/FRA 0.0000000000 863.7068029761 701.6207183218 136.2931970239
Europe/WesternEurope/NLD 701.6207183218 863.7068029761 298.3792816782 136.2931970239

Africa/NorthernAfrica/DZA 0.0000000000 0.0000000000 65.4665048439 166.6386650435
Africa/NorthernAfrica/EGY 0.0000000000 166.6386650435 65.4665048439 46.3543727536
Africa/NorthernAfrica/MAR 0.0000000000 212.9930377971 65.4665048439 54.3652177127
Africa/NorthernAfrica/TUN 0.0000000000 267.3582555098 65.4665048439 30.0413948838
America/NorthernAmerica/CAN 65.4665048439 0.0000000000 155.7851245860 291.1352959404
America/NorthernAmerica/MEX 221.2516294299 0.0000000000 19.6791816509 291.1352959404
America/NorthernAmerica/USA 240.9308110808 0.0000000000 759.0691889192 291.1352959404
America/SouthernAmerica/ARG 65.4665048439 291.1352959404 548.6654362615 6.2643544532
America/SouthernAmerica/CHL 614.1319411054 291.1352959404 295.5569896339 6.2643544532
America/SouthernAmerica/COL 909.6889307394 291.1352959404 90.3110692606 6.2643544532
Asia/EasternAsia/CHN 0.0000000000 297.3996503936 72.4251371038 115.7581908715
Asia/EasternAsia/JPN 72.4251371038 297.3996503936 500.2513473926 115.7581908715
Asia/EasternAsia/KOR 572.6764844964 297.3996503936 173.0802622461 115.7581908715
Asia/SouthEasternAsia/IDN 745.7567467425 297.3996503936 18.7364484364 61.5574871562
Asia/SouthEasternAsia/MYS 764.4931951789 297.3996503936 130.1141751108 61.5574871562
Asia/SouthEasternAsia/PHL 745.7567467425 358.9571375498 22.5817528796 54.2007037153
Asia/SouthEasternAsia/SGP 768.3384996221 358.9571375498 47.1267937976 54.2007037153
Asia/SouthEasternAsia/THA 815.4652934197 358.9571375498 79.1420768700 54.2007037153
Asia/WesternAsia/IND 894.6073702897 297.3996503936 84.3937144182 52.0517671368
Asia/WesternAsia/TUR 894.6073702897 349.4514175304 84.3937144182 63.7064237347
AustraliaandNewZealand/NZL 979.0010847079 297.3996503936 20.9989152921 115.7581908715
Europe/EasternEurope/BGR 0.0000000000 413.1578412651 44.3627847177 96.9358250065
Europe/EasternEurope/CZE 44.3627847177 413.1578412651 197.4162628823 96.9358250065
Europe/EasternEurope/HUN 241.7790476000 413.1578412651 38.2359854399 96.9358250065
Europe/EasternEurope/POL 0.0000000000 510.0936662716 198.4176528537 84.3872102902
Europe/EasternEurope/ROU 198.4176528537 510.0936662716 81.5973801862 84.3872102902
Europe/EasternEurope/RUS 0.0000000000 594.4808765618 190.6305153664 98.2029416782
Europe/EasternEurope/SVK 190.6305153664 594.4808765618 89.3845176735 98.2029416782
Europe/EasternEurope/UKR 0.0000000000 692.6838182400 280.0150330399 11.2670731688
Europe/NorthernEurope/DNK 280.0150330399 413.1578412651 105.6605040885 63.7173119662
Europe/NorthernEurope/EST 385.6755371284 413.1578412651 21.1631940291 63.7173119662
Europe/NorthernEurope/FIN 406.8387311576 413.1578412651 171.3724386685 63.7173119662
Europe/NorthernEurope/GBR 280.0150330399 476.8751532313 298.1961367862 115.4847409527
Europe/NorthernEurope/IRL 280.0150330399 592.3598941840 51.0215982988 53.5382442856
Europe/NorthernEurope/LTU 331.0366313387 592.3598941840 73.9876665886 53.5382442856
Europe/NorthernEurope/LVA 405.0242979273 592.3598941840 32.5393181630 53.5382442856
Europe/NorthernEurope/NOR 437.5636160903 592.3598941840 140.6475537357 53.5382442856
Europe/NorthernEurope/SWE 280.0150330399 645.8981384696 298.1961367862 58.0527529392
Europe/SouthernEurope/ESP 578.2111698261 413.1578412651 350.0342987675 105.7304809519
Europe/SouthernEurope/GRC 928.2454685936 413.1578412651 71.7545314064 105.7304809519
Europe/SouthernEurope/HRV 578.2111698261 518.8883222170 15.2036756966 160.2075969575
Europe/SouthernEurope/ITA 593.4148455227 518.8883222170 406.5851544773 160.2075969575
Europe/SouthernEurope/PRT 578.2111698261 679.0959191744 347.1468035617 24.8549722343
Europe/SouthernEurope/SVN 925.3579733878 679.0959191744 74.6420266122 24.8549722343
Europe/WesternEurope/AUS 0.0000000000 703.9508914087 61.1095640941 256.8556237644
Europe/WesternEurope/CHE 61.1095640941 703.9508914087 112.2303399977 256.8556237644
Europe/WesternEurope/DEU 173.3399040917 703.9508914087 485.8058144373 256.8556237644
Europe/WesternEurope/FRA 659.1457185290 703.9508914087 340.8542814710 256.8556237644
Europe/WesternEurope/NLD 0.0000000000 960.8065151731 1000.0000000000 39.1934848269

