new shellcheck 53
ellcheck.hs 0.0000000000 916.1123429416 378.8546255507 83.8876570584
ellCheck/Analytics.hs 210.3250478011 0.0000000000 789.6749521989 386.5484109387
ellCheck/AST.hs 0.0000000000 0.0000000000 210.3250478011 386.5484109387
ellCheck/Parser.hs 0.0000000000 386.5484109387 1000.0000000000 511.4560236511
ellCheck/Simple.hs 0.0000000000 898.0044345898 1000.0000000000 18.1079083518
kefile 378.8546255507 916.1123429416 96.9162995595 83.8876570584
oncheck.hs 475.7709251101 916.1123429416 140.9691629956 83.8876570584
st/quackCheck.hs 616.7400881057 916.1123429416 286.3436123348 83.8876570584
st/runQuack 903.0837004405 916.1123429416 96.9162995595 83.8876570584

ellcheck.hs 0.0000000000 922.3666210670 378.8546255507 77.6333789330
ellCheck/Analytics.hs 201.8819503849 0.0000000000 798.1180496151 399.7948016416
ellCheck/AST.hs 0.0000000000 0.0000000000 201.8819503849 399.7948016416
ellCheck/Parser.hs 0.0000000000 399.7948016416 1000.0000000000 505.8139534884
ellCheck/Simple.hs 0.0000000000 905.6087551300 1000.0000000000 16.7578659371
kefile 378.8546255507 922.3666210670 96.9162995595 77.6333789330
oncheck.hs 475.7709251101 922.3666210670 140.9691629956 77.6333789330
st/quackCheck.hs 616.7400881057 922.3666210670 286.3436123348 77.6333789330
st/runQuack 903.0837004405 922.3666210670 96.9162995595 77.6333789330

ellcheck.hs 0.0000000000 923.7487403426 378.8546255507 76.2512596574
ellCheck/Analytics.hs 195.8506224066 0.0000000000 804.1493775934 404.7699025865
ellCheck/AST.hs 0.0000000000 0.0000000000 195.8506224066 404.7699025865
ellCheck/Parser.hs 0.0000000000 404.7699025865 1000.0000000000 502.5193147464
ellCheck/Simple.hs 0.0000000000 907.2892173329 1000.0000000000 16.4595230097
kefile 378.8546255507 923.7487403426 96.9162995595 76.2512596574
oncheck.hs 475.7709251101 923.7487403426 140.9691629956 76.2512596574
st/quackCheck.hs 616.7400881057 923.7487403426 286.3436123348 76.2512596574
st/runQuack 903.0837004405 923.7487403426 96.9162995595 76.2512596574

ellcheck.hs 0.0000000000 925.1319261214 378.8546255507 74.8680738786
ellCheck/Analytics.hs 188.8000000000 0.0000000000 811.2000000000 412.2691292876
ellCheck/AST.hs 0.0000000000 0.0000000000 188.8000000000 412.2691292876
ellCheck/Parser.hs 0.0000000000 412.2691292876 1000.0000000000 496.7018469657
ellCheck/Simple.hs 0.0000000000 908.9709762533 1000.0000000000 16.1609498681
kefile 378.8546255507 925.1319261214 96.9162995595 74.8680738786
oncheck.hs 475.7709251101 925.1319261214 140.9691629956 74.8680738786
st/quackCheck.hs 616.7400881057 925.1319261214 286.3436123348 74.8680738786
st/runQuack 903.0837004405 925.1319261214 96.9162995595 74.8680738786

ellcheck.hs 0.0000000000 926.1788617886 378.8546255507 73.8211382114
ellCheck/Analytics.hs 183.9438815277 0.0000000000 816.0561184723 417.2357723577
ellCheck/AST.hs 0.0000000000 0.0000000000 183.9438815277 417.2357723577
ellCheck/Parser.hs 0.0000000000 417.2357723577 1000.0000000000 493.0081300813
ellCheck/Simple.hs 0.0000000000 910.2439024390 1000.0000000000 15.9349593496
kefile 378.8546255507 926.1788617886 96.9162995595 73.8211382114
oncheck.hs 475.7709251101 926.1788617886 140.9691629956 73.8211382114
st/quackCheck.hs 616.7400881057 926.1788617886 286.3436123348 73.8211382114
st/runQuack 903.0837004405 926.1788617886 96.9162995595 73.8211382114

ellcheck.hs 0.0000000000 931.2329597092 378.8546255507 68.7670402908
ellCheck/Analytics.hs 161.8655692730 0.0000000000 838.1344307270 441.6843380794
ellCheck/AST.hs 0.0000000000 0.0000000000 161.8655692730 441.6843380794
ellCheck/Parser.hs 0.0000000000 441.6843380794 1000.0000000000 474.7046349591
ellCheck/Simple.hs 0.0000000000 916.3889730385 1000.0000000000 14.8439866707
kefile 378.8546255507 931.2329597092 96.9162995595 68.7670402908
oncheck.hs 475.7709251101 931.2329597092 140.9691629956 68.7670402908
st/quackCheck.hs 616.7400881057 931.2329597092 286.3436123348 68.7670402908
st/runQuack 903.0837004405 931.2329597092 96.9162995595 68.7670402908

ellcheck.hs 0.0000000000 933.8914549654 375.5458515284 66.1085450346
ellCheck/Analytics.hs 149.1504090623 0.0000000000 850.8495909377 458.7182448037
ellCheck/AST.hs 0.0000000000 0.0000000000 149.1504090623 458.7182448037
ellCheck/Parser.hs 0.0000000000 458.7182448037 1000.0000000000 461.0277136259
ellCheck/Simple.hs 0.0000000000 919.7459584296 1000.0000000000 14.1454965358
kefile 375.5458515284 933.8914549654 104.8034934498 66.1085450346
oncheck.hs 480.3493449782 933.8914549654 139.7379912664 66.1085450346
st/quackCheck.hs 620.0873362445 933.8914549654 283.8427947598 66.1085450346
st/runQuack 903.9301310044 933.8914549654 96.0698689956 66.1085450346

ellcheck.hs 0.0000000000 942.0546558704 375.5458515284 57.9453441296
ellCheck/Analytics.hs 168.2098765432 0.0000000000 831.7901234568 491.9028340081
ellCheck/AST.hs 0.0000000000 0.0000000000 168.2098765432 491.9028340081
ellCheck/Parser.hs 0.0000000000 491.9028340081 1000.0000000000 437.7530364372
ellCheck/Simple.hs 0.0000000000 929.6558704453 1000.0000000000 12.3987854251
kefile 375.5458515284 942.0546558704 104.8034934498 57.9453441296
oncheck.hs 480.3493449782 942.0546558704 139.7379912664 57.9453441296
st/quackCheck.hs 620.0873362445 942.0546558704 283.8427947598 57.9453441296
st/runQuack 903.9301310044 942.0546558704 96.0698689956 57.9453441296

ellcheck.hs 0.0000000000 944.2007797271 375.5458515284 55.7992202729
ellCheck/Analytics.hs 159.6719729860 0.0000000000 840.3280270140 505.1169590643
ellCheck/AST.hs 0.0000000000 0.0000000000 159.6719729860 505.1169590643
ellCheck/Parser.hs 0.0000000000 505.1169590643 1000.0000000000 427.1442495127
ellCheck/Simple.hs 0.0000000000 932.2612085770 1000.0000000000 11.9395711501
kefile 375.5458515284 944.2007797271 104.8034934498 55.7992202729
oncheck.hs 480.3493449782 944.2007797271 139.7379912664 55.7992202729
st/quackCheck.hs 620.0873362445 944.2007797271 283.8427947598 55.7992202729
st/runQuack 903.9301310044 944.2007797271 96.0698689956 55.7992202729

ellcheck.hs 0.0000000000 945.3237410072 377.1929824561 54.6762589928
ellCheck/Analytics.hs 162.0166421929 0.0000000000 837.9833578071 489.9280575540
ellCheck/AST.hs 0.0000000000 0.0000000000 162.0166421929 489.9280575540
ellCheck/Data.hs 0.0000000000 489.9280575540 36.2162162162 443.6450839329
ellCheck/Parser.hs 36.2162162162 489.9280575540 963.7837837838 443.6450839329
ellCheck/Simple.hs 0.0000000000 933.5731414868 1000.0000000000 11.7505995204
kefile 377.1929824561 945.3237410072 100.8771929825 54.6762589928
oncheck.hs 478.0701754386 945.3237410072 140.3508771930 54.6762589928
st/quackCheck.hs 618.4210526316 945.3237410072 285.0877192982 54.6762589928
st/runQuack 903.5087719298 945.3237410072 96.4912280702 54.6762589928

ellcheck.hs 0.0000000000 946.1319411486 374.4493392070 53.8680588514
ellCheck/Analytics.hs 163.8554216867 0.0000000000 836.1445783133 492.4062648315
ellCheck/AST.hs 0.0000000000 0.0000000000 163.8554216867 492.4062648315
ellCheck/Data.hs 0.0000000000 492.4062648315 35.9634997316 442.0977693403
ellCheck/Parser.hs 35.9634997316 492.4062648315 964.0365002684 442.0977693403
ellCheck/Simple.hs 0.0000000000 934.5040341718 1000.0000000000 11.6279069767
kefile 374.4493392070 946.1319411486 101.3215859031 53.8680588514
oncheck.hs 475.7709251101 946.1319411486 140.9691629956 53.8680588514
st/quackCheck.hs 616.7400881057 946.1319411486 286.3436123348 53.8680588514
st/runQuack 903.0837004405 946.1319411486 96.9162995595 53.8680588514

ellcheck.hs 0.0000000000 915.7353598570 716.1803713528 84.2646401430
ellCheck/Analytics.hs 157.4803149606 0.0000000000 842.5196850394 482.5659365221
ellCheck/AST.hs 0.0000000000 0.0000000000 157.4803149606 482.5659365221
ellCheck/Data.hs 0.0000000000 482.5659365221 39.1949152542 421.9937416182
ellCheck/Parser.hs 39.1949152542 482.5659365221 960.8050847458 421.9937416182
ellCheck/Simple.hs 0.0000000000 904.5596781404 1000.0000000000 11.1756817166
kefile 716.1803713528 915.7353598570 53.0503978780 84.2646401430
st/quackCheck.hs 769.2307692308 915.7353598570 172.4137931034 84.2646401430
st/runQuack 941.6445623342 915.7353598570 58.3554376658 84.2646401430

ellcheck.hs 0.0000000000 917.1919148011 708.6614173228 82.8080851989
ellCheck/Analytics.hs 151.3802315227 0.0000000000 848.6197684773 488.1547489676
ellCheck/AST.hs 0.0000000000 0.0000000000 151.3802315227 488.1547489676
ellCheck/Data.hs 0.0000000000 488.1547489676 38.4615384615 418.1699630515
ellCheck/Parser.hs 38.4615384615 488.1547489676 961.5384615385 418.1699630515
ellCheck/Simple.hs 0.0000000000 906.3247120191 1000.0000000000 10.8672027820
kefile 708.6614173228 917.1919148011 62.9921259843 82.8080851989
st/quackCheck.hs 771.6535433071 917.1919148011 170.6036745407 82.8080851989
st/runQuack 942.2572178478 917.1919148011 57.7427821522 82.8080851989

ellcheck.hs 0.0000000000 920.5394190871 708.6614173228 79.0456431535
ellCheck/Analytics.hs 146.0101867572 0.0000000000 853.9898132428 488.7966804979
ellCheck/AST.hs 0.0000000000 0.0000000000 146.0101867572 488.7966804979
ellCheck/Data.hs 0.0000000000 488.7966804979 36.7428003972 417.8423236515
ellCheck/Parser.hs 36.7428003972 488.7966804979 963.2571996028 417.8423236515
ellCheck/Simple.hs 0.0000000000 906.6390041494 1000.0000000000 13.9004149378
kefile 708.6614173228 920.5394190871 62.9921259843 79.0456431535
st/quackCheck.hs 771.6535433071 920.5394190871 170.6036745407 79.0456431535
st/runQuack 942.2572178478 920.5394190871 57.7427821522 79.0456431535
tup.hs 0.0000000000 999.5850622407 1000.0000000000 0.4149377593

ellcheck.hs 0.0000000000 919.9535962877 730.5825242718 79.6597061098
ellCheck/Analytics.hs 134.4761904762 0.0000000000 865.5238095238 507.5406032483
ellCheck/AST.hs 0.0000000000 0.0000000000 134.4761904762 507.5406032483
ellCheck/Data.hs 0.0000000000 507.5406032483 36.7860600194 399.4586233565
ellCheck/Parser.hs 36.7860600194 507.5406032483 963.2139399806 399.4586233565
ellCheck/Simple.hs 0.0000000000 906.9992266048 1000.0000000000 12.9543696829
kefile 730.5825242718 919.9535962877 58.2524271845 79.6597061098
st/quackCheck.hs 788.8349514563 919.9535962877 157.7669902913 79.6597061098
st/runQuack 946.6019417476 919.9535962877 53.3980582524 79.6597061098
tup.hs 0.0000000000 999.6133023975 1000.0000000000 0.3866976025

ellcheck.hs 0.0000000000 923.4891886897 730.5825242718 76.1411938644
ellCheck/Analytics.hs 124.8241912799 0.0000000000 875.1758087201 525.5960081316
ellCheck/AST.hs 0.0000000000 0.0000000000 124.8241912799 525.5960081316
ellCheck/Data.hs 0.0000000000 525.5960081316 36.4333652924 385.5109961190
ellCheck/Parser.hs 36.4333652924 525.5960081316 963.5666347076 385.5109961190
ellCheck/Simple.hs 0.0000000000 911.1070042506 1000.0000000000 12.3821844391
kefile 730.5825242718 923.4891886897 58.2524271845 76.1411938644
st/quackCheck.hs 788.8349514563 923.4891886897 157.7669902913 76.1411938644
st/runQuack 946.6019417476 923.4891886897 53.3980582524 76.1411938644
tup.hs 0.0000000000 999.6303825541 1000.0000000000 0.3696174459

ellcheck.hs 0.0000000000 926.2163607200 730.5825242718 73.4271965782
ellCheck/Analytics.hs 117.8417742469 0.0000000000 882.1582257531 538.4067011228
ellCheck/AST.hs 0.0000000000 0.0000000000 117.8417742469 538.4067011228
ellCheck/Data.hs 0.0000000000 538.4067011228 39.8293029872 375.8688290857
ellCheck/Parser.hs 39.8293029872 538.4067011228 960.1706970128 375.8688290857
ellCheck/Simple.hs 0.0000000000 914.2755302085 1000.0000000000 11.9408305115
kefile 730.5825242718 926.2163607200 58.2524271845 73.4271965782
st/quackCheck.hs 788.8349514563 926.2163607200 157.7669902913 73.4271965782
st/runQuack 946.6019417476 926.2163607200 53.3980582524 73.4271965782
tup.hs 0.0000000000 999.6435572982 1000.0000000000 0.3564427018

ellcheck.hs 0.0000000000 939.9582318134 872.4637681159 60.0417681866
ellCheck/Analytics.hs 112.5158027813 0.0000000000 887.4841972187 550.6439262095
ellCheck/AST.hs 0.0000000000 0.0000000000 112.5158027813 550.6439262095
ellCheck/Data.hs 0.0000000000 550.6439262095 40.1847575058 376.7838496345
ellCheck/Parser.hs 40.1847575058 550.6439262095 959.8152424942 376.7838496345
ellCheck/Simple.hs 0.0000000000 927.4277758441 1000.0000000000 12.5304559694
kefile 872.4637681159 939.9582318134 75.3623188406 60.0417681866
st/shellcheck.hs 947.8260869565 939.9582318134 46.3768115942 60.0417681866
tup.hs 994.2028985507 939.9582318134 5.7971014493 60.0417681866

ellcheck.hs 0.0000000000 945.1513067400 943.5736677116 54.8486932600
ellCheck/Analytics.hs 109.2929916641 0.0000000000 890.7070083359 556.9119669876
ellCheck/AST.hs 0.0000000000 0.0000000000 109.2929916641 556.9119669876
ellCheck/Data.hs 0.0000000000 556.9119669876 39.7987191217 375.8596973865
ellCheck/Parser.hs 39.7987191217 556.9119669876 960.2012808783 375.8596973865
ellCheck/Simple.hs 0.0000000000 932.7716643741 1000.0000000000 12.3796423659
st/shellcheck.hs 943.5736677116 945.1513067400 50.1567398119 54.8486932600
tup.hs 993.7304075235 945.1513067400 6.2695924765 54.8486932600

ellcheck.hs 0.0000000000 945.7667460048 943.5736677116 54.2332539952
ellCheck/Analytics.hs 107.3703366697 0.0000000000 892.6296633303 560.5236314179
ellCheck/AST.hs 0.0000000000 0.0000000000 107.3703366697 560.5236314179
ellCheck/Data.hs 0.0000000000 560.5236314179 39.6536007293 373.0023801428
ellCheck/Parser.hs 39.6536007293 560.5236314179 960.3463992707 373.0023801428
ellCheck/Simple.hs 0.0000000000 933.5260115607 1000.0000000000 12.2407344441
st/shellcheck.hs 943.5736677116 945.7667460048 50.1567398119 54.2332539952
tup.hs 993.7304075235 945.7667460048 6.2695924765 54.2332539952

ellcheck.hs 0.0000000000 939.4091977174 950.1385041551 60.5908022826
ellCheck/Analytics.hs 107.6598311218 0.0000000000 892.3401688782 556.5626049010
ellCheck/AST.hs 0.0000000000 0.0000000000 107.6598311218 556.5626049010
ellCheck/Data.hs 0.0000000000 556.5626049010 861.3861386139 16.9519973145
ellCheck/Options.hs 861.3861386139 556.5626049010 138.6138613861 16.9519973145
ellCheck/Parser.hs 0.0000000000 573.5146022155 1000.0000000000 352.9707955690
ellCheck/Simple.hs 0.0000000000 926.4853977845 1000.0000000000 12.9237999329
st/shellcheck.hs 950.1385041551 939.4091977174 44.3213296399 60.5908022826
tup.hs 994.4598337950 939.4091977174 5.5401662050 60.5908022826

ellcheck.hs 0.0000000000 938.7959866221 950.8196721311 61.2040133779
ellCheck/Analytics.hs 107.1107110711 0.0000000000 892.8892889289 557.3578595318
ellCheck/AST.hs 0.0000000000 0.0000000000 107.1107110711 557.3578595318
ellCheck/Data.hs 0.0000000000 557.3578595318 861.3861386139 16.8896321070
ellCheck/Options.hs 861.3861386139 557.3578595318 138.6138613861 16.8896321070
ellCheck/Parser.hs 0.0000000000 574.2474916388 1000.0000000000 351.6722408027
ellCheck/Simple.hs 0.0000000000 925.9197324415 1000.0000000000 12.8762541806
st/shellcheck.hs 950.8196721311 938.7959866221 43.7158469945 61.2040133779
tup.hs 994.5355191257 938.7959866221 5.4644808743 61.2040133779

ellcheck.hs 0.0000000000 939.2833443928 950.8196721311 60.7166556072
ellCheck/Analytics.hs 106.1236623068 0.0000000000 893.8763376932 558.0623755806
ellCheck/AST.hs 0.0000000000 0.0000000000 106.1236623068 558.0623755806
ellCheck/Data.hs 0.0000000000 558.0623755806 861.3861386139 16.7551426676
ellCheck/Options.hs 861.3861386139 558.0623755806 138.6138613861 16.7551426676
ellCheck/Parser.hs 0.0000000000 574.8175182482 1000.0000000000 351.6921035169
ellCheck/Simple.hs 0.0000000000 926.5096217651 1000.0000000000 12.7737226277
st/shellcheck.hs 950.8196721311 939.2833443928 43.7158469945 60.7166556072
tup.hs 994.5355191257 939.2833443928 5.4644808743 60.7166556072

ellcheck.hs 0.0000000000 940.0393184797 950.8196721311 59.9606815203
ellCheck/Analytics.hs 104.7842676842 0.0000000000 895.2157323158 558.1585845347
ellCheck/AST.hs 0.0000000000 0.0000000000 104.7842676842 558.1585845347
ellCheck/Data.hs 0.0000000000 558.1585845347 861.3861386139 16.5465268676
ellCheck/Options.hs 861.3861386139 558.1585845347 138.6138613861 16.5465268676
ellCheck/Parser.hs 0.0000000000 574.7051114024 1000.0000000000 352.7195281782
ellCheck/Simple.hs 0.0000000000 927.4246395806 1000.0000000000 12.6146788991
st/shellcheck.hs 950.8196721311 940.0393184797 43.7158469945 59.9606815203
tup.hs 994.5355191257 940.0393184797 5.4644808743 59.9606815203

ellcheck.hs 0.0000000000 940.1471790679 950.8196721311 59.8528209321
ellCheck/Analytics.hs 104.4470450556 0.0000000000 895.5529549444 558.9533932952
ellCheck/AST.hs 0.0000000000 0.0000000000 104.4470450556 558.9533932952
ellCheck/Data.hs 0.0000000000 558.9533932952 861.3861386139 16.5167620605
ellCheck/Options.hs 861.3861386139 558.9533932952 138.6138613861 16.5167620605
ellCheck/Parser.hs 0.0000000000 575.4701553557 1000.0000000000 352.0850367948
ellCheck/Simple.hs 0.0000000000 927.5551921504 1000.0000000000 12.5919869174
st/shellcheck.hs 950.8196721311 940.1471790679 43.7158469945 59.8528209321
tup.hs 994.5355191257 940.1471790679 5.4644808743 59.8528209321

ellcheck.hs 0.0000000000 934.0463458111 855.0368550369 65.9536541889
ellCheck/Analytics.hs 106.6079295154 0.0000000000 893.3920704846 551.7744287798
ellCheck/AST.hs 0.0000000000 0.0000000000 106.6079295154 551.7744287798
ellCheck/Data.hs 0.0000000000 551.7744287798 861.3861386139 16.3668773294
ellCheck/Options.hs 861.3861386139 551.7744287798 138.6138613861 16.3668773294
ellCheck/Parser.hs 0.0000000000 568.1413061092 1000.0000000000 353.4273213418
ellCheck/Simple.hs 0.0000000000 921.5686274510 1000.0000000000 12.4777183601
st/shellcheck.hs 855.0368550369 934.0463458111 39.3120393120 65.9536541889
tup.hs 894.3488943489 934.0463458111 105.6511056511 65.9536541889

ellcheck.hs 0.0000000000 934.7860413706 857.1428571429 65.2139586294
ellCheck/Analytics.hs 101.9376579612 0.0000000000 898.0623420388 562.2927522501
ellCheck/AST.hs 0.0000000000 0.0000000000 101.9376579612 562.2927522501
ellCheck/Data.hs 0.0000000000 562.2927522501 861.3861386139 15.9482078004
ellCheck/Options.hs 861.3861386139 562.2927522501 138.6138613861 15.9482078004
ellCheck/Parser.hs 0.0000000000 578.2409600505 1000.0000000000 344.3865466604
ellCheck/Simple.hs 0.0000000000 922.6275067109 1000.0000000000 12.1585346597
st/shellcheck.hs 857.1428571429 934.7860413706 38.7409200969 65.2139586294
tup.hs 895.8837772397 934.7860413706 104.1162227603 65.2139586294

ellcheck.hs 0.0000000000 935.3171495693 857.1428571429 64.6828504307
ellCheck/Analytics.hs 99.3122420908 0.0000000000 900.6877579092 569.3030540329
ellCheck/AST.hs 0.0000000000 0.0000000000 99.3122420908 569.3030540329
ellCheck/Data.hs 0.0000000000 569.3030540329 33.2299512627 353.4847298356
ellCheck/Options.hs 33.2299512627 569.3030540329 6.2029242357 353.4847298356
ellCheck/Parser.hs 39.4328754984 569.3030540329 960.5671245016 353.4847298356
ellCheck/Simple.hs 0.0000000000 922.7877838684 1000.0000000000 12.5293657009
st/shellcheck.hs 857.1428571429 935.3171495693 38.7409200969 64.6828504307
tup.hs 895.8837772397 935.3171495693 104.1162227603 64.6828504307

ellcheck.hs 0.0000000000 936.5493931479 857.1428571429 63.4506068521
ellCheck/Analytics.hs 98.4540276648 0.0000000000 901.5459723352 566.4464587494
ellCheck/AST.hs 0.0000000000 0.0000000000 98.4540276648 566.4464587494
ellCheck/Data.hs 0.0000000000 566.4464587494 33.2152347210 346.9042863727
ellCheck/Options.hs 33.2152347210 566.4464587494 6.2001771479 346.9042863727
ellCheck/Parser.hs 39.4154118689 566.4464587494 960.5845881311 346.9042863727
ellCheck/Regex.hs 0.0000000000 913.3507451221 470.1986754967 23.1986480258
ellCheck/Simple.hs 470.1986754967 913.3507451221 529.8013245033 23.1986480258
st/shellcheck.hs 857.1428571429 936.5493931479 38.7409200969 63.4506068521
tup.hs 895.8837772397 936.5493931479 104.1162227603 63.4506068521

ellcheck.hs 0.0000000000 937.2626462099 857.1428571429 62.7373537901
ellCheck/Analytics.hs 97.2481966337 0.0000000000 902.7518033663 568.5857511773
ellCheck/AST.hs 0.0000000000 0.0000000000 97.2481966337 568.5857511773
ellCheck/Data.hs 0.0000000000 568.5857511773 32.9525483304 345.7390247607
ellCheck/Options.hs 32.9525483304 568.5857511773 6.1511423550 345.7390247607
ellCheck/Parser.hs 39.1036906854 568.5857511773 960.8963093146 345.7390247607
ellCheck/Regex.hs 0.0000000000 914.3247759380 470.1986754967 22.9378702719
ellCheck/Simple.hs 470.1986754967 914.3247759380 529.8013245033 22.9378702719
st/shellcheck.hs 857.1428571429 937.2626462099 38.7409200969 62.7373537901
tup.hs 895.8837772397 937.2626462099 104.1162227603 62.7373537901

ellcheck.hs 0.0000000000 937.1900826446 858.8516746411 62.8099173554
ellCheck/Analytics.hs 96.6719492868 0.0000000000 903.3280507132 568.8955672427
ellCheck/AST.hs 0.0000000000 0.0000000000 96.6719492868 568.8955672427
ellCheck/Data.hs 0.0000000000 568.8955672427 32.6655052265 345.0037565740
ellCheck/Options.hs 32.6655052265 568.8955672427 6.0975609756 345.0037565740
ellCheck/Parser.hs 38.7630662021 568.8955672427 961.2369337979 345.0037565740
ellCheck/Regex.hs 0.0000000000 913.8993238167 470.9677419355 23.2907588279
ellCheck/Simple.hs 470.9677419355 913.8993238167 529.0322580645 23.2907588279
st/shellcheck.hs 858.8516746411 937.1900826446 38.2775119617 62.8099173554
tup.hs 897.1291866029 937.1900826446 102.8708133971 62.8099173554

ellcheck.hs 0.0000000000 938.5565191827 858.8516746411 61.4434808173
ellCheck/Analytics.hs 93.2484076433 0.0000000000 906.7515923567 576.9513449949
ellCheck/AST.hs 0.0000000000 0.0000000000 93.2484076433 576.9513449949
ellCheck/Data.hs 0.0000000000 576.9513449949 32.5379609544 338.8211083346
ellCheck/Options.hs 32.5379609544 576.9513449949 6.0737527115 338.8211083346
ellCheck/Parser.hs 38.6117136659 576.9513449949 961.3882863341 338.8211083346
ellCheck/Regex.hs 0.0000000000 915.7724533294 470.9677419355 22.7840658533
ellCheck/Simple.hs 470.9677419355 915.7724533294 529.0322580645 22.7840658533
st/shellcheck.hs 858.8516746411 938.5565191827 38.2775119617 61.4434808173
tup.hs 897.1291866029 938.5565191827 102.8708133971 61.4434808173

ellcheck.hs 0.0000000000 953.8806166820 825.7142857143 46.1193833180
ellCheck/Analytics.hs 0.0000000000 79.3253393069 1000.0000000000 453.6829621821
ellCheck/Analyzer.hs 0.0000000000 533.0083014890 37.6044568245 94.6106206351
ellCheck/AST.hs 0.0000000000 0.0000000000 601.3289036545 79.3253393069
ellCheck/ASTLib.hs 601.3289036545 0.0000000000 398.6710963455 79.3253393069
ellCheck/Checker.hs 37.6044568245 533.0083014890 221.4484679666 94.6106206351
ellCheck/Data.hs 259.0529247911 533.0083014890 122.5626740947 94.6106206351
ellCheck/Formatter/CheckStyle.hs 381.6155988858 533.0083014890 114.2061281337 94.6106206351
ellCheck/Formatter/Format.hs 495.8217270195 533.0083014890 84.9582172702 94.6106206351
ellCheck/Formatter/GCC.hs 580.7799442897 533.0083014890 75.2089136490 94.6106206351
ellCheck/Formatter/JSON.hs 655.9888579387 533.0083014890 80.7799442897 94.6106206351
ellCheck/Formatter/TTY.hs 736.7688022284 533.0083014890 119.7771587744 94.6106206351
ellCheck/Interface.hs 856.5459610028 533.0083014890 143.4540389972 94.6106206351
ellCheck/Parser.hs 0.0000000000 627.6189221241 1000.0000000000 315.7201212281
ellCheck/Regex.hs 0.0000000000 943.3390433522 1000.0000000000 10.5415733298
st/shellcheck.hs 825.7142857143 953.8806166820 51.4285714286 46.1193833180
tup.hs 877.1428571429 953.8806166820 122.8571428571 46.1193833180

ellcheck.hs 0.0000000000 954.3438559875 825.7142857143 45.6561440125
ellCheck/Analytics.hs 0.0000000000 78.9199060788 1000.0000000000 452.6480563527
ellCheck/Analyzer.hs 0.0000000000 531.5679624315 37.6044568245 93.6603182885
ellCheck/AST.hs 0.0000000000 0.0000000000 603.3057851240 78.9199060788
ellCheck/ASTLib.hs 603.3057851240 0.0000000000 396.6942148760 78.9199060788
ellCheck/Checker.hs 37.6044568245 531.5679624315 221.4484679666 93.6603182885
ellCheck/Data.hs 259.0529247911 531.5679624315 122.5626740947 93.6603182885
ellCheck/Formatter/CheckStyle.hs 381.6155988858 531.5679624315 114.2061281337 93.6603182885
ellCheck/Formatter/Format.hs 495.8217270195 531.5679624315 84.9582172702 93.6603182885
ellCheck/Formatter/GCC.hs 580.7799442897 531.5679624315 75.2089136490 93.6603182885
ellCheck/Formatter/JSON.hs 655.9888579387 531.5679624315 80.7799442897 93.6603182885
ellCheck/Formatter/TTY.hs 736.7688022284 531.5679624315 119.7771587744 93.6603182885
ellCheck/Interface.hs 856.5459610028 531.5679624315 143.4540389972 93.6603182885
ellCheck/Parser.hs 0.0000000000 625.2282807201 1000.0000000000 318.6798852074
ellCheck/Regex.hs 0.0000000000 943.9081659275 1000.0000000000 10.4356900600
st/shellcheck.hs 825.7142857143 954.3438559875 51.4285714286 45.6561440125
tup.hs 877.1428571429 954.3438559875 122.8571428571 45.6561440125

ellcheck.hs 0.0000000000 956.0883280757 824.7126436782 43.9116719243
ellCheck/Analytics.hs 0.0000000000 77.9810725552 1000.0000000000 462.8391167192
ellCheck/Analyzer.hs 0.0000000000 540.8201892744 37.1900826446 91.6088328076
ellCheck/AST.hs 0.0000000000 0.0000000000 590.6148867314 77.9810725552
ellCheck/ASTLib.hs 590.6148867314 0.0000000000 409.3851132686 77.9810725552
ellCheck/Checker.hs 37.1900826446 540.8201892744 223.1404958678 91.6088328076
ellCheck/Data.hs 260.3305785124 540.8201892744 128.0991735537 91.6088328076
ellCheck/Formatter/CheckStyle.hs 388.4297520661 540.8201892744 112.9476584022 91.6088328076
ellCheck/Formatter/Format.hs 501.3774104683 540.8201892744 84.0220385675 91.6088328076
ellCheck/Formatter/GCC.hs 585.3994490358 540.8201892744 74.3801652893 91.6088328076
ellCheck/Formatter/JSON.hs 659.7796143251 540.8201892744 79.8898071625 91.6088328076
ellCheck/Formatter/TTY.hs 739.6694214876 540.8201892744 118.4573002755 91.6088328076
ellCheck/Interface.hs 858.1267217631 540.8201892744 141.8732782369 91.6088328076
ellCheck/Parser.hs 0.0000000000 632.4290220820 1000.0000000000 313.5646687697
ellCheck/Regex.hs 0.0000000000 945.9936908517 1000.0000000000 10.0946372240
st/shellcheck.hs 824.7126436782 956.0883280757 51.7241379310 43.9116719243
tup.hs 876.4367816092 956.0883280757 123.5632183908 43.9116719243

ellcheck.hs 0.0000000000 956.1160151324 824.7126436782 43.8839848676
ellCheck/Analytics.hs 0.0000000000 77.9319041614 1000.0000000000 462.6733921816
ellCheck/Analyzer.hs 0.0000000000 540.6052963430 37.1900826446 91.5510718789
ellCheck/AST.hs 0.0000000000 0.0000000000 590.6148867314 77.9319041614
ellCheck/ASTLib.hs 590.6148867314 0.0000000000 409.3851132686 77.9319041614
ellCheck/Checker.hs 37.1900826446 540.6052963430 223.1404958678 91.5510718789
ellCheck/Data.hs 260.3305785124 540.6052963430 128.0991735537 91.5510718789
ellCheck/Formatter/CheckStyle.hs 388.4297520661 540.6052963430 112.9476584022 91.5510718789
ellCheck/Formatter/Format.hs 501.3774104683 540.6052963430 84.0220385675 91.5510718789
ellCheck/Formatter/GCC.hs 585.3994490358 540.6052963430 74.3801652893 91.5510718789
ellCheck/Formatter/JSON.hs 659.7796143251 540.6052963430 79.8898071625 91.5510718789
ellCheck/Formatter/TTY.hs 739.6694214876 540.6052963430 118.4573002755 91.5510718789
ellCheck/Interface.hs 858.1267217631 540.6052963430 141.8732782369 91.5510718789
ellCheck/Parser.hs 0.0000000000 632.1563682219 1000.0000000000 313.8713745271
ellCheck/Regex.hs 0.0000000000 946.0277427491 1000.0000000000 10.0882723834
st/shellcheck.hs 824.7126436782 956.1160151324 51.7241379310 43.8839848676
tup.hs 876.4367816092 956.1160151324 123.5632183908 43.8839848676

ellcheck.hs 0.0000000000 951.3290902284 792.3076923077 48.6709097716
ellCheck/Analytics.hs 0.0000000000 77.1246724073 1000.0000000000 459.3785099214
ellCheck/Analyzer.hs 0.0000000000 536.5031823287 36.2416107383 92.9739173843
ellCheck/AST.hs 0.0000000000 0.0000000000 590.6148867314 77.1246724073
ellCheck/ASTLib.hs 590.6148867314 0.0000000000 409.3851132686 77.1246724073
ellCheck/Checker.hs 36.2416107383 536.5031823287 217.4496644295 92.9739173843
ellCheck/Data.hs 253.6912751678 536.5031823287 126.1744966443 92.9739173843
ellCheck/Formatter/CheckStyle.hs 379.8657718121 536.5031823287 110.0671140940 92.9739173843
ellCheck/Formatter/Format.hs 489.9328859060 536.5031823287 81.8791946309 92.9739173843
ellCheck/Formatter/GCC.hs 571.8120805369 536.5031823287 72.4832214765 92.9739173843
ellCheck/Formatter/JSON.hs 644.2953020134 536.5031823287 77.8523489933 92.9739173843
ellCheck/Formatter/TTY.hs 722.1476510067 536.5031823287 122.1476510067 92.9739173843
ellCheck/Interface.hs 844.2953020134 536.5031823287 155.7046979866 92.9739173843
ellCheck/Parser.hs 0.0000000000 629.4770997130 1000.0000000000 311.8682141520
ellCheck/Regex.hs 0.0000000000 941.3453138650 1000.0000000000 9.9837763634
ickrun 792.3076923077 951.3290902284 12.8205128205 48.6709097716
icktest 805.1282051282 951.3290902284 38.4615384615 48.6709097716
st/shellcheck.hs 843.5897435897 951.3290902284 46.1538461538 48.6709097716
tup.hs 889.7435897436 951.3290902284 110.2564102564 48.6709097716

ellcheck.hs 0.0000000000 952.3987074323 806.7885117493 47.6012925677
ellCheck/Analytics.hs 0.0000000000 76.8083519761 1000.0000000000 462.4658215262
ellCheck/Analyzer.hs 0.0000000000 539.2741735024 36.2416107383 92.5925925926
ellCheck/AST.hs 0.0000000000 0.0000000000 590.6148867314 76.8083519761
ellCheck/ASTLib.hs 590.6148867314 0.0000000000 409.3851132686 76.8083519761
ellCheck/Checker.hs 36.2416107383 539.2741735024 217.4496644295 92.5925925926
ellCheck/Data.hs 253.6912751678 539.2741735024 126.1744966443 92.5925925926
ellCheck/Formatter/CheckStyle.hs 379.8657718121 539.2741735024 110.0671140940 92.5925925926
ellCheck/Formatter/Format.hs 489.9328859060 539.2741735024 81.8791946309 92.5925925926
ellCheck/Formatter/GCC.hs 571.8120805369 539.2741735024 72.4832214765 92.5925925926
ellCheck/Formatter/JSON.hs 644.2953020134 539.2741735024 77.8523489933 92.5925925926
ellCheck/Formatter/TTY.hs 722.1476510067 539.2741735024 122.1476510067 92.5925925926
ellCheck/Interface.hs 844.2953020134 539.2741735024 155.7046979866 92.5925925926
ellCheck/Parser.hs 0.0000000000 631.8667660950 1000.0000000000 310.5891126025
ellCheck/Regex.hs 0.0000000000 942.4558786975 1000.0000000000 9.9428287348
ickrun 806.7885117493 952.3987074323 13.0548302872 47.6012925677
icktest 819.8433420366 952.3987074323 39.1644908616 47.6012925677
st/shellcheck.hs 859.0078328982 952.3987074323 46.9973890339 47.6012925677
tup.hs 906.0052219321 952.3987074323 93.9947780679 47.6012925677

ellcheck.hs 0.0000000000 952.6693030153 806.7885117493 47.3306969847
ellCheck/Analytics.hs 0.0000000000 76.3717251607 1000.0000000000 459.8368759268
ellCheck/Analyzer.hs 0.0000000000 536.2086010875 36.2416107383 92.0662382600
ellCheck/AST.hs 0.0000000000 0.0000000000 590.6148867314 76.3717251607
ellCheck/ASTLib.hs 590.6148867314 0.0000000000 409.3851132686 76.3717251607
ellCheck/Checker.hs 36.2416107383 536.2086010875 217.4496644295 92.0662382600
ellCheck/Data.hs 253.6912751678 536.2086010875 126.1744966443 92.0662382600
ellCheck/Formatter/CheckStyle.hs 379.8657718121 536.2086010875 110.0671140940 92.0662382600
ellCheck/Formatter/Format.hs 489.9328859060 536.2086010875 81.8791946309 92.0662382600
ellCheck/Formatter/GCC.hs 571.8120805369 536.2086010875 72.4832214765 92.0662382600
ellCheck/Formatter/JSON.hs 644.2953020134 536.2086010875 77.8523489933 92.0662382600
ellCheck/Formatter/TTY.hs 722.1476510067 536.2086010875 122.1476510067 92.0662382600
ellCheck/Interface.hs 844.2953020134 536.2086010875 155.7046979866 92.0662382600
ellCheck/Parser.hs 0.0000000000 628.2748393475 1000.0000000000 314.5081562037
ellCheck/Regex.hs 0.0000000000 942.7829955512 1000.0000000000 9.8863074642
ickrun 806.7885117493 952.6693030153 13.0548302872 47.3306969847
icktest 819.8433420366 952.6693030153 39.1644908616 47.3306969847
st/shellcheck.hs 859.0078328982 952.6693030153 46.9973890339 47.3306969847
tup.hs 906.0052219321 952.6693030153 93.9947780679 47.3306969847

ack.yaml 0.0000000000 0.0000000000 4.4791400051 953.2755886300
ellcheck.hs 0.0000000000 953.2755886300 806.7885117493 46.7244113700
ellCheck/Analytics.hs 4.4791400051 76.2228327713 995.5208599949 462.4838760110
ellCheck/Analyzer.hs 4.4791400051 538.7067087823 36.0792794897 91.2958366794
ellCheck/AST.hs 4.4791400051 0.0000000000 590.5903494182 76.2228327713
ellCheck/ASTLib.hs 595.0694894233 0.0000000000 404.9305105767 76.2228327713
ellCheck/Checker.hs 40.5584194949 538.7067087823 216.4756769385 91.2958366794
ellCheck/Data.hs 257.0340964334 538.7067087823 125.6093434088 91.2958366794
ellCheck/Formatter/CheckStyle.hs 382.6434398421 538.7067087823 109.5741080800 91.2958366794
ellCheck/Formatter/Format.hs 492.2175479221 538.7067087823 81.5124462546 91.2958366794
ellCheck/Formatter/GCC.hs 573.7299941767 538.7067087823 72.1585589795 91.2958366794
ellCheck/Formatter/JSON.hs 645.8885531562 538.7067087823 77.5036374224 91.2958366794
ellCheck/Formatter/TTY.hs 723.3921905786 538.7067087823 121.6005345766 91.2958366794
ellCheck/Interface.hs 844.9927251552 538.7067087823 155.0072748448 91.2958366794
ellCheck/Parser.hs 4.4791400051 630.0025454617 995.5208599949 313.4694633906
ellCheck/Regex.hs 4.4791400051 943.4720088523 995.5208599949 9.8035797777
ickrun 806.7885117493 953.2755886300 13.0548302872 46.7244113700
icktest 819.8433420366 953.2755886300 39.1644908616 46.7244113700
st/shellcheck.hs 859.0078328982 953.2755886300 46.9973890339 46.7244113700
tup.hs 906.0052219321 953.2755886300 93.9947780679 46.7244113700

ack.yaml 0.0000000000 0.0000000000 4.3023970498 953.9165103189
ellcheck.hs 0.0000000000 953.9165103189 786.2595419847 46.0834896811
ellCheck/Analytics.hs 187.0662742433 0.0000000000 812.9337257567 400.9982367452
ellCheck/Analyzer.hs 4.3023970498 400.9982367452 25.7878515872 163.6967838695
ellCheck/AnalyzerLib.hs 30.0902486370 400.9982367452 452.7200611975 163.6967838695
ellCheck/AST.hs 4.3023970498 0.0000000000 108.7810597056 400.9982367452
ellCheck/ASTLib.hs 113.0834567554 0.0000000000 73.9828174879 400.9982367452
ellCheck/Checker.hs 482.8103098345 400.9982367452 116.0453321424 163.6967838695
ellCheck/Checks/Commands.hs 598.8556419769 400.9982367452 401.1443580231 163.6967838695
ellCheck/Data.hs 4.3023970498 564.6950206147 168.3373645276 65.4787135478
ellCheck/Formatter/CheckStyle.hs 172.6397615773 564.6950206147 146.8474882049 65.4787135478
ellCheck/Formatter/Format.hs 319.4872497822 564.6950206147 109.2402046402 65.4787135478
ellCheck/Formatter/GCC.hs 428.7274544224 564.6950206147 96.7044434520 65.4787135478
ellCheck/Formatter/JSON.hs 525.4318978744 564.6950206147 103.8677355596 65.4787135478
ellCheck/Formatter/TTY.hs 629.2996334340 564.6950206147 162.9648954469 65.4787135478
ellCheck/Interface.hs 792.2645288809 564.6950206147 207.7354711191 65.4787135478
ellCheck/Parser.hs 4.3023970498 630.1737341626 995.6976029502 314.3213785236
ellCheck/Regex.hs 4.3023970498 944.4951126862 995.6976029502 9.4213976328
ickrun 786.2595419847 953.9165103189 12.7226463104 46.0834896811
icktest 798.9821882952 953.9165103189 53.4351145038 46.0834896811
st/shellcheck.hs 852.4173027990 953.9165103189 55.9796437659 46.0834896811
tup.hs 908.3969465649 953.9165103189 91.6030534351 46.0834896811

ack.yaml 0.0000000000 0.0000000000 4.2944785276 953.9974247922
ellcheck.hs 0.0000000000 953.9974247922 786.2595419847 46.0025752078
ellCheck/Analytics.hs 186.2582068669 0.0000000000 813.7417931331 402.0543675649
ellCheck/Analyzer.hs 4.2944785276 402.0543675649 25.7880566712 163.4080616711
ellCheck/AnalyzerLib.hs 30.0825351988 402.0543675649 452.7236615615 163.4080616711
ellCheck/AST.hs 4.2944785276 0.0000000000 108.3048111075 402.0543675649
ellCheck/ASTLib.hs 112.5992896351 0.0000000000 73.6589172317 402.0543675649
ellCheck/Checker.hs 482.8061967604 402.0543675649 116.0462550205 163.4080616711
ellCheck/Checks/Commands.hs 598.8524517809 402.0543675649 401.1475482191 163.4080616711
ellCheck/Data.hs 4.2944785276 565.4624292361 168.3387032705 65.3632246685
ellCheck/Formatter/CheckStyle.hs 172.6331817981 565.4624292361 146.8486560445 65.3632246685
ellCheck/Formatter/Format.hs 319.4818378426 565.4624292361 109.2410733989 65.3632246685
ellCheck/Formatter/GCC.hs 428.7229112416 565.4624292361 96.7052125171 65.3632246685
ellCheck/Formatter/JSON.hs 525.4281237587 565.4624292361 103.8685615924 65.3632246685
ellCheck/Formatter/TTY.hs 629.2966853511 565.4624292361 162.9661914640 65.3632246685
ellCheck/Interface.hs 792.2628768151 565.4624292361 207.7371231849 65.3632246685
ellCheck/Parser.hs 4.2944785276 630.8256539045 995.7055214724 313.7669903599
ellCheck/Regex.hs 4.2944785276 944.5926442644 995.7055214724 9.4047805278
ickrun 786.2595419847 953.9974247922 12.7226463104 46.0025752078
icktest 798.9821882952 953.9974247922 53.4351145038 46.0025752078
st/shellcheck.hs 852.4173027990 953.9974247922 55.9796437659 46.0025752078
tup.hs 908.3969465649 953.9974247922 91.6030534351 46.0025752078

ack.yaml 0.0000000000 0.0000000000 4.2434529583 954.5191528758
ellcheck.hs 0.0000000000 954.5191528758 786.2595419847 45.4808471242
ellCheck/Analytics.hs 191.3809942817 0.0000000000 808.6190057183 400.7283622447
ellCheck/Analyzer.hs 4.2434529583 400.7283622447 25.7893781968 161.5465265430
ellCheck/AnalyzerLib.hs 30.0328311551 400.7283622447 452.7468616765 161.5465265430
ellCheck/AST.hs 4.2434529583 0.0000000000 108.5859807679 400.7283622447
ellCheck/ASTLib.hs 112.8294337262 0.0000000000 78.5515605555 400.7283622447
ellCheck/Checker.hs 482.7796928316 400.7283622447 116.0522018854 161.5465265430
ellCheck/Checks/Commands.hs 598.8318947170 400.7283622447 401.1681052830 161.5465265430
ellCheck/Data.hs 4.2434529583 562.2748887877 166.2542014599 65.4321542760
ellCheck/Formatter/CheckStyle.hs 170.4976544182 562.2748887877 145.0302608480 65.4321542760
ellCheck/Formatter/Format.hs 315.5279152662 562.2748887877 116.7316733655 65.4321542760
ellCheck/Formatter/GCC.hs 432.2595886316 562.2748887877 95.5077327536 65.4321542760
ellCheck/Formatter/JSON.hs 527.7673213852 562.2748887877 106.1197030595 65.4321542760
ellCheck/Formatter/TTY.hs 633.8870244447 562.2748887877 160.9482163069 65.4321542760
ellCheck/Interface.hs 794.8352407516 562.2748887877 205.1647592484 65.4321542760
ellCheck/Parser.hs 4.2434529583 627.7070430637 995.7565470417 317.5144679967
ellCheck/Regex.hs 4.2434529583 945.2215110604 995.7565470417 9.2976418154
ickrun 786.2595419847 954.5191528758 12.7226463104 45.4808471242
icktest 798.9821882952 954.5191528758 53.4351145038 45.4808471242
st/shellcheck.hs 852.4173027990 954.5191528758 55.9796437659 45.4808471242
tup.hs 908.3969465649 954.5191528758 91.6030534351 45.4808471242

ack.yaml 0.0000000000 0.0000000000 4.2163594748 954.7964113182
ellcheck.hs 0.0000000000 954.7964113182 786.2595419847 45.2035886818
ellCheck/Analytics.hs 194.0259678905 0.0000000000 805.9740321095 401.1623441215
ellCheck/Analyzer.hs 4.2163594748 401.1623441215 25.7900798985 160.5573447535
ellCheck/AnalyzerLib.hs 30.0064393733 401.1623441215 452.7591804403 160.5573447535
ellCheck/AST.hs 4.2163594748 0.0000000000 107.8072700367 401.1623441215
ellCheck/ASTLib.hs 112.0236295115 0.0000000000 82.0023383790 401.1623441215
ellCheck/Checker.hs 482.7656198135 401.1623441215 116.0553595432 160.5573447535
ellCheck/Checks/Commands.hs 598.8209793567 401.1623441215 401.1790206433 160.5573447535
ellCheck/Data.hs 4.2163594748 561.7196888749 166.2587250611 65.0315000692
ellCheck/Formatter/CheckStyle.hs 170.4750845358 561.7196888749 145.0342069682 65.0315000692
ellCheck/Formatter/Format.hs 315.5092915040 561.7196888749 116.7348495110 65.0315000692
ellCheck/Formatter/GCC.hs 432.2441410149 561.7196888749 95.5103314181 65.0315000692
ellCheck/Formatter/JSON.hs 527.7544724330 561.7196888749 106.1225904645 65.0315000692
ellCheck/Formatter/TTY.hs 633.8770628975 561.7196888749 160.9525955378 65.0315000692
ellCheck/Interface.hs 794.8296584353 561.7196888749 205.1703415647 65.0315000692
ellCheck/Parser.hs 4.2163594748 626.7511889441 995.7836405252 318.8045118846
ellCheck/Regex.hs 4.2163594748 945.5557008287 995.7836405252 9.2407104894
ickrun 786.2595419847 954.7964113182 12.7226463104 45.2035886818
icktest 798.9821882952 954.7964113182 53.4351145038 45.2035886818
st/shellcheck.hs 852.4173027990 954.7964113182 55.9796437659 45.2035886818
tup.hs 908.3969465649 954.7964113182 91.6030534351 45.2035886818

ack.yaml 0.0000000000 0.0000000000 4.1756144118 955.2136752137
ellcheck.hs 0.0000000000 955.2136752137 786.2595419847 44.7863247863
ellCheck/Analytics.hs 192.3917847681 0.0000000000 807.6082152319 403.8515706037
ellCheck/Analyzer.hs 4.1756144118 403.8515706037 25.5157849688 160.7853376872
ellCheck/AnalyzerLib.hs 29.6913993806 403.8515706037 458.5753576338 160.7853376872
ellCheck/AST.hs 4.1756144118 0.0000000000 106.9474191380 403.8515706037
ellCheck/ASTLib.hs 111.1230335498 0.0000000000 81.2687512183 403.8515706037
ellCheck/Checker.hs 488.2667570145 403.8515706037 114.8210323596 160.7853376872
ellCheck/Checks/Commands.hs 603.0877893741 403.8515706037 396.9122106259 160.7853376872
ellCheck/Data.hs 4.1756144118 564.6369082909 166.2655279668 64.4285730377
ellCheck/Formatter/CheckStyle.hs 170.4411423786 564.6369082909 145.0401414178 64.4285730377
ellCheck/Formatter/Format.hs 315.4812837964 564.6369082909 116.7396260192 64.4285730377
ellCheck/Formatter/GCC.hs 432.2209098156 564.6369082909 95.5142394703 64.4285730377
ellCheck/Formatter/JSON.hs 527.7351492859 564.6369082909 106.1269327447 64.4285730377
ellCheck/Formatter/TTY.hs 633.8620820306 564.6369082909 160.9591813295 64.4285730377
ellCheck/Interface.hs 794.8212633602 564.6369082909 205.1787366398 64.4285730377
ellCheck/Parser.hs 4.1756144118 629.0654813286 995.8243855882 316.9931568638
ellCheck/Regex.hs 4.1756144118 946.0586381923 995.8243855882 9.1550370213
ickrun 786.2595419847 955.2136752137 12.7226463104 44.7863247863
icktest 798.9821882952 955.2136752137 53.4351145038 44.7863247863
st/shellcheck.hs 852.4173027990 955.2136752137 55.9796437659 44.7863247863
tup.hs 908.3969465649 955.2136752137 91.6030534351 44.7863247863

ack.yaml 0.0000000000 0.0000000000 4.1302808591 953.4203420342
ellcheck.hs 0.0000000000 953.4203420342 746.3768115942 46.5796579658
ellCheck/Analytics.hs 192.4924075499 0.0000000000 807.5075924501 399.6027668888
ellCheck/Analyzer.hs 4.1302808591 399.6027668888 24.0774411612 168.2240655633
ellCheck/AnalyzerLib.hs 28.2077220203 399.6027668888 446.7702971028 168.2240655633
ellCheck/AST.hs 4.1302808591 0.0000000000 106.7103826843 399.6027668888
ellCheck/ASTLib.hs 110.8406635434 0.0000000000 81.6517440065 399.6027668888
ellCheck/Checker.hs 474.9780191232 399.6027668888 108.3484852255 168.2240655633
ellCheck/Checks/Commands.hs 583.3265043487 399.6027668888 416.6734956513 168.2240655633
ellCheck/Data.hs 4.1302808591 567.8268324522 166.2730969791 63.6065472882
ellCheck/Formatter/CheckStyle.hs 170.4033778382 567.8268324522 145.0467441733 63.6065472882
ellCheck/Formatter/Format.hs 315.4501220115 567.8268324522 116.7449404321 63.6065472882
ellCheck/Formatter/GCC.hs 432.1950624436 567.8268324522 95.5185876263 63.6065472882
ellCheck/Formatter/JSON.hs 527.7136500699 567.8268324522 106.1317640292 63.6065472882
ellCheck/Formatter/TTY.hs 633.8454140992 567.8268324522 160.9665087777 63.6065472882
ellCheck/Interface.hs 794.8119228768 567.8268324522 205.1880771232 63.6065472882
ellCheck/Parser.hs 4.1302808591 631.4333797404 995.8697191409 312.9487317733
ellCheck/Regex.hs 4.1302808591 944.3821115137 995.8697191409 9.0382305205
ickrun 746.3768115942 953.4203420342 12.0772946860 46.5796579658
icktest 758.4541062802 953.4203420342 50.7246376812 46.5796579658
ravis.yml 809.1787439614 953.4203420342 50.7246376812 46.5796579658
st/shellcheck.hs 859.9033816425 953.4203420342 53.1400966184 46.5796579658
tup.hs 913.0434782609 953.4203420342 86.9565217391 46.5796579658

ack.yaml 0.0000000000 0.0000000000 4.1176470588 953.5562037245
ellcheck.hs 0.0000000000 953.5562037245 746.3768115942 46.4437962755
ellCheck/Analytics.hs 193.8762603268 0.0000000000 806.1237396732 400.2345176412
ellCheck/Analyzer.hs 4.1176470588 400.2345176412 24.0777466124 167.7312684401
ellCheck/AnalyzerLib.hs 28.1953936712 400.2345176412 446.7759649192 167.7312684401
ellCheck/AST.hs 4.1176470588 0.0000000000 107.0720683432 400.2345176412
ellCheck/ASTLib.hs 111.1897154021 0.0000000000 82.6865449248 400.2345176412
ellCheck/Checker.hs 474.9713585904 400.2345176412 108.3498597559 167.7312684401
ellCheck/Checks/Commands.hs 583.3212183463 400.2345176412 416.6787816537 167.7312684401
ellCheck/Data.hs 4.1176470588 567.9657860814 166.2752063525 63.4202176842
ellCheck/Formatter/CheckStyle.hs 170.3928534113 567.9657860814 145.0485842650 63.4202176842
ellCheck/Formatter/Format.hs 315.4414376763 567.9657860814 116.7464214816 63.4202176842
ellCheck/Formatter/GCC.hs 432.1878591579 567.9657860814 95.5197993940 63.4202176842
ellCheck/Formatter/JSON.hs 527.7076585519 567.9657860814 106.1331104378 63.4202176842
ellCheck/Formatter/TTY.hs 633.8407689897 567.9657860814 160.9685508306 63.4202176842
ellCheck/Interface.hs 794.8093198203 567.9657860814 205.1906801797 63.4202176842
ellCheck/Parser.hs 4.1176470588 631.3860037656 995.8823529412 313.1584461139
ellCheck/Regex.hs 4.1176470588 944.5444498795 995.8823529412 9.0117538450
ickrun 746.3768115942 953.5562037245 12.0772946860 46.4437962755
icktest 758.4541062802 953.5562037245 50.7246376812 46.4437962755
ravis.yml 809.1787439614 953.5562037245 50.7246376812 46.4437962755
st/shellcheck.hs 859.9033816425 953.5562037245 53.1400966184 46.4437962755
tup.hs 913.0434782609 953.5562037245 86.9565217391 46.4437962755

ack.yaml 0.0000000000 0.0000000000 4.0364433168 954.1153169014
ellcheck.hs 0.0000000000 954.1153169014 741.0071942446 45.8846830986
ellCheck/Analytics.hs 215.1509129379 0.0000000000 784.8490870621 354.4235683904
ellCheck/Analyzer.hs 4.0364433168 354.4235683904 46.1774462530 104.8466229434
ellCheck/AnalyzerLib.hs 50.2138895698 354.4235683904 758.7794009293 104.8466229434
ellCheck/AST.hs 4.0364433168 0.0000000000 119.5280453002 354.4235683904
ellCheck/ASTLib.hs 123.5644886170 0.0000000000 91.5864243209 354.4235683904
ellCheck/Checker.hs 808.9932904991 354.4235683904 191.0067095009 104.8466229434
ellCheck/Checks/Commands.hs 4.0364433168 459.2701913339 410.1390298640 177.8746711685
ellCheck/Checks/ShellSupport.hs 414.1754731808 459.2701913339 237.5465874325 177.8746711685
ellCheck/Data.hs 651.7220606133 459.2701913339 58.1494250486 177.8746711685
ellCheck/Formatter/CheckStyle.hs 709.8714856619 459.2701913339 120.9885895239 74.5763493851
ellCheck/Formatter/Format.hs 830.8600751857 459.2701913339 97.3810598607 74.5763493851
ellCheck/Formatter/GCC.hs 709.8714856619 533.8465407190 57.5217613013 103.2983217834
ellCheck/Formatter/JSON.hs 767.3932469632 533.8465407190 63.9130681126 103.2983217834
ellCheck/Formatter/TTY.hs 831.3063150757 533.8465407190 96.9348199707 103.2983217834
ellCheck/Interface.hs 928.2411350464 459.2701913339 71.7588649536 177.8746711685
ellCheck/Parser.hs 4.0364433168 637.1448625024 995.9635566832 308.1319614217
ellCheck/Regex.hs 4.0364433168 945.2768239241 995.9635566832 8.8384929773
ickrun 741.0071942446 954.1153169014 11.9904076739 45.8846830986
icktest 752.9976019185 954.1153169014 52.7577937650 45.8846830986
ravis.yml 805.7553956835 954.1153169014 50.3597122302 45.8846830986
st/shellcheck.hs 856.1151079137 954.1153169014 57.5539568345 45.8846830986
tup.hs 913.6690647482 954.1153169014 86.3309352518 45.8846830986

ack.yaml 0.0000000000 0.0000000000 3.8975501114 954.6082704369
ellcheck.hs 0.0000000000 954.6082704369 723.6533957845 45.3917295631
ellCheck/Analytics.hs 222.6314021528 0.0000000000 777.3685978472 369.3570960293
ellCheck/Analyzer.hs 3.8975501114 369.3570960293 46.8386731923 102.1308121641
ellCheck/AnalyzerLib.hs 50.7362233036 369.3570960293 759.8273651188 102.1308121641
ellCheck/AST.hs 3.8975501114 0.0000000000 110.8059645210 369.3570960293
ellCheck/ASTLib.hs 114.7035146323 0.0000000000 107.9278875204 369.3570960293
ellCheck/Checker.hs 810.5635884224 369.3570960293 189.4364115776 102.1308121641
ellCheck/Checks/Commands.hs 3.8975501114 471.4879081934 412.6190805196 175.4472886080
ellCheck/Checks/ShellSupport.hs 416.5166306309 471.4879081934 233.2721674009 175.4472886080
ellCheck/Data.hs 649.7887980319 471.4879081934 66.0432889525 175.4472886080
ellCheck/Formatter/CheckStyle.hs 715.8320869843 471.4879081934 118.5029160686 73.5586365835
ellCheck/Formatter/Format.hs 834.3350030529 471.4879081934 95.3803958601 73.5586365835
ellCheck/Formatter/GCC.hs 715.8320869843 545.0465447769 56.3399943617 101.8886520245
ellCheck/Formatter/JSON.hs 772.1720813460 545.0465447769 62.5999937352 101.8886520245
ellCheck/Formatter/TTY.hs 834.7720750812 545.0465447769 94.9433238317 101.8886520245
ellCheck/Interface.hs 929.7153989130 471.4879081934 70.2846010870 175.4472886080
ellCheck/Parser.hs 3.8975501114 646.9351968014 996.1024498886 299.1354926813
ellCheck/Regex.hs 3.8975501114 946.0706894827 996.1024498886 8.5375809542
ickrun 723.6533957845 954.6082704369 11.7096018735 45.3917295631
icktest 735.3629976581 954.6082704369 51.5222482436 45.3917295631
ravis.yml 786.8852459016 954.6082704369 49.1803278689 45.3917295631
st/shellcheck.hs 836.0655737705 954.6082704369 56.2060889930 45.3917295631
tup.hs 892.2716627635 954.6082704369 84.3091334895 45.3917295631
xtnumber 976.5807962529 954.6082704369 23.4192037471 45.3917295631

ack.yaml 0.0000000000 0.0000000000 3.8733953077 951.3581806696
ellcheck.hs 0.0000000000 951.3581806696 744.5887445887 48.6418193304
ellCheck/Analytics.hs 220.9049770839 0.0000000000 779.0950229161 370.1429117548
ellCheck/Analyzer.hs 3.8733953077 370.1429117548 46.8398089981 101.1498476726
ellCheck/AnalyzerLib.hs 50.7132043057 370.1429117548 759.8457904132 101.1498476726
ellCheck/AST.hs 3.8733953077 0.0000000000 109.5113486027 370.1429117548
ellCheck/ASTLib.hs 113.3847439103 0.0000000000 107.5202331735 370.1429117548
ellCheck/Checker.hs 810.5589947189 370.1429117548 189.4410052811 101.1498476726
ellCheck/Checks/Commands.hs 3.8733953077 471.2927594274 413.2929886216 174.5019838113
ellCheck/Checks/ShellSupport.hs 417.1663839293 471.2927594274 234.0988023141 174.5019838113
ellCheck/Data.hs 651.2651862434 471.2927594274 65.7648697223 174.5019838113
ellCheck/Formatter/CheckStyle.hs 717.0300559657 471.2927594274 118.0033423618 73.1623048274
ellCheck/Formatter/Format.hs 835.0333983275 471.2927594274 94.9782999498 73.1623048274
ellCheck/Formatter/GCC.hs 717.0300559657 544.4550642548 56.1024813894 101.3396789839
ellCheck/Formatter/JSON.hs 773.1325373550 544.4550642548 62.3360904327 101.3396789839
ellCheck/Formatter/TTY.hs 835.4686277877 544.4550642548 94.5430704895 101.3396789839
ellCheck/Interface.hs 930.0116982772 471.2927594274 69.9883017228 174.5019838113
ellCheck/Parser.hs 3.8733953077 645.7947432387 996.1266046923 297.1078597781
ellCheck/Regex.hs 3.8733953077 942.9026030167 996.1266046923 8.4555776529
ickrun 744.5887445887 951.3581806696 10.8225108225 48.6418193304
icktest 755.4112554113 951.3581806696 47.6190476190 48.6418193304
ravis.yml 803.0303030303 951.3581806696 45.4545454545 48.6418193304
st/shellcheck.hs 848.4848484848 951.3581806696 51.9480519481 48.6418193304
tup.hs 900.4329004329 951.3581806696 77.9220779221 48.6418193304
xtnumber 978.3549783550 951.3581806696 21.6450216450 48.6418193304

ack.yaml 0.0000000000 0.0000000000 3.8593009152 951.5265974189
ellcheck.hs 0.0000000000 951.5265974189 744.5887445887 48.4734025811
ellCheck/Analytics.hs 222.3858930221 0.0000000000 777.6141069779 369.6987333341
ellCheck/Analyzer.hs 3.8593009152 369.6987333341 46.8404717438 100.7982016526
ellCheck/AnalyzerLib.hs 50.6997726590 369.6987333341 759.8565416216 100.7982016526
ellCheck/AST.hs 3.8593009152 0.0000000000 109.2632960535 369.6987333341
ellCheck/ASTLib.hs 113.1225969687 0.0000000000 109.2632960535 369.6987333341
ellCheck/Checker.hs 810.5563142806 369.6987333341 189.4436857194 100.7982016526
ellCheck/Checks/Commands.hs 3.8593009152 470.4969349868 413.2988363859 173.8953301238
ellCheck/Checks/ShellSupport.hs 417.1581373011 470.4969349868 234.1021146244 173.8953301238
ellCheck/Data.hs 651.2602519255 470.4969349868 65.7658002424 173.8953301238
ellCheck/Formatter/CheckStyle.hs 717.0260521679 470.4969349868 118.0050120145 72.9079571057
ellCheck/Formatter/Format.hs 835.0310641824 470.4969349868 94.9796438165 72.9079571057
ellCheck/Formatter/GCC.hs 717.0260521679 543.4048920925 56.1032751945 100.9873730181
ellCheck/Formatter/JSON.hs 773.1293273624 543.4048920925 62.3369724383 100.9873730181
ellCheck/Formatter/TTY.hs 835.4662998007 543.4048920925 94.5444081981 100.9873730181
ellCheck/Interface.hs 930.0107079989 470.4969349868 69.9892920011 173.8953301238
ellCheck/Parser.hs 3.8593009152 644.3922651106 996.1406990848 298.7081503520
ellCheck/Regex.hs 3.8593009152 943.1004154626 996.1406990848 8.4261819563
ickrun 744.5887445887 951.5265974189 10.8225108225 48.4734025811
icktest 755.4112554113 951.5265974189 47.6190476190 48.4734025811
ravis.yml 803.0303030303 951.5265974189 45.4545454545 48.4734025811
st/shellcheck.hs 848.4848484848 951.5265974189 51.9480519481 48.4734025811
tup.hs 900.4329004329 951.5265974189 77.9220779221 48.4734025811
xtnumber 978.3549783550 951.5265974189 21.6450216450 48.4734025811

ack.yaml 0.0000000000 0.0000000000 3.8580246914 951.6416657925
ellcheck.hs 0.0000000000 951.6416657925 744.0347071584 48.3583342075
ellCheck/Analytics.hs 222.5440904553 0.0000000000 777.4559095447 369.8313079853
ellCheck/Analyzer.hs 3.8580246914 369.8313079853 46.9878290240 100.4610101987
ellCheck/AnalyzerLib.hs 50.8458537154 369.8313079853 759.1144822321 100.4610101987
ellCheck/AST.hs 3.8580246914 0.0000000000 109.2012131247 369.8313079853
ellCheck/ASTLib.hs 113.0592378160 0.0000000000 109.4848526393 369.8313079853
ellCheck/Checker.hs 809.9603359474 369.8313079853 190.0396640526 100.4610101987
ellCheck/Checks/Commands.hs 3.8580246914 470.2923181841 413.2993658912 173.8586245683
ellCheck/Checks/ShellSupport.hs 417.1573905826 470.2923181841 234.1024145486 173.8586245683
ellCheck/Data.hs 651.2598051312 470.2923181841 65.7658844995 173.8586245683
ellCheck/Formatter/CheckStyle.hs 717.0256896307 470.2923181841 118.0051631987 72.8925678077
ellCheck/Formatter/Format.hs 835.0308528294 470.2923181841 94.9797655014 72.8925678077
ellCheck/Formatter/GCC.hs 717.0256896307 543.1848859917 56.1033470722 100.9660567606
ellCheck/Formatter/JSON.hs 773.1290367029 543.1848859917 62.3370523025 100.9660567606
ellCheck/Formatter/TTY.hs 835.4660890054 543.1848859917 94.5445293254 100.9660567606
ellCheck/Interface.hs 930.0106183308 470.2923181841 69.9893816692 173.8586245683
ellCheck/Parser.hs 3.8580246914 644.1509427523 996.1419753086 299.0663196692
ellCheck/Regex.hs 3.8580246914 943.2172624215 996.1419753086 8.4244033710
ickrun 744.0347071584 951.6416657925 10.8459869848 48.3583342075
icktest 754.8806941432 951.6416657925 47.7223427332 48.3583342075
ravis.yml 802.6030368764 951.6416657925 45.5531453362 48.3583342075
st/shellcheck.hs 848.1561822126 951.6416657925 52.0607375271 48.3583342075
tup.hs 900.2169197397 951.6416657925 78.0911062907 48.3583342075
xtnumber 978.3080260304 951.6416657925 21.6919739696 48.3583342075

ack.yaml 0.0000000000 0.0000000000 3.7731780940 952.6548218137
ellcheck.hs 0.0000000000 952.6548218137 744.0347071584 47.3451781863
ellCheck/Analytics.hs 217.1713763491 0.0000000000 782.8286236509 371.5364114075
ellCheck/Analyzer.hs 3.7731780940 371.5364114075 45.3747034269 101.8529340928
ellCheck/AnalyzerLib.hs 49.1478815209 371.5364114075 767.3366512859 101.8529340928
ellCheck/AST.hs 3.7731780940 0.0000000000 106.6990991276 371.5364114075
ellCheck/ASTLib.hs 110.4722772216 0.0000000000 106.6990991276 371.5364114075
ellCheck/Checker.hs 816.4845328068 371.5364114075 183.5154671932 101.8529340928
ellCheck/Checks/Commands.hs 3.7731780940 473.3893455003 405.2347820698 173.6035840206
ellCheck/Checks/ShellSupport.hs 409.0079601638 473.3893455003 248.4651218530 173.6035840206
ellCheck/Data.hs 657.4730820169 473.3893455003 64.4826149571 173.6035840206
ellCheck/Formatter/CheckStyle.hs 721.9556969740 473.3893455003 115.7025646261 72.7856386262
ellCheck/Formatter/Format.hs 837.6582616001 473.3893455003 93.1264544551 72.7856386262
ellCheck/Formatter/GCC.hs 721.9556969740 546.1749841265 55.0086196604 100.8179453944
ellCheck/Formatter/JSON.hs 776.9643166344 546.1749841265 61.1206885116 100.8179453944
ellCheck/Formatter/TTY.hs 838.0850051460 546.1749841265 92.6997109092 100.8179453944
ellCheck/Interface.hs 930.7847160552 473.3893455003 69.2152839448 173.6035840206
ellCheck/Parser.hs 3.7731780940 646.9929295209 996.2268219060 297.4146911517
ellCheck/Regex.hs 3.7731780940 944.4076206726 996.2268219060 8.2472011411
ickrun 744.0347071584 952.6548218137 10.8459869848 47.3451781863
icktest 754.8806941432 952.6548218137 47.7223427332 47.3451781863
ravis.yml 802.6030368764 952.6548218137 45.5531453362 47.3451781863
st/shellcheck.hs 848.1561822126 952.6548218137 52.0607375271 47.3451781863
tup.hs 900.2169197397 952.6548218137 78.0911062907 47.3451781863
xtnumber 978.3080260304 952.6548218137 21.6919739696 47.3451781863

