new names 21
Amber 0.0000000000 0.0000000000 1000.0000000000 9.9807545988
Anne 0.0000000000 9.9807545988 1000.0000000000 14.2326455713
Anouk 0.0000000000 24.2134001701 1000.0000000000 7.5638902565
Bas 0.0000000000 31.7772904265 1000.0000000000 9.8464843575
Bram 0.0000000000 41.6237747840 1000.0000000000 32.6724253681
Charlotte 0.0000000000 74.2962001522 1000.0000000000 9.3989168867
Cornelis 0.0000000000 83.6951170389 1000.0000000000 8.1457279685
Daan 0.0000000000 91.8408450074 1000.0000000000 33.6123170568
Daniël 0.0000000000 125.4531620642 1000.0000000000 13.7850781005
David 0.0000000000 139.2382401647 1000.0000000000 12.7556729177
Dylan 0.0000000000 151.9939130824 1000.0000000000 10.7416192991
Eline 0.0000000000 162.7355323815 1000.0000000000 11.8157812290
Emma 0.0000000000 174.5513136105 1000.0000000000 31.3297229557
Eva 0.0000000000 205.8810365663 1000.0000000000 25.1532918587
Femke 0.0000000000 231.0343284250 1000.0000000000 13.7403213534
Fleur 0.0000000000 244.7746497785 1000.0000000000 22.4678870340
Floris 0.0000000000 267.2425368124 1000.0000000000 14.5459428009
Gijs 0.0000000000 281.7884796133 1000.0000000000 18.5740500380
Ilse 0.0000000000 300.3625296513 1000.0000000000 7.3401065211
Iris 0.0000000000 307.7026361724 1000.0000000000 11.3682137582
Jan 0.0000000000 319.0708499306 1000.0000000000 15.2172940071
Jasper 0.0000000000 334.2881439377 1000.0000000000 9.2198898984
Jelle 0.0000000000 343.5080338361 1000.0000000000 8.5932954393
Jesse 0.0000000000 352.1013292754 1000.0000000000 23.8553461934
Johanna 0.0000000000 375.9566754688 1000.0000000000 7.5638902565
Johannes 0.0000000000 383.5205657253 1000.0000000000 8.9065926688
Joris 0.0000000000 392.4271583941 1000.0000000000 8.7275656805
Julia 0.0000000000 401.1547240747 1000.0000000000 27.0778319832
Koen 0.0000000000 428.2325560578 1000.0000000000 10.9654030345
Lars 0.0000000000 439.1979590923 1000.0000000000 22.7364275164
Lieke 0.0000000000 461.9343866088 1000.0000000000 21.2594548628
Lisa 0.0000000000 483.1938414716 1000.0000000000 23.2735084814
Lotte 0.0000000000 506.4673499530 1000.0000000000 23.4525354697
Lucas 0.0000000000 529.9198854227 1000.0000000000 29.9422637963
Luuk 0.0000000000 559.8621492190 1000.0000000000 29.7632368079
Maria 0.0000000000 589.6253860269 1000.0000000000 8.8618359218
Maud 0.0000000000 598.4872219487 1000.0000000000 17.3656178669
Max 0.0000000000 615.8528398156 1000.0000000000 22.5574005281
Merel 0.0000000000 638.4102403437 1000.0000000000 7.1163227857
Mohamed 0.0000000000 645.5265631294 1000.0000000000 9.5779438750
Naomi 0.0000000000 655.1045070044 1000.0000000000 12.4423756881
Nick 0.0000000000 667.5468826926 1000.0000000000 7.8324307389
Niels 0.0000000000 675.3793134315 1000.0000000000 9.3541601396
Nikki 0.0000000000 684.7334735711 1000.0000000000 9.3989168867
Nina 0.0000000000 694.1323904579 1000.0000000000 14.4564293067
Pieter 0.0000000000 708.5888197646 1000.0000000000 9.4436736338
Robin 0.0000000000 718.0324933984 1000.0000000000 8.3247549568
Roos 0.0000000000 726.3572483552 1000.0000000000 20.3195631741
Ruben 0.0000000000 746.6768115293 1000.0000000000 22.7364275164
Sanne 0.0000000000 769.4132390458 1000.0000000000 17.1865908786
Sarah 0.0000000000 786.5998299244 1000.0000000000 21.5279953453
Sophie 0.0000000000 808.1278252697 1000.0000000000 36.9690730878
Stijn 0.0000000000 845.0968983574 1000.0000000000 20.5881036566
Sven 0.0000000000 865.6850020141 1000.0000000000 18.1712393143
Tessa 0.0000000000 883.8562413284 1000.0000000000 10.0702680929
Thijs 0.0000000000 893.9265094213 1000.0000000000 24.0791299288
Thomas 0.0000000000 918.0056393501 1000.0000000000 23.4077787226
Tim 0.0000000000 941.4134180728 1000.0000000000 24.2581569172
Tom 0.0000000000 965.6715749899 1000.0000000000 11.2339435170
Vera 0.0000000000 976.9055185069 1000.0000000000 11.9052947232
Willem 0.0000000000 988.8108132301 1000.0000000000 11.1891867699

Amber 0.0000000000 0.0000000000 1000.0000000000 10.5481583953
Anne 0.0000000000 10.5481583953 1000.0000000000 15.2602455473
Anouk 0.0000000000 25.8084039426 1000.0000000000 9.0351028878
Bas 0.0000000000 34.8435068304 1000.0000000000 9.4674044614
Bram 0.0000000000 44.3109112917 1000.0000000000 32.2496973889
Charlotte 0.0000000000 76.5606086806 1000.0000000000 9.8564758776
Cornelis 0.0000000000 86.4170845582 1000.0000000000 7.4355870655
Daan 0.0000000000 93.8526716237 1000.0000000000 31.2986339270
Daniël 0.0000000000 125.1513055508 1000.0000000000 12.4070551617
David 0.0000000000 137.5583607124 1000.0000000000 13.3148884662
Dylan 0.0000000000 150.8732491786 1000.0000000000 11.4559916998
Eline 0.0000000000 162.3292408784 1000.0000000000 11.1533805983
Emma 0.0000000000 173.4826214767 1000.0000000000 28.4886736988
Eva 0.0000000000 201.9712951755 1000.0000000000 23.3010548158
Femke 0.0000000000 225.2723499914 1000.0000000000 15.0440947605
Fleur 0.0000000000 240.3164447519 1000.0000000000 21.9176897804
Floris 0.0000000000 262.2341345322 1000.0000000000 13.7904201971
Gijs 0.0000000000 276.0245547294 1000.0000000000 16.8597613695
Ilse 0.0000000000 292.8843160989 1000.0000000000 7.1762061214
Iris 0.0000000000 300.0605222203 1000.0000000000 12.8825868926
Jan 0.0000000000 312.9431091129 1000.0000000000 14.8711741311
Jasper 0.0000000000 327.8142832440 1000.0000000000 9.8132457202
Jelle 0.0000000000 337.6275289642 1000.0000000000 9.5538647761
Jesse 0.0000000000 347.1813937403 1000.0000000000 27.2782292928
Johanna 0.0000000000 374.4596230330 1000.0000000000 7.3923569082
Johannes 0.0000000000 381.8519799412 1000.0000000000 10.0726266644
Joris 0.0000000000 391.9246066056 1000.0000000000 7.3491267508
Julia 0.0000000000 399.2737333564 1000.0000000000 26.8459277192
Koen 0.0000000000 426.1196610756 1000.0000000000 11.0236901262
Lars 0.0000000000 437.1433512018 1000.0000000000 22.3932215113
Lieke 0.0000000000 459.5365727131 1000.0000000000 20.7504755317
Lisa 0.0000000000 480.2870482449 1000.0000000000 24.9005706381
Lotte 0.0000000000 505.1876188829 1000.0000000000 23.6901262321
Lucas 0.0000000000 528.8777451150 1000.0000000000 30.0017292063
Luuk 0.0000000000 558.8794743213 1000.0000000000 28.4022133841
Maria 0.0000000000 587.2816877053 1000.0000000000 9.2944838319
Maud 0.0000000000 596.5761715373 1000.0000000000 17.0759121563
Max 0.0000000000 613.6520836936 1000.0000000000 20.3614041155
Merel 0.0000000000 634.0134878091 1000.0000000000 7.9111187965
Mohamed 0.0000000000 641.9246066056 1000.0000000000 9.6403250908
Naomi 0.0000000000 651.5649316964 1000.0000000000 12.7961265779
Nick 0.0000000000 664.3610582743 1000.0000000000 11.1533805983
Niels 0.0000000000 675.5144388726 1000.0000000000 9.6403250908
Nikki 0.0000000000 685.1547639633 1000.0000000000 9.6835552481
Nina 0.0000000000 694.8383192115 1000.0000000000 14.2659519281
Pieter 0.0000000000 709.1042711395 1000.0000000000 10.3752377659
Robin 0.0000000000 719.4795089054 1000.0000000000 8.8189521010
Roos 0.0000000000 728.2984610064 1000.0000000000 18.7186581359
Ruben 0.0000000000 747.0171191423 1000.0000000000 23.4307452879
Sanne 0.0000000000 770.4478644302 1000.0000000000 18.7618882933
Sarah 0.0000000000 789.2097527235 1000.0000000000 17.6811343593
Sophie 0.0000000000 806.8908870828 1000.0000000000 30.5637212519
Stijn 0.0000000000 837.4546083348 1000.0000000000 22.7390627702
Sven 0.0000000000 860.1936711050 1000.0000000000 18.1998962476
Tessa 0.0000000000 878.3935673526 1000.0000000000 12.1909043749
Thijs 0.0000000000 890.5844717275 1000.0000000000 25.3761023690
Thomas 0.0000000000 915.9605740965 1000.0000000000 25.2896420543
Tim 0.0000000000 941.2502161508 1000.0000000000 25.2464118969
Tom 0.0000000000 966.4966280477 1000.0000000000 11.4127615425
Vera 0.0000000000 977.9093895902 1000.0000000000 10.3752377659
Willem 0.0000000000 988.2846273560 1000.0000000000 11.7153726440

Amber 0.0000000000 0.0000000000 1000.0000000000 11.4428462065
Anne 0.0000000000 11.4428462065 1000.0000000000 15.5123091180
Anouk 0.0000000000 26.9551553245 1000.0000000000 10.3146782707
Bas 0.0000000000 37.2698335952 1000.0000000000 9.7103025908
Bram 0.0000000000 46.9801361860 1000.0000000000 33.6435795157
Charlotte 0.0000000000 80.6237157017 1000.0000000000 11.1205125106
Cornelis 0.0000000000 91.7442282123 1000.0000000000 7.0913413111
Daan 0.0000000000 98.8355695233 1000.0000000000 34.8120391635
Daniël 0.0000000000 133.6476086869 1000.0000000000 12.4098472944
David 0.0000000000 146.0574559813 1000.0000000000 12.0472218865
Dylan 0.0000000000 158.1046778678 1000.0000000000 12.5710141424
Eline 0.0000000000 170.6756920102 1000.0000000000 10.4758451187
Emma 0.0000000000 181.1515371288 1000.0000000000 26.2299045086
Eva 0.0000000000 207.3814416375 1000.0000000000 23.2483178210
Femke 0.0000000000 230.6297594585 1000.0000000000 16.1569765099
Fleur 0.0000000000 246.7867359684 1000.0000000000 21.7172327652
Floris 0.0000000000 268.5039687336 1000.0000000000 13.6991820782
Gijs 0.0000000000 282.2031508119 1000.0000000000 18.2118538217
Ilse 0.0000000000 300.4150046335 1000.0000000000 7.6151335670
Iris 0.0000000000 308.0301382006 1000.0000000000 12.0875135985
Jan 0.0000000000 320.1176517990 1000.0000000000 13.7394737902
Jasper 0.0000000000 333.8571255893 1000.0000000000 11.2816793586
Jelle 0.0000000000 345.1388049478 1000.0000000000 9.4685523188
Jesse 0.0000000000 354.6073572666 1000.0000000000 23.4094846690
Johanna 0.0000000000 378.0168419356 1000.0000000000 7.2122164471
Johannes 0.0000000000 385.2290583827 1000.0000000000 10.1132197107
Joris 0.0000000000 395.3422780934 1000.0000000000 9.1059269108
Julia 0.0000000000 404.4482050042 1000.0000000000 22.8856924131
Koen 0.0000000000 427.3338974173 1000.0000000000 10.8787622386
Lars 0.0000000000 438.2126596559 1000.0000000000 24.0138603489
Lieke 0.0000000000 462.2265200048 1000.0000000000 20.9516902373
Lisa 0.0000000000 483.1782102422 1000.0000000000 24.2153189089
Lotte 0.0000000000 507.3935291511 1000.0000000000 23.1677343970
Lucas 0.0000000000 530.5612635481 1000.0000000000 31.3066602200
Luuk 0.0000000000 561.8679237681 1000.0000000000 27.3177807325
Maria 0.0000000000 589.1857045006 1000.0000000000 9.2268020468
Maud 0.0000000000 598.4125065474 1000.0000000000 17.0031024618
Max 0.0000000000 615.4156090092 1000.0000000000 19.6623554535
Merel 0.0000000000 635.0779644627 1000.0000000000 7.4942584310
Mohamed 0.0000000000 642.5722228938 1000.0000000000 9.8714694387
Naomi 0.0000000000 652.4436923325 1000.0000000000 11.4831379185
Nick 0.0000000000 663.9268302510 1000.0000000000 11.4831379185
Niels 0.0000000000 675.4099681695 1000.0000000000 11.0802207986
Nikki 0.0000000000 686.4901889681 1000.0000000000 10.0729279987
Nina 0.0000000000 696.5631169668 1000.0000000000 14.7064748781
Pieter 0.0000000000 711.2695918450 1000.0000000000 9.5088440308
Robin 0.0000000000 720.7784358757 1000.0000000000 9.8311777267
Roos 0.0000000000 730.6096136025 1000.0000000000 18.1312703977
Ruben 0.0000000000 748.7408840002 1000.0000000000 23.2886095330
Sanne 0.0000000000 772.0294935332 1000.0000000000 18.1715621097
Sarah 0.0000000000 790.2010556429 1000.0000000000 18.6953543656
Sophie 0.0000000000 808.8964100085 1000.0000000000 26.5119464926
Stijn 0.0000000000 835.4083565011 1000.0000000000 24.7794028768
Sven 0.0000000000 860.1877593779 1000.0000000000 19.4608968935
Tessa 0.0000000000 879.6486562714 1000.0000000000 9.7103025908
Thijs 0.0000000000 889.3589588622 1000.0000000000 26.9954470365
Thomas 0.0000000000 916.3544058987 1000.0000000000 23.6915266530
Tim 0.0000000000 940.0459325517 1000.0000000000 25.7866956767
Tom 0.0000000000 965.8326282284 1000.0000000000 12.7321809904
Vera 0.0000000000 978.5648092187 1000.0000000000 10.1132197107
Willem 0.0000000000 988.6780289294 1000.0000000000 11.3219710706

Amber 0.0000000000 0.0000000000 1000.0000000000 12.7797943134
Anne 0.0000000000 12.7797943134 1000.0000000000 16.2961282517
Anouk 0.0000000000 29.0759225650 1000.0000000000 12.4395039322
Bas 0.0000000000 41.5154264973 1000.0000000000 9.1500302480
Bram 0.0000000000 50.6654567453 1000.0000000000 24.0471869328
Charlotte 0.0000000000 74.7126436782 1000.0000000000 11.8723532970
Cornelis 0.0000000000 86.5849969752 1000.0000000000 7.7510586812
Daan 0.0000000000 94.3360556564 1000.0000000000 32.7434966727
Daniël 0.0000000000 127.0795523291 1000.0000000000 13.6494252874
David 0.0000000000 140.7289776165 1000.0000000000 12.0614035088
Dylan 0.0000000000 152.7903811252 1000.0000000000 11.7589231700
Eline 0.0000000000 164.5493042952 1000.0000000000 11.7589231700
Emma 0.0000000000 176.3082274652 1000.0000000000 26.8829401089
Eva 0.0000000000 203.1911675741 1000.0000000000 22.6860254083
Femke 0.0000000000 225.8771929825 1000.0000000000 16.2583182093
Fleur 0.0000000000 242.1355111918 1000.0000000000 21.2114337568
Floris 0.0000000000 263.3469449486 1000.0000000000 14.2543859649
Gijs 0.0000000000 277.6013309135 1000.0000000000 18.1110102843
Ilse 0.0000000000 295.7123411978 1000.0000000000 7.1460980036
Iris 0.0000000000 302.8584392015 1000.0000000000 13.1957047792
Jan 0.0000000000 316.0541439806 1000.0000000000 15.8424077435
Jasper 0.0000000000 331.8965517241 1000.0000000000 12.3260738052
Jelle 0.0000000000 344.2226255293 1000.0000000000 8.5828796128
Jesse 0.0000000000 352.8055051422 1000.0000000000 25.3705384150
Johanna 0.0000000000 378.1760435572 1000.0000000000 7.7132486388
Johannes 0.0000000000 385.8892921960 1000.0000000000 10.7758620690
Joris 0.0000000000 396.6651542650 1000.0000000000 7.3351482154
Julia 0.0000000000 404.0003024803 1000.0000000000 24.6899576528
Koen 0.0000000000 428.6902601331 1000.0000000000 12.4016938899
Lars 0.0000000000 441.0919540230 1000.0000000000 24.6899576528
Lieke 0.0000000000 465.7819116757 1000.0000000000 23.4800362976
Lisa 0.0000000000 489.2619479734 1000.0000000000 23.3666061706
Lotte 0.0000000000 512.6285541440 1000.0000000000 23.7825166364
Lucas 0.0000000000 536.4110707804 1000.0000000000 26.3914095584
Luuk 0.0000000000 562.8024803388 1000.0000000000 28.0550514217
Maria 0.0000000000 590.8575317604 1000.0000000000 9.6037507562
Maud 0.0000000000 600.4612825166 1000.0000000000 16.4473684211
Max 0.0000000000 616.9086509377 1000.0000000000 17.2791893527
Merel 0.0000000000 634.1878402904 1000.0000000000 6.6545674531
Mohamed 0.0000000000 640.8424077435 1000.0000000000 9.6793708409
Naomi 0.0000000000 650.5217785844 1000.0000000000 13.3091349062
Nick 0.0000000000 663.8309134906 1000.0000000000 13.7250453721
Niels 0.0000000000 677.5559588627 1000.0000000000 12.2504537205
Nikki 0.0000000000 689.8064125832 1000.0000000000 10.1709013914
Nina 0.0000000000 699.9773139746 1000.0000000000 12.0614035088
Pieter 0.0000000000 712.0387174834 1000.0000000000 8.5828796128
Robin 0.0000000000 720.6215970962 1000.0000000000 10.1709013914
Roos 0.0000000000 730.7924984876 1000.0000000000 17.9597701149
Ruben 0.0000000000 748.7522686025 1000.0000000000 25.1814882033
Sanne 0.0000000000 773.9337568058 1000.0000000000 20.4552329099
Sarah 0.0000000000 794.3889897157 1000.0000000000 17.4304295221
Sophie 0.0000000000 811.8194192377 1000.0000000000 26.0889292196
Stijn 0.0000000000 837.9083484574 1000.0000000000 25.7864488808
Sven 0.0000000000 863.6947973382 1000.0000000000 18.0353901996
Tessa 0.0000000000 881.7301875378 1000.0000000000 9.9440411373
Thijs 0.0000000000 891.6742286751 1000.0000000000 25.1436781609
Thomas 0.0000000000 916.8179068361 1000.0000000000 25.1814882033
Tim 0.0000000000 941.9993950393 1000.0000000000 25.2192982456
Tom 0.0000000000 967.2186932849 1000.0000000000 12.2126436782
Vera 0.0000000000 979.4313369631 1000.0000000000 10.1330913491
Willem 0.0000000000 989.5644283122 1000.0000000000 10.4355716878

Amber 0.0000000000 0.0000000000 1000.0000000000 12.4203708317
Anne 0.0000000000 12.4203708317 1000.0000000000 16.9756930852
Anouk 0.0000000000 29.3960639169 1000.0000000000 14.1286166768
Bas 0.0000000000 43.5246805936 1000.0000000000 10.3562404356
Bram 0.0000000000 53.8809210292 1000.0000000000 22.2427844407
Charlotte 0.0000000000 76.1237054699 1000.0000000000 10.2850635254
Cornelis 0.0000000000 86.4087689953 1000.0000000000 6.7618064700
Daan 0.0000000000 93.1705754653 1000.0000000000 28.8978255454
Daniël 0.0000000000 122.0684010107 1000.0000000000 13.1677283889
David 0.0000000000 135.2361293996 1000.0000000000 12.0644862807
Dylan 0.0000000000 147.3006156803 1000.0000000000 11.1747749030
Eline 0.0000000000 158.4753905833 1000.0000000000 12.8830207481
Emma 0.0000000000 171.3584113314 1000.0000000000 24.4848571124
Eva 0.0000000000 195.8432684437 1000.0000000000 23.0969073633
Femke 0.0000000000 218.9401758070 1000.0000000000 15.1962703299
Fleur 0.0000000000 234.1364461369 1000.0000000000 20.3565963202
Floris 0.0000000000 254.4930424570 1000.0000000000 13.3812591195
Gijs 0.0000000000 267.8743015766 1000.0000000000 17.0468699954
Ilse 0.0000000000 284.9211715719 1000.0000000000 9.1462329620
Iris 0.0000000000 294.0674045340 1000.0000000000 14.3421474074
Jan 0.0000000000 308.4095519414 1000.0000000000 13.9150859461
Jasper 0.0000000000 322.3246378875 1000.0000000000 13.4168475746
Jelle 0.0000000000 335.7414854621 1000.0000000000 9.8224136090
Jesse 0.0000000000 345.5638990711 1000.0000000000 24.5560340226
Johanna 0.0000000000 370.1199330937 1000.0000000000 7.0465141108
Johannes 0.0000000000 377.1664472045 1000.0000000000 10.9256557173
Joris 0.0000000000 388.0921029218 1000.0000000000 8.0074023987
Julia 0.0000000000 396.0995053205 1000.0000000000 24.8407416634
Koen 0.0000000000 420.9402469839 1000.0000000000 12.5271361970
Lars 0.0000000000 433.4673831809 1000.0000000000 22.8477881775
Lieke 0.0000000000 456.3151713584 1000.0000000000 22.8833766326
Lisa 0.0000000000 479.1985479910 1000.0000000000 22.8477881775
Lotte 0.0000000000 502.0463361685 1000.0000000000 24.1289725613
Lucas 0.0000000000 526.1753087298 1000.0000000000 28.7198832699
Luuk 0.0000000000 554.8951919997 1000.0000000000 24.8051532083
Maria 0.0000000000 579.7003452080 1000.0000000000 9.4309406029
Maud 0.0000000000 589.1312858109 1000.0000000000 16.7265738994
Max 0.0000000000 605.8578597103 1000.0000000000 16.8333392647
Merel 0.0000000000 622.6911989751 1000.0000000000 7.4735755721
Mohamed 0.0000000000 630.1647745471 1000.0000000000 8.7191715008
Naomi 0.0000000000 638.8839460479 1000.0000000000 14.0218513114
Nick 0.0000000000 652.9057973593 1000.0000000000 13.9862628563
Niels 0.0000000000 666.8920602157 1000.0000000000 12.9186092032
Nikki 0.0000000000 679.8106694188 1000.0000000000 10.4985942560
Nina 0.0000000000 690.3092636749 1000.0000000000 12.3136054664
Pieter 0.0000000000 702.6228691413 1000.0000000000 8.7903484110
Robin 0.0000000000 711.4132175522 1000.0000000000 19.1821773017
Roos 0.0000000000 730.5953948539 1000.0000000000 17.9365813730
Ruben 0.0000000000 748.5319762269 1000.0000000000 23.6307341898
Sanne 0.0000000000 772.1627104167 1000.0000000000 21.6733691590
Sarah 0.0000000000 793.8360795758 1000.0000000000 14.4845012278
Sophie 0.0000000000 808.3205808036 1000.0000000000 27.7945834371
Stijn 0.0000000000 836.1151642407 1000.0000000000 24.4492686572
Sven 0.0000000000 860.5644328980 1000.0000000000 17.5095199117
Tessa 0.0000000000 878.0739528097 1000.0000000000 12.2780170113
Thijs 0.0000000000 890.3519698210 1000.0000000000 24.8407416634
Thomas 0.0000000000 915.1927114844 1000.0000000000 24.5560340226
Tim 0.0000000000 939.7487455070 1000.0000000000 25.8016299512
Tom 0.0000000000 965.5503754582 1000.0000000000 12.5627246521
Vera 0.0000000000 978.1131001103 1000.0000000000 10.2494750703
Willem 0.0000000000 988.3625751806 1000.0000000000 11.6374248194

Amber 0.0000000000 0.0000000000 1000.0000000000 15.8778625954
Anne 0.0000000000 15.8778625954 1000.0000000000 18.0152671756
Anouk 0.0000000000 33.8931297710 1000.0000000000 15.1314673452
Bas 0.0000000000 49.0245971162 1000.0000000000 10.3138252757
Bram 0.0000000000 59.3384223919 1000.0000000000 21.8490245971
Charlotte 0.0000000000 81.1874469890 1000.0000000000 8.6174724343
Cornelis 0.0000000000 89.8049194232 1000.0000000000 7.0229007634
Daan 0.0000000000 96.8278201866 1000.0000000000 30.6022052587
Daniël 0.0000000000 127.4300254453 1000.0000000000 12.6887192536
David 0.0000000000 140.1187446989 1000.0000000000 10.4834605598
Dylan 0.0000000000 150.6022052587 1000.0000000000 11.8405428329
Eline 0.0000000000 162.4427480916 1000.0000000000 11.4673452078
Emma 0.0000000000 173.9100932994 1000.0000000000 26.3952502120
Eva 0.0000000000 200.3053435115 1000.0000000000 20.1865988126
Femke 0.0000000000 220.4919423240 1000.0000000000 16.3867684478
Fleur 0.0000000000 236.8787107718 1000.0000000000 17.9474130619
Floris 0.0000000000 254.8261238338 1000.0000000000 11.6030534351
Gijs 0.0000000000 266.4291772689 1000.0000000000 15.3350296862
Ilse 0.0000000000 281.7642069550 1000.0000000000 10.1102629347
Iris 0.0000000000 291.8744698897 1000.0000000000 13.6726039016
Jan 0.0000000000 305.5470737913 1000.0000000000 14.0797285835
Jasper 0.0000000000 319.6268023749 1000.0000000000 12.8244274809
Jelle 0.0000000000 332.4512298558 1000.0000000000 10.2120441052
Jesse 0.0000000000 342.6632739610 1000.0000000000 23.8507209500
Johanna 0.0000000000 366.5139949109 1000.0000000000 8.1424936387
Johannes 0.0000000000 374.6564885496 1000.0000000000 10.6530958439
Joris 0.0000000000 385.3095843936 1000.0000000000 6.7514843087
Julia 0.0000000000 392.0610687023 1000.0000000000 24.2917726887
Koen 0.0000000000 416.3528413910 1000.0000000000 13.1976251060
Lars 0.0000000000 429.5504664970 1000.0000000000 24.8346055980
Lieke 0.0000000000 454.3850720950 1000.0000000000 23.5453774385
Lisa 0.0000000000 477.9304495335 1000.0000000000 21.0687022901
Lotte 0.0000000000 498.9991518236 1000.0000000000 22.3240033927
Lucas 0.0000000000 521.3231552163 1000.0000000000 27.5148430874
Luuk 0.0000000000 548.8379983036 1000.0000000000 21.7472434266
Maria 0.0000000000 570.5852417303 1000.0000000000 10.9245122986
Maud 0.0000000000 581.5097540288 1000.0000000000 16.1832061069
Max 0.0000000000 597.6929601357 1000.0000000000 16.4546225615
Merel 0.0000000000 614.1475826972 1000.0000000000 7.9728583545
Mohamed 0.0000000000 622.1204410517 1000.0000000000 10.0763358779
Naomi 0.0000000000 632.1967769296 1000.0000000000 13.3672603902
Nick 0.0000000000 645.5640373198 1000.0000000000 16.1153519932
Niels 0.0000000000 661.6793893130 1000.0000000000 12.9940627651
Nikki 0.0000000000 674.6734520780 1000.0000000000 13.4351145038
Nina 0.0000000000 688.1085665818 1000.0000000000 12.9940627651
Pieter 0.0000000000 701.1026293469 1000.0000000000 9.2620865140
Robin 0.0000000000 710.3647158609 1000.0000000000 17.7777777778
Roos 0.0000000000 728.1424936387 1000.0000000000 16.6242578456
Ruben 0.0000000000 744.7667514843 1000.0000000000 27.4130619169
Sanne 0.0000000000 772.1798134012 1000.0000000000 21.6454622561
Sarah 0.0000000000 793.8252756573 1000.0000000000 14.1136556404
Sophie 0.0000000000 807.9389312977 1000.0000000000 25.7167090755
Stijn 0.0000000000 833.6556403732 1000.0000000000 22.5275657337
Sven 0.0000000000 856.1832061069 1000.0000000000 21.3061916879
Tessa 0.0000000000 877.4893977947 1000.0000000000 12.5190839695
Thijs 0.0000000000 890.0084817642 1000.0000000000 23.8167938931
Thomas 0.0000000000 913.8252756573 1000.0000000000 25.4452926209
Tim 0.0000000000 939.2705682782 1000.0000000000 25.5810008482
Tom 0.0000000000 964.8515691264 1000.0000000000 14.1475826972
Vera 0.0000000000 978.9991518236 1000.0000000000 9.3638676845
Willem 0.0000000000 988.3630195081 1000.0000000000 11.6369804919

Amber 0.0000000000 0.0000000000 1000.0000000000 15.7346161555
Anne 0.0000000000 15.7346161555 1000.0000000000 18.8748580210
Anouk 0.0000000000 34.6094741765 1000.0000000000 16.4361595510
Bas 0.0000000000 51.0456337275 1000.0000000000 10.8572192156
Bram 0.0000000000 61.9028529431 1000.0000000000 19.9772833567
Charlotte 0.0000000000 81.8801362999 1000.0000000000 9.1868777978
Cornelis 0.0000000000 91.0670140977 1000.0000000000 7.7503841785
Daan 0.0000000000 98.8173982762 1000.0000000000 30.4670274604
Daniël 0.0000000000 129.2844257366 1000.0000000000 14.6990044765
David 0.0000000000 143.9834302131 1000.0000000000 10.6567782455
Dylan 0.0000000000 154.6402084586 1000.0000000000 14.0976815661
Eline 0.0000000000 168.7378900247 1000.0000000000 12.6611879468
Emma 0.0000000000 181.3990779715 1000.0000000000 22.1821340282
Eva 0.0000000000 203.5812119997 1000.0000000000 20.2445379836
Femke 0.0000000000 223.8257499833 1000.0000000000 15.0330727601
Fleur 0.0000000000 238.8588227434 1000.0000000000 17.6388053718
Floris 0.0000000000 256.4976281152 1000.0000000000 12.4607469767
Gijs 0.0000000000 268.9583750919 1000.0000000000 16.1020912675
Ilse 0.0000000000 285.0604663593 1000.0000000000 9.9886416784
Iris 0.0000000000 295.0491080377 1000.0000000000 16.9372619763
Jan 0.0000000000 311.9863700140 1000.0000000000 15.5341751854
Jasper 0.0000000000 327.5205451994 1000.0000000000 13.1956972005
Jelle 0.0000000000 340.7162423999 1000.0000000000 10.3895236186
Jesse 0.0000000000 351.1057660186 1000.0000000000 25.7566646623
Johanna 0.0000000000 376.8624306808 1000.0000000000 7.6835705218
Johannes 0.0000000000 384.5460012026 1000.0000000000 10.0220485067
Joris 0.0000000000 394.5680497094 1000.0000000000 7.6501636935
Julia 0.0000000000 402.2182134028 1000.0000000000 23.6520344758
Koen 0.0000000000 425.8702478787 1000.0000000000 13.8304269393
Lars 0.0000000000 439.7006748179 1000.0000000000 24.6208324982
Lieke 0.0000000000 464.3215073161 1000.0000000000 24.0195095878
Lisa 0.0000000000 488.3410169039 1000.0000000000 18.5741965658
Lotte 0.0000000000 506.9152134696 1000.0000000000 21.5139974611
Lucas 0.0000000000 528.4292109307 1000.0000000000 23.0841183938
Luuk 0.0000000000 551.5133293245 1000.0000000000 20.2111311552
Maria 0.0000000000 571.7244604797 1000.0000000000 9.8550143649
Maud 0.0000000000 581.5794748447 1000.0000000000 18.3069419389
Max 0.0000000000 599.8864167836 1000.0000000000 16.6366005211
Merel 0.0000000000 616.5230173047 1000.0000000000 7.4831295517
Mohamed 0.0000000000 624.0061468564 1000.0000000000 8.7859958576
Naomi 0.0000000000 632.7921427140 1000.0000000000 13.1622903722
Nick 0.0000000000 645.9544330861 1000.0000000000 17.0040756331
Niels 0.0000000000 662.9585087192 1000.0000000000 14.7992249616
Nikki 0.0000000000 677.7577336808 1000.0000000000 13.8304269393
Nina 0.0000000000 691.5881606200 1000.0000000000 14.3315293646
Pieter 0.0000000000 705.9196899846 1000.0000000000 8.9196231710
Robin 0.0000000000 714.8393131556 1000.0000000000 10.6233714171
Roos 0.0000000000 725.4626845727 1000.0000000000 15.5007683571
Ruben 0.0000000000 740.9634529298 1000.0000000000 24.8546802967
Sanne 0.0000000000 765.8181332264 1000.0000000000 23.5184071624
Sarah 0.0000000000 789.3365403889 1000.0000000000 11.5921694394
Sophie 0.0000000000 800.9287098283 1000.0000000000 26.7922763413
Stijn 0.0000000000 827.7209861696 1000.0000000000 22.6832364535
Sven 0.0000000000 850.4042226231 1000.0000000000 22.1153203715
Tessa 0.0000000000 872.5195429946 1000.0000000000 12.8616289170
Thijs 0.0000000000 885.3811719115 1000.0000000000 26.1909534309
Thomas 0.0000000000 911.5721253424 1000.0000000000 26.1241397742
Tim 0.0000000000 937.6962651166 1000.0000000000 27.7276675352
Tom 0.0000000000 965.4239326518 1000.0000000000 13.9640542527
Vera 0.0000000000 979.3879869045 1000.0000000000 8.5521480591
Willem 0.0000000000 987.9401349636 1000.0000000000 12.0598650364

Amber 0.0000000000 0.0000000000 1000.0000000000 14.8641893018
Anne 0.0000000000 14.8641893018 1000.0000000000 17.3304449258
Anouk 0.0000000000 32.1946342276 1000.0000000000 16.3639393434
Bas 0.0000000000 48.5585735711 1000.0000000000 11.1648058657
Bram 0.0000000000 59.7233794368 1000.0000000000 20.2299616731
Charlotte 0.0000000000 79.9533411098 1000.0000000000 9.8316947175
Cornelis 0.0000000000 89.7850358274 1000.0000000000 8.4985835694
Daan 0.0000000000 98.2836193968 1000.0000000000 27.6620563239
Daniël 0.0000000000 125.9456757207 1000.0000000000 13.8643559407
David 0.0000000000 139.8100316614 1000.0000000000 11.6980503249
Dylan 0.0000000000 151.5080819863 1000.0000000000 12.9645059157
Eline 0.0000000000 164.4725879020 1000.0000000000 11.4647558740
Emma 0.0000000000 175.9373437760 1000.0000000000 21.2297950342
Eva 0.0000000000 197.1671388102 1000.0000000000 19.9300116647
Femke 0.0000000000 217.0971504749 1000.0000000000 16.6972171305
Fleur 0.0000000000 233.7943676054 1000.0000000000 19.6633894351
Floris 0.0000000000 253.4577570405 1000.0000000000 12.4312614564
Gijs 0.0000000000 265.8890184969 1000.0000000000 14.4975837360
Ilse 0.0000000000 280.3866022330 1000.0000000000 10.1316447259
Iris 0.0000000000 290.5182469588 1000.0000000000 19.0634894184
Jan 0.0000000000 309.5817363773 1000.0000000000 14.4642559573
Jasper 0.0000000000 324.0459923346 1000.0000000000 14.8308615231
Jelle 0.0000000000 338.8768538577 1000.0000000000 9.6650558240
Jesse 0.0000000000 348.5419096817 1000.0000000000 25.6290618230
Johanna 0.0000000000 374.1709715047 1000.0000000000 8.4319280120
Johannes 0.0000000000 382.6028995167 1000.0000000000 11.6647225462
Joris 0.0000000000 394.2676220630 1000.0000000000 8.2652891185
Julia 0.0000000000 402.5329111815 1000.0000000000 22.9961673054
Koen 0.0000000000 425.5290784869 1000.0000000000 13.3311114814
Lars 0.0000000000 438.8601899683 1000.0000000000 22.4629228462
Lieke 0.0000000000 461.3231128145 1000.0000000000 22.4295950675
Lisa 0.0000000000 483.7527078820 1000.0000000000 20.0299950008
Lotte 0.0000000000 503.7827028829 1000.0000000000 23.7293784369
Lucas 0.0000000000 527.5120813198 1000.0000000000 24.2626228962
Luuk 0.0000000000 551.7747042160 1000.0000000000 19.2634560907
Maria 0.0000000000 571.0381603066 1000.0000000000 10.1983002833
Maud 0.0000000000 581.2364605899 1000.0000000000 17.0304949175
Max 0.0000000000 598.2669555074 1000.0000000000 16.2972837860
Merel 0.0000000000 614.5642392935 1000.0000000000 9.2317947009
Mohamed 0.0000000000 623.7960339943 1000.0000000000 8.5652391268
Naomi 0.0000000000 632.3612731211 1000.0000000000 13.1978003666
Nick 0.0000000000 645.5590734878 1000.0000000000 15.1641393101
Niels 0.0000000000 660.7232127979 1000.0000000000 15.4974170972
Nikki 0.0000000000 676.2206298950 1000.0000000000 10.0316613898
Nina 0.0000000000 686.2522912848 1000.0000000000 12.6645559073
Pieter 0.0000000000 698.9168471921 1000.0000000000 9.2651224796
Robin 0.0000000000 708.1819696717 1000.0000000000 17.6637227129
Roos 0.0000000000 725.8456923846 1000.0000000000 15.4307615397
Ruben 0.0000000000 741.2764539243 1000.0000000000 27.1954674221
Sanne 0.0000000000 768.4719213464 1000.0000000000 24.2626228962
Sarah 0.0000000000 792.7345442426 1000.0000000000 12.0979836694
Sophie 0.0000000000 804.8325279120 1000.0000000000 22.1296450592
Stijn 0.0000000000 826.9621729712 1000.0000000000 23.8293617730
Sven 0.0000000000 850.7915347442 1000.0000000000 22.3296117314
Tessa 0.0000000000 873.1211464756 1000.0000000000 13.4644225962
Thijs 0.0000000000 886.5855690718 1000.0000000000 24.9625062490
Thomas 0.0000000000 911.5480753208 1000.0000000000 26.1956340610
Tim 0.0000000000 937.7437093818 1000.0000000000 28.3619396767
Tom 0.0000000000 966.1056490585 1000.0000000000 14.8308615231
Vera 0.0000000000 980.9365105816 1000.0000000000 8.3652724546
Willem 0.0000000000 989.3017830362 1000.0000000000 10.6982169638

Amber 0.0000000000 0.0000000000 1000.0000000000 15.7898081078
Anne 0.0000000000 15.7898081078 1000.0000000000 18.9350616343
Anouk 0.0000000000 34.7248697420 1000.0000000000 18.9350616343
Bas 0.0000000000 53.6599313763 1000.0000000000 13.9153640869
Bram 0.0000000000 67.5752954632 1000.0000000000 19.3480747236
Charlotte 0.0000000000 86.9233701868 1000.0000000000 8.5779641632
Cornelis 0.0000000000 95.5013343500 1000.0000000000 8.2920320244
Daan 0.0000000000 103.7933663744 1000.0000000000 28.9426864913
Daniël 0.0000000000 132.7360528657 1000.0000000000 15.0908628797
David 0.0000000000 147.8269157453 1000.0000000000 11.1195831745
Dylan 0.0000000000 158.9464989198 1000.0000000000 12.1680010166
Eline 0.0000000000 171.1144999365 1000.0000000000 11.7549879273
Emma 0.0000000000 182.8694878638 1000.0000000000 20.5553437540
Eva 0.0000000000 203.4248316177 1000.0000000000 19.6022366247
Femke 0.0000000000 223.0270682425 1000.0000000000 18.2361164062
Fleur 0.0000000000 241.2631846486 1000.0000000000 20.0787901894
Floris 0.0000000000 261.3419748380 1000.0000000000 12.2950819672
Gijs 0.0000000000 273.6370568052 1000.0000000000 12.7716355318
Ilse 0.0000000000 286.4086923370 1000.0000000000 9.3404498666
Iris 0.0000000000 295.7491422036 1000.0000000000 19.2209937730
Jan 0.0000000000 314.9701359766 1000.0000000000 15.7580378701
Jasper 0.0000000000 330.7281738467 1000.0000000000 14.4236878892
Jelle 0.0000000000 345.1518617359 1000.0000000000 11.4372855509
Jesse 0.0000000000 356.5891472868 1000.0000000000 24.6537044097
Johanna 0.0000000000 381.2428516965 1000.0000000000 7.9425594103
Johannes 0.0000000000 389.1854111069 1000.0000000000 11.2784343627
Joris 0.0000000000 400.4638454696 1000.0000000000 8.0696403609
Julia 0.0000000000 408.5334858305 1000.0000000000 20.8095056551
Koen 0.0000000000 429.3429914856 1000.0000000000 13.5658914729
Lars 0.0000000000 442.9088829584 1000.0000000000 26.1786758165
Lieke 0.0000000000 469.0875587749 1000.0000000000 20.4600330410
Lisa 0.0000000000 489.5475918160 1000.0000000000 21.6990723091
Lotte 0.0000000000 511.2466641250 1000.0000000000 20.0152497141
Lucas 0.0000000000 531.2619138391 1000.0000000000 23.5417460923
Luuk 0.0000000000 554.8036599314 1000.0000000000 18.6491294955
Maria 0.0000000000 573.4527894269 1000.0000000000 10.8336510357
Maud 0.0000000000 584.2864404626 1000.0000000000 15.0273224044
Max 0.0000000000 599.3137628669 1000.0000000000 18.5220485449
Merel 0.0000000000 617.8358114119 1000.0000000000 11.8502986402
Mohamed 0.0000000000 629.6861100521 1000.0000000000 9.1180582031
Naomi 0.0000000000 638.8041682552 1000.0000000000 13.5658914729
Nick 0.0000000000 652.3700597280 1000.0000000000 15.6944973948
Niels 0.0000000000 668.0645571229 1000.0000000000 16.3616723853
Nikki 0.0000000000 684.4262295082 1000.0000000000 10.7065700851
Nina 0.0000000000 695.1327995933 1000.0000000000 11.0560426992
Pieter 0.0000000000 706.1888422925 1000.0000000000 8.5144236879
Robin 0.0000000000 714.7032659804 1000.0000000000 18.4902783073
Roos 0.0000000000 733.1935442877 1000.0000000000 16.3616723853
Ruben 0.0000000000 749.5552166730 1000.0000000000 20.7777354175
Sanne 0.0000000000 770.3329520905 1000.0000000000 23.2875841911
Sarah 0.0000000000 793.6205362816 1000.0000000000 12.5174736307
Sophie 0.0000000000 806.1380099123 1000.0000000000 24.3360020333
Stijn 0.0000000000 830.4740119456 1000.0000000000 21.1589782692
Sven 0.0000000000 851.6329902148 1000.0000000000 21.3495996950
Tessa 0.0000000000 872.9825899098 1000.0000000000 13.3434998094
Thijs 0.0000000000 886.3260897192 1000.0000000000 25.5432710637
Thomas 0.0000000000 911.8693607828 1000.0000000000 26.5599186682
Tim 0.0000000000 938.4292794510 1000.0000000000 25.5432710637
Tom 0.0000000000 963.9725505147 1000.0000000000 15.7262676325
Vera 0.0000000000 979.6988181472 1000.0000000000 8.9592070149
Willem 0.0000000000 988.6580251620 1000.0000000000 11.3419748380

Amber 0.0000000000 0.0000000000 1000.0000000000 17.7536678585
Anne 0.0000000000 17.7536678585 1000.0000000000 17.8769572186
Anouk 0.0000000000 35.6306250771 1000.0000000000 21.0208359019
Bas 0.0000000000 56.6514609789 1000.0000000000 12.7604487733
Bram 0.0000000000 69.4119097522 1000.0000000000 20.5276784613
Charlotte 0.0000000000 89.9395882135 1000.0000000000 9.2467020096
Cornelis 0.0000000000 99.1862902232 1000.0000000000 7.3665392677
Daan 0.0000000000 106.5528294908 1000.0000000000 29.5586240907
Daniël 0.0000000000 136.1114535816 1000.0000000000 15.4419923561
David 0.0000000000 151.5534459376 1000.0000000000 11.5583775120
Dylan 0.0000000000 163.1118234496 1000.0000000000 13.4077179139
Eline 0.0000000000 176.5195413636 1000.0000000000 12.2056466527
Emma 0.0000000000 188.7251880163 1000.0000000000 22.4694858834
Eva 0.0000000000 211.1946738996 1000.0000000000 20.4352114413
Femke 0.0000000000 231.6298853409 1000.0000000000 16.3666625570
Fleur 0.0000000000 247.9965478979 1000.0000000000 18.6475157194
Floris 0.0000000000 266.6440636173 1000.0000000000 10.2946615707
Gijs 0.0000000000 276.9387251880 1000.0000000000 13.0070274935
Ilse 0.0000000000 289.9457526815 1000.0000000000 9.9556158304
Iris 0.0000000000 299.9013685119 1000.0000000000 21.2057699421
Jan 0.0000000000 321.1071384540 1000.0000000000 15.0721242757
Jasper 0.0000000000 336.1792627296 1000.0000000000 16.0584391567
Jelle 0.0000000000 352.2377018863 1000.0000000000 10.6953519911
Jesse 0.0000000000 362.9330538775 1000.0000000000 22.7777092837
Johanna 0.0000000000 385.7107631611 1000.0000000000 9.3699913697
Johannes 0.0000000000 395.0807545309 1000.0000000000 11.4350881519
Joris 0.0000000000 406.5158426828 1000.0000000000 8.5069658488
Julia 0.0000000000 415.0228085316 1000.0000000000 20.4043891012
Koen 0.0000000000 435.4271976328 1000.0000000000 12.9145604734
Lars 0.0000000000 448.3417581063 1000.0000000000 24.4421156454
Lieke 0.0000000000 472.7838737517 1000.0000000000 18.4317593392
Lisa 0.0000000000 491.2156330909 1000.0000000000 20.1886327210
Lotte 0.0000000000 511.4042658119 1000.0000000000 20.4660337813
Lucas 0.0000000000 531.8702995931 1000.0000000000 24.4421156454
Luuk 0.0000000000 556.3124152386 1000.0000000000 18.7399827395
Maria 0.0000000000 575.0523979781 1000.0000000000 11.1885094316
Maud 0.0000000000 586.2409074097 1000.0000000000 19.3256072001
Max 0.0000000000 605.5665146098 1000.0000000000 19.9728763408
Merel 0.0000000000 625.5393909506 1000.0000000000 12.6679817532
Mohamed 0.0000000000 638.2073727037 1000.0000000000 8.1679201085
Naomi 0.0000000000 646.3752928122 1000.0000000000 13.9316976945
Nick 0.0000000000 660.3069905067 1000.0000000000 16.9522870176
Niels 0.0000000000 677.2592775243 1000.0000000000 18.9249167797
Nikki 0.0000000000 696.1841943040 1000.0000000000 9.7706817902
Nina 0.0000000000 705.9548760942 1000.0000000000 13.4385402540
Pieter 0.0000000000 719.3934163482 1000.0000000000 9.4008137098
Robin 0.0000000000 728.7942300579 1000.0000000000 20.8975465417
Roos 0.0000000000 749.6917765997 1000.0000000000 17.1680433979
Ruben 0.0000000000 766.8598199975 1000.0000000000 18.8632720996
Sanne 0.0000000000 785.7230920972 1000.0000000000 23.1783997041
Sarah 0.0000000000 808.9014918013 1000.0000000000 10.9419307114
Sophie 0.0000000000 819.8434225126 1000.0000000000 18.4009369991
Stijn 0.0000000000 838.2443595118 1000.0000000000 19.3564295401
Sven 0.0000000000 857.6007890519 1000.0000000000 18.0618912588
Tessa 0.0000000000 875.6626803107 1000.0000000000 12.7296264332
Thijs 0.0000000000 888.3923067439 1000.0000000000 24.4729379855
Thomas 0.0000000000 912.8652447294 1000.0000000000 25.9215879670
Tim 0.0000000000 938.7868326963 1000.0000000000 25.6133645666
Tom 0.0000000000 964.4001972630 1000.0000000000 15.2878806559
Vera 0.0000000000 979.6880779189 1000.0000000000 9.4932807299
Willem 0.0000000000 989.1813586487 1000.0000000000 10.8186413513

Amber 0.0000000000 0.0000000000 1000.0000000000 20.1657945793
Anne 0.0000000000 20.1657945793 1000.0000000000 22.0177553060
Anouk 0.0000000000 42.1835498854 1000.0000000000 18.1374566406
Bas 0.0000000000 60.3210065260 1000.0000000000 12.9931212887
Bram 0.0000000000 73.3141278147 1000.0000000000 21.7237932859
Charlotte 0.0000000000 95.0379211006 1000.0000000000 9.3185960374
Cornelis 0.0000000000 104.3565171380 1000.0000000000 8.1427479570
Daan 0.0000000000 112.4992650949 1000.0000000000 30.2780880710
Daniël 0.0000000000 142.7773531660 1000.0000000000 15.8739490858
David 0.0000000000 158.6513022517 1000.0000000000 11.1117643600
Dylan 0.0000000000 169.7630666118 1000.0000000000 13.6986301370
Eline 0.0000000000 183.4616967488 1000.0000000000 11.5233111882
Emma 0.0000000000 194.9850079370 1000.0000000000 21.9883591040
Eva 0.0000000000 216.9733670410 1000.0000000000 18.4020224587
Femke 0.0000000000 235.3753894997 1000.0000000000 20.3127755894
Fleur 0.0000000000 255.6881650891 1000.0000000000 19.4014933271
Floris 0.0000000000 275.0896584161 1000.0000000000 9.9065200776
Gijs 0.0000000000 284.9961784937 1000.0000000000 12.5227820566
Ilse 0.0000000000 297.5189605503 1000.0000000000 12.9931212887
Iris 0.0000000000 310.5120818390 1000.0000000000 20.8419072256
Jan 0.0000000000 331.3539890646 1000.0000000000 15.6975718737
Jasper 0.0000000000 347.0515609383 1000.0000000000 15.6975718737
Jelle 0.0000000000 362.7491328120 1000.0000000000 11.2881415721
Jesse 0.0000000000 374.0372743841 1000.0000000000 19.5190781351
Johanna 0.0000000000 393.5563525193 1000.0000000000 8.7012757952
Johannes 0.0000000000 402.2576283144 1000.0000000000 13.1988947028
Joris 0.0000000000 415.4565230172 1000.0000000000 7.8781821389
Julia 0.0000000000 423.3347051561 1000.0000000000 20.0188135693
Koen 0.0000000000 443.3535187254 1000.0000000000 13.0519136928
Lars 0.0000000000 456.4054324181 1000.0000000000 25.9274501734
Lieke 0.0000000000 482.3328825916 1000.0000000000 13.6104415310
Lisa 0.0000000000 495.9433241225 1000.0000000000 20.1951907814
Lotte 0.0000000000 516.1385149039 1000.0000000000 22.8996413663
Lucas 0.0000000000 539.0381562702 1000.0000000000 23.6933388206
Luuk 0.0000000000 562.7314950908 1000.0000000000 17.5789288024
Maria 0.0000000000 580.3104238932 1000.0000000000 11.5821035922
Maud 0.0000000000 591.8925274854 1000.0000000000 16.6970427421
Max 0.0000000000 608.5895702275 1000.0000000000 19.6954553472
Merel 0.0000000000 628.2850255747 1000.0000000000 12.9049326827
Mohamed 0.0000000000 641.1899582574 1000.0000000000 9.1128226233
Naomi 0.0000000000 650.3027808807 1000.0000000000 15.5211946616
Nick 0.0000000000 665.8239755424 1000.0000000000 18.3432300547
Niels 0.0000000000 684.1672055970 1000.0000000000 19.5484743371
Nikki 0.0000000000 703.7156799342 1000.0000000000 10.1416896937
Nina 0.0000000000 713.8573696278 1000.0000000000 14.1101769651
Pieter 0.0000000000 727.9675465930 1000.0000000000 8.9364454113
Robin 0.0000000000 736.9039920042 1000.0000000000 23.1348109824
Roos 0.0000000000 760.0388029867 1000.0000000000 14.7568934094
Ruben 0.0000000000 774.7956963960 1000.0000000000 16.9322123582
Sanne 0.0000000000 791.7279087542 1000.0000000000 25.6334881533
Sarah 0.0000000000 817.3613969075 1000.0000000000 9.6713504615
Sophie 0.0000000000 827.0327473690 1000.0000000000 15.5505908637
Stijn 0.0000000000 842.5833382327 1000.0000000000 18.3432300547
Sven 0.0000000000 860.9265682874 1000.0000000000 14.7862896114
Tessa 0.0000000000 875.7128578988 1000.0000000000 14.1101769651
Thijs 0.0000000000 889.8230348639 1000.0000000000 19.3720971251
Thomas 0.0000000000 909.1951319889 1000.0000000000 27.1326944559
Tim 0.0000000000 936.3278264448 1000.0000000000 26.2802045976
Tom 0.0000000000 962.6080310424 1000.0000000000 16.6970427421
Vera 0.0000000000 979.3050737845 1000.0000000000 10.2886707037
Willem 0.0000000000 989.5937444882 1000.0000000000 10.4062555118

Amber 0.0000000000 0.0000000000 1000.0000000000 18.3268885137
Anne 0.0000000000 18.3268885137 1000.0000000000 21.4312945918
Anouk 0.0000000000 39.7581831055 1000.0000000000 17.6460977071
Bas 0.0000000000 57.4042808126 1000.0000000000 14.6778497903
Bram 0.0000000000 72.0821306029 1000.0000000000 21.6491476499
Charlotte 0.0000000000 93.7312782528 1000.0000000000 9.3132182343
Cornelis 0.0000000000 103.0444964871 1000.0000000000 8.7958172213
Daan 0.0000000000 111.8403137084 1000.0000000000 29.7914056969
Daniël 0.0000000000 141.6317194053 1000.0000000000 13.9970589837
David 0.0000000000 155.6287783890 1000.0000000000 11.8457600349
Dylan 0.0000000000 167.4745384238 1000.0000000000 12.0636130930
Eline 0.0000000000 179.5381515168 1000.0000000000 11.1649692283
Emma 0.0000000000 190.7031207451 1000.0000000000 22.7928762050
Eva 0.0000000000 213.4959969501 1000.0000000000 18.4902783073
Femke 0.0000000000 231.9862752573 1000.0000000000 18.9259844235
Fleur 0.0000000000 250.9122596808 1000.0000000000 19.7429333914
Floris 0.0000000000 270.6551930723 1000.0000000000 9.8578508796
Gijs 0.0000000000 280.5130439519 1000.0000000000 13.2345732803
Ilse 0.0000000000 293.7476172322 1000.0000000000 11.9274549316
Iris 0.0000000000 305.6750721638 1000.0000000000 21.8397690758
Jan 0.0000000000 327.5148412396 1000.0000000000 16.3662109907
Jasper 0.0000000000 343.8810522303 1000.0000000000 15.9032732422
Jelle 0.0000000000 359.7843254725 1000.0000000000 12.1453079898
Jesse 0.0000000000 371.9296334622 1000.0000000000 18.0818038233
Johanna 0.0000000000 390.0114372856 1000.0000000000 9.8306192473
Johannes 0.0000000000 399.8420565329 1000.0000000000 13.6975110288
Joris 0.0000000000 413.5395675617 1000.0000000000 6.4811284788
Julia 0.0000000000 420.0206960405 1000.0000000000 19.7429333914
Koen 0.0000000000 439.7636294319 1000.0000000000 12.9894885899
Lars 0.0000000000 452.7531180219 1000.0000000000 25.7883557540
Lieke 0.0000000000 478.5414737759 1000.0000000000 14.1332171450
Lisa 0.0000000000 492.6746909210 1000.0000000000 22.3571700888
Lotte 0.0000000000 515.0318610097 1000.0000000000 18.8170578945
Lucas 0.0000000000 533.8489189042 1000.0000000000 25.6794292250
Luuk 0.0000000000 559.5283481292 1000.0000000000 17.0197701650
Maria 0.0000000000 576.5481182942 1000.0000000000 11.8185284026
Maud 0.0000000000 588.3666466968 1000.0000000000 14.2421436741
Max 0.0000000000 602.6087903709 1000.0000000000 21.2406731659
Merel 0.0000000000 623.8494635368 1000.0000000000 12.6899406350
Mohamed 0.0000000000 636.5394041719 1000.0000000000 9.0681335439
Naomi 0.0000000000 645.6075377158 1000.0000000000 15.7671150809
Nick 0.0000000000 661.3746527967 1000.0000000000 15.5492620228
Niels 0.0000000000 676.9239148195 1000.0000000000 18.7081313654
Nikki 0.0000000000 695.6320461848 1000.0000000000 7.9516366211
Nina 0.0000000000 703.5836828059 1000.0000000000 15.7398834486
Pieter 0.0000000000 719.3235662546 1000.0000000000 10.0212406732
Robin 0.0000000000 729.3448069277 1000.0000000000 22.4660966178
Roos 0.0000000000 751.8109035456 1000.0000000000 14.4872283645
Ruben 0.0000000000 766.2981319100 1000.0000000000 18.0273405588
Sanne 0.0000000000 784.3254724688 1000.0000000000 26.9865475737
Sarah 0.0000000000 811.3120200425 1000.0000000000 10.8654212734
Sophie 0.0000000000 822.1774413158 1000.0000000000 16.0394314035
Stijn 0.0000000000 838.2168727194 1000.0000000000 17.8094875007
Sven 0.0000000000 856.0263602200 1000.0000000000 16.4206742552
Tessa 0.0000000000 872.4470344752 1000.0000000000 13.5341212352
Thijs 0.0000000000 885.9811557105 1000.0000000000 18.2179619846
Thomas 0.0000000000 904.1991176951 1000.0000000000 30.9351342519
Tim 0.0000000000 935.1342519471 1000.0000000000 27.5584118512
Tom 0.0000000000 962.6926637983 1000.0000000000 17.8367191329
Vera 0.0000000000 980.5293829312 1000.0000000000 9.3949131311
Willem 0.0000000000 989.9242960623 1000.0000000000 10.0757039377

Amber 0.0000000000 0.0000000000 1000.0000000000 18.9644150863
Anne 0.0000000000 18.9644150863 1000.0000000000 23.1195397400
Anouk 0.0000000000 42.0839548263 1000.0000000000 17.3662902195
Bas 0.0000000000 59.4502450458 1000.0000000000 14.4630300447
Bram 0.0000000000 73.9132750906 1000.0000000000 19.2041338163
Charlotte 0.0000000000 93.1174089069 1000.0000000000 9.5354783720
Cornelis 0.0000000000 102.6528872789 1000.0000000000 10.3345408055
Daan 0.0000000000 112.9874280844 1000.0000000000 32.9746430854
Daniël 0.0000000000 145.9620711698 1000.0000000000 16.2742382271
David 0.0000000000 162.2363093970 1000.0000000000 10.1480929043
Dylan 0.0000000000 172.3844023013 1000.0000000000 13.1578947368
Eline 0.0000000000 185.5422970381 1000.0000000000 10.5209887066
Emma 0.0000000000 196.0632857447 1000.0000000000 18.6714255274
Eva 0.0000000000 214.7347112721 1000.0000000000 18.2718943107
Femke 0.0000000000 233.0066055828 1000.0000000000 17.7125506073
Fleur 0.0000000000 250.7191561901 1000.0000000000 23.1994459834
Floris 0.0000000000 273.9186021734 1000.0000000000 9.4023012998
Gijs 0.0000000000 283.3209034733 1000.0000000000 11.8261240145
Ilse 0.0000000000 295.1470274877 1000.0000000000 13.5307905391
Iris 0.0000000000 308.6778180268 1000.0000000000 21.6013211166
Jan 0.0000000000 330.2791391434 1000.0000000000 14.8625612615
Jasper 0.0000000000 345.1417004049 1000.0000000000 15.4751757937
Jelle 0.0000000000 360.6168761986 1000.0000000000 13.1312593224
Jesse 0.0000000000 373.7481355210 1000.0000000000 20.2429149798
Johanna 0.0000000000 393.9910505007 1000.0000000000 10.0948220754
Johannes 0.0000000000 404.0858725762 1000.0000000000 12.9714468357
Joris 0.0000000000 417.0573194119 1000.0000000000 8.3102493075
Julia 0.0000000000 425.3675687194 1000.0000000000 20.9620711698
Koen 0.0000000000 446.3296398892 1000.0000000000 12.9980822502
Lars 0.0000000000 459.3277221394 1000.0000000000 25.5433624547
Lieke 0.0000000000 484.8710845941 1000.0000000000 10.8672490944
Lisa 0.0000000000 495.7383336885 1000.0000000000 23.8120605157
Lotte 0.0000000000 519.5503942041 1000.0000000000 19.3373108886
Lucas 0.0000000000 538.8877050927 1000.0000000000 19.6569358619
Luuk 0.0000000000 558.5446409546 1000.0000000000 16.0078840827
Maria 0.0000000000 574.5525250373 1000.0000000000 11.6929469423
Maud 0.0000000000 586.2454719795 1000.0000000000 12.4121031323
Max 0.0000000000 598.6575751119 1000.0000000000 23.7055188579
Merel 0.0000000000 622.3630939697 1000.0000000000 12.0658427445
Mohamed 0.0000000000 634.4289367143 1000.0000000000 8.0438951630
Naomi 0.0000000000 642.4728318773 1000.0000000000 16.1410611549
Nick 0.0000000000 658.6138930322 1000.0000000000 17.9789047518
Niels 0.0000000000 676.5927977839 1000.0000000000 19.8167483486
Nikki 0.0000000000 696.4095461325 1000.0000000000 7.6709993608
Nina 0.0000000000 704.0805454933 1000.0000000000 12.8116343490
Pieter 0.0000000000 716.8921798423 1000.0000000000 10.6808011933
Robin 0.0000000000 727.5729810356 1000.0000000000 22.3204773066
Roos 0.0000000000 749.8934583422 1000.0000000000 11.8527594289
Ruben 0.0000000000 761.7462177711 1000.0000000000 18.1120818240
Sanne 0.0000000000 779.8582995951 1000.0000000000 28.6064351161
Sarah 0.0000000000 808.4647347113 1000.0000000000 11.1069678244
Sophie 0.0000000000 819.5717025357 1000.0000000000 14.8891966759
Stijn 0.0000000000 834.4608992116 1000.0000000000 18.1653526529
Sven 0.0000000000 852.6262518645 1000.0000000000 14.9424675048
Tessa 0.0000000000 867.5687193693 1000.0000000000 14.9957383337
Thijs 0.0000000000 882.5644577030 1000.0000000000 18.5648838696
Thomas 0.0000000000 901.1293415726 1000.0000000000 33.0545493288
Tim 0.0000000000 934.1838909013 1000.0000000000 27.9938205838
Tom 0.0000000000 962.1777114852 1000.0000000000 18.4050713829
Vera 0.0000000000 980.5827828681 1000.0000000000 9.0560409120
Willem 0.0000000000 989.6388237801 1000.0000000000 10.3611762199

Amber 0.0000000000 0.0000000000 1000.0000000000 19.8850396147
Anne 0.0000000000 19.8850396147 1000.0000000000 24.5714877531
Anouk 0.0000000000 44.4565273678 1000.0000000000 16.9592460256
Bas 0.0000000000 61.4157733934 1000.0000000000 16.0271347936
Bram 0.0000000000 77.4429081870 1000.0000000000 19.9627155507
Charlotte 0.0000000000 97.4056237378 1000.0000000000 10.5898192740
Cornelis 0.0000000000 107.9954430118 1000.0000000000 8.9845165968
Daan 0.0000000000 116.9799596085 1000.0000000000 28.4293925742
Daniël 0.0000000000 145.4093521827 1000.0000000000 15.6646470923
David 0.0000000000 161.0739992750 1000.0000000000 10.3567914660
Dylan 0.0000000000 171.4307907410 1000.0000000000 14.0075604578
Eline 0.0000000000 185.4383511988 1000.0000000000 9.5541401274
Emma 0.0000000000 194.9924913262 1000.0000000000 18.0208171508
Eva 0.0000000000 213.0133084770 1000.0000000000 18.5645487028
Femke 0.0000000000 231.5778571798 1000.0000000000 19.4189839988
Fleur 0.0000000000 250.9968411786 1000.0000000000 23.0956449692
Floris 0.0000000000 274.0924861478 1000.0000000000 7.8711615142
Gijs 0.0000000000 281.9636476620 1000.0000000000 13.1790171405
Ilse 0.0000000000 295.1426648024 1000.0000000000 14.8361037751
Iris 0.0000000000 309.9787685775 1000.0000000000 21.9305059293
Jan 0.0000000000 331.9092745068 1000.0000000000 16.5190823883
Jasper 0.0000000000 348.4283568950 1000.0000000000 14.2405882658
Jelle 0.0000000000 362.6689451608 1000.0000000000 12.9459893325
Jesse 0.0000000000 375.6149344933 1000.0000000000 16.8297861323
Johanna 0.0000000000 392.4447206256 1000.0000000000 9.9425198074
Johannes 0.0000000000 402.3872404329 1000.0000000000 15.0950235617
Joris 0.0000000000 417.4822639946 1000.0000000000 7.6899176635
Julia 0.0000000000 425.1721816581 1000.0000000000 20.1180674227
Koen 0.0000000000 445.2902490808 1000.0000000000 13.0236652685
Lars 0.0000000000 458.3139143493 1000.0000000000 24.6491636891
Lieke 0.0000000000 482.9630780384 1000.0000000000 11.2112267619
Lisa 0.0000000000 494.1743048004 1000.0000000000 23.8982963078
Lotte 0.0000000000 518.0726011082 1000.0000000000 18.0726011082
Lucas 0.0000000000 536.1452022164 1000.0000000000 15.9494588576
Luuk 0.0000000000 552.0946610740 1000.0000000000 15.0432396044
Maria 0.0000000000 567.1379006784 1000.0000000000 12.9459893325
Maud 0.0000000000 580.0838900109 1000.0000000000 10.4862513593
Max 0.0000000000 590.5701413702 1000.0000000000 26.5651701103
Merel 0.0000000000 617.1353114805 1000.0000000000 13.1272331832
Mohamed 0.0000000000 630.2625446637 1000.0000000000 8.7773807674
Naomi 0.0000000000 639.0399254311 1000.0000000000 16.4672984309
Nick 0.0000000000 655.5072238620 1000.0000000000 19.1600642121
Niels 0.0000000000 674.6672880742 1000.0000000000 20.2475273160
Nikki 0.0000000000 694.9148153902 1000.0000000000 8.4148930661
Nina 0.0000000000 703.3297084563 1000.0000000000 13.1790171405
Pieter 0.0000000000 716.5087255968 1000.0000000000 9.8130599140
Robin 0.0000000000 726.3217855108 1000.0000000000 26.7723059396
Roos 0.0000000000 753.0940914505 1000.0000000000 9.9425198074
Ruben 0.0000000000 763.0366112578 1000.0000000000 17.9431412149
Sanne 0.0000000000 780.9797524727 1000.0000000000 27.7044171716
Sarah 0.0000000000 808.6841696442 1000.0000000000 8.5184609808
Sophie 0.0000000000 817.2026306250 1000.0000000000 15.4834032417
Stijn 0.0000000000 832.6860338667 1000.0000000000 18.5904406815
Sven 0.0000000000 851.2764745482 1000.0000000000 14.1888043084
Tessa 0.0000000000 865.4652788566 1000.0000000000 16.1048107296
Thijs 0.0000000000 881.5700895862 1000.0000000000 16.6744342603
Thomas 0.0000000000 898.2445238465 1000.0000000000 33.0381647766
Tim 0.0000000000 931.2826886231 1000.0000000000 27.5231733209
Tom 0.0000000000 958.8058619440 1000.0000000000 19.8591476361
Vera 0.0000000000 978.6650095800 1000.0000000000 9.9943037647
Willem 0.0000000000 988.6593133447 1000.0000000000 11.3406866553

Amber 0.0000000000 0.0000000000 1000.0000000000 21.8441079058
Anne 0.0000000000 21.8441079058 1000.0000000000 24.4734912649
Anouk 0.0000000000 46.3175991707 1000.0000000000 21.9958030996
Bas 0.0000000000 68.3134022704 1000.0000000000 16.5600586555
Bram 0.0000000000 84.8734609258 1000.0000000000 19.3158546760
Charlotte 0.0000000000 104.1893156019 1000.0000000000 10.4669683716
Cornelis 0.0000000000 114.6562839734 1000.0000000000 9.6832098703
Daan 0.0000000000 124.3394938437 1000.0000000000 24.9285768463
Daniël 0.0000000000 149.2680706900 1000.0000000000 14.5880211362
David 0.0000000000 163.8560918262 1000.0000000000 11.3771395343
Dylan 0.0000000000 175.2332313605 1000.0000000000 14.0065228933
Eline 0.0000000000 189.2397542538 1000.0000000000 11.6552473896
Emma 0.0000000000 200.8950016434 1000.0000000000 19.0883118853
Eva 0.0000000000 219.9833135287 1000.0000000000 18.0770105934
Femke 0.0000000000 238.0603241221 1000.0000000000 17.5713599474
Fleur 0.0000000000 255.6316840695 1000.0000000000 25.8640305413
Floris 0.0000000000 281.4957146108 1000.0000000000 7.7364548833
Gijs 0.0000000000 289.2321694941 1000.0000000000 10.9979015498
Ilse 0.0000000000 300.2300710439 1000.0000000000 15.4476272343
Iris 0.0000000000 315.6776982783 1000.0000000000 22.6278664071
Jan 0.0000000000 338.3055646854 1000.0000000000 16.6864713170
Jasper 0.0000000000 354.9920360023 1000.0000000000 13.3744595859
Jelle 0.0000000000 368.3664955882 1000.0000000000 14.6385862008
Jesse 0.0000000000 383.0050817890 1000.0000000000 18.2792708518
Johanna 0.0000000000 401.2843526408 1000.0000000000 11.7816600511
Johannes 0.0000000000 413.0660126918 1000.0000000000 16.3325158648
Joris 0.0000000000 429.3985285566 1000.0000000000 6.9779789144
Julia 0.0000000000 436.3765074710 1000.0000000000 19.3917022729
Koen 0.0000000000 455.7682097439 1000.0000000000 13.4503071828
Lars 0.0000000000 469.2185169267 1000.0000000000 22.1474982934
Lieke 0.0000000000 491.3660152201 1000.0000000000 8.8236037722
Lisa 0.0000000000 500.1896189922 1000.0000000000 25.9904432028
Lotte 0.0000000000 526.1800621950 1000.0000000000 19.0883118853
Lucas 0.0000000000 545.2683740803 1000.0000000000 12.3631582939
Luuk 0.0000000000 557.6315323743 1000.0000000000 15.4981922989
Maria 0.0000000000 573.1297246732 1000.0000000000 13.1469167952
Maud 0.0000000000 586.2766414684 1000.0000000000 9.8601875964
Max 0.0000000000 596.1368290648 1000.0000000000 29.2518898693
Merel 0.0000000000 625.3887189341 1000.0000000000 13.9812403610
Mohamed 0.0000000000 639.3699592951 1000.0000000000 8.8741688368
Naomi 0.0000000000 648.2441281319 1000.0000000000 16.0038429449
Nick 0.0000000000 664.2479710768 1000.0000000000 20.4535686294
Niels 0.0000000000 684.7015397062 1000.0000000000 22.2233458903
Nikki 0.0000000000 706.9248855965 1000.0000000000 7.7364548833
Nina 0.0000000000 714.6613404799 1000.0000000000 13.9053927641
Pieter 0.0000000000 728.5667332440 1000.0000000000 11.3265744697
Robin 0.0000000000 739.8933077137 1000.0000000000 25.3583798953
Roos 0.0000000000 765.2516876090 1000.0000000000 8.1409754001
Ruben 0.0000000000 773.3926630091 1000.0000000000 16.4842110586
Sanne 0.0000000000 789.8768740677 1000.0000000000 27.6338078022
Sarah 0.0000000000 817.5106818699 1000.0000000000 9.0764290951
Sophie 0.0000000000 826.5871109650 1000.0000000000 13.6272849089
Stijn 0.0000000000 840.2143958739 1000.0000000000 16.5094935909
Sven 0.0000000000 856.7238894648 1000.0000000000 13.2733294567
Tessa 0.0000000000 869.9972189214 1000.0000000000 14.2340656840
Thijs 0.0000000000 884.2312846055 1000.0000000000 16.0038429449
Thomas 0.0000000000 900.2351275504 1000.0000000000 30.2126260966
Tim 0.0000000000 930.4477536470 1000.0000000000 28.0636108513
Tom 0.0000000000 958.5113644983 1000.0000000000 20.4282860971
Vera 0.0000000000 978.9396505954 1000.0000000000 9.0258640305
Willem 0.0000000000 987.9655146259 1000.0000000000 12.0344853741

Amber 0.0000000000 0.0000000000 1000.0000000000 20.4687419338
Anne 0.0000000000 20.4687419338 1000.0000000000 25.1922977647
Anouk 0.0000000000 45.6610396985 1000.0000000000 24.6502503743
Bas 0.0000000000 70.3112900728 1000.0000000000 15.9516803469
Bram 0.0000000000 86.2629704197 1000.0000000000 18.7651644210
Charlotte 0.0000000000 105.0281348407 1000.0000000000 10.9700067111
Cornelis 0.0000000000 115.9981415518 1000.0000000000 10.6344535646
Daan 0.0000000000 126.6325951164 1000.0000000000 23.6435909349
Daniël 0.0000000000 150.2761860513 1000.0000000000 15.0482680295
David 0.0000000000 165.3244540808 1000.0000000000 11.1506891745
Dylan 0.0000000000 176.4751432554 1000.0000000000 13.5511847607
Eline 0.0000000000 190.0263280161 1000.0000000000 10.8151360281
Emma 0.0000000000 200.8414640442 1000.0000000000 20.1331887874
Eva 0.0000000000 220.9746528316 1000.0000000000 16.9325280058
Femke 0.0000000000 237.9071808373 1000.0000000000 16.5453512983
Fleur 0.0000000000 254.4525321357 1000.0000000000 17.3197047132
Floris 0.0000000000 271.7722368489 1000.0000000000 8.0016519540
Gijs 0.0000000000 279.7738888028 1000.0000000000 11.4862423210
Ilse 0.0000000000 291.2601311238 1000.0000000000 15.0482680295
Iris 0.0000000000 306.3083991534 1000.0000000000 22.4820608126
Jan 0.0000000000 328.7904599659 1000.0000000000 18.6361055186
Jasper 0.0000000000 347.4265654845 1000.0000000000 14.6610913221
Jelle 0.0000000000 362.0876568066 1000.0000000000 15.8742450054
Jesse 0.0000000000 377.9619018120 1000.0000000000 20.4429301533
Johanna 0.0000000000 398.4048319653 1000.0000000000 11.3055598575
Johannes 0.0000000000 409.7103918228 1000.0000000000 17.1132104693
Joris 0.0000000000 426.8236022921 1000.0000000000 7.0982396366
Julia 0.0000000000 433.9218419287 1000.0000000000 23.5919673739
Koen 0.0000000000 457.5138093026 1000.0000000000 14.6352795416
Lars 0.0000000000 472.1490888441 1000.0000000000 22.7659903980
Lieke 0.0000000000 494.9150792422 1000.0000000000 8.4146404419
Lisa 0.0000000000 503.3297196841 1000.0000000000 26.7410045945
Lotte 0.0000000000 530.0707242786 1000.0000000000 18.2231170306
Lucas 0.0000000000 548.2938413092 1000.0000000000 10.7635124671
Luuk 0.0000000000 559.0573537763 1000.0000000000 15.2805740540
Maria 0.0000000000 574.3379278303 1000.0000000000 13.7834907852
Maud 0.0000000000 588.1214186155 1000.0000000000 9.2922409788
Max 0.0000000000 597.4136595942 1000.0000000000 27.7476640339
Merel 0.0000000000 625.1613236281 1000.0000000000 13.2672551753
Mohamed 0.0000000000 638.4285788034 1000.0000000000 7.5886634660
Naomi 0.0000000000 646.0172422694 1000.0000000000 16.2872334934
Nick 0.0000000000 662.3044757627 1000.0000000000 24.4179443498
Niels 0.0000000000 686.7224201125 1000.0000000000 21.5528367147
Nikki 0.0000000000 708.2752568272 1000.0000000000 7.8467812710
Nina 0.0000000000 716.1220380982 1000.0000000000 14.9966444685
Pieter 0.0000000000 731.1186825667 1000.0000000000 10.3247121986
Robin 0.0000000000 741.4433947654 1000.0000000000 27.4121108874
Roos 0.0000000000 768.8555056528 1000.0000000000 7.4337927830
Ruben 0.0000000000 776.2892984358 1000.0000000000 17.7326932012
Sanne 0.0000000000 794.0219916370 1000.0000000000 28.8575705952
Sarah 0.0000000000 822.8795622322 1000.0000000000 6.8401218316
Sophie 0.0000000000 829.7196840638 1000.0000000000 14.3771617366
Stijn 0.0000000000 844.0968458004 1000.0000000000 13.8351143462
Sven 0.0000000000 857.9319601466 1000.0000000000 13.3188787363
Tessa 0.0000000000 871.2508388829 1000.0000000000 12.1315368334
Thijs 0.0000000000 883.3823757163 1000.0000000000 15.4612565175
Thomas 0.0000000000 898.8436322338 1000.0000000000 29.3738062052
Tim 0.0000000000 928.2174384389 1000.0000000000 30.0449124981
Tom 0.0000000000 958.2623509370 1000.0000000000 20.7010479583
Vera 0.0000000000 978.9633988953 1000.0000000000 8.7501935884
Willem 0.0000000000 987.7135924836 1000.0000000000 12.2864075164

Amber 0.0000000000 0.0000000000 1000.0000000000 19.3934835746
Anne 0.0000000000 19.3934835746 1000.0000000000 24.5776142255
Anouk 0.0000000000 43.9710978001 1000.0000000000 25.7863493513
Bas 0.0000000000 69.7574471514 1000.0000000000 16.7342662978
Bram 0.0000000000 86.4917134492 1000.0000000000 19.9038384055
Charlotte 0.0000000000 106.3955518547 1000.0000000000 10.9054769132
Cornelis 0.0000000000 117.3010287679 1000.0000000000 11.3889709635
Daan 0.0000000000 128.6899997314 1000.0000000000 24.5238926643
Daniël 0.0000000000 153.2138923957 1000.0000000000 15.6598350748
David 0.0000000000 168.8737274705 1000.0000000000 10.8786161326
Dylan 0.0000000000 179.7523436031 1000.0000000000 13.2155040425
Eline 0.0000000000 192.9678476457 1000.0000000000 13.3229471648
Emma 0.0000000000 206.2907948105 1000.0000000000 17.8355583013
Eva 0.0000000000 224.1263531118 1000.0000000000 18.1310268876
Femke 0.0000000000 242.2573799995 1000.0000000000 15.6866958554
Fleur 0.0000000000 257.9440758548 1000.0000000000 9.9922103736
Floris 0.0000000000 267.9362862285 1000.0000000000 8.2462596363
Gijs 0.0000000000 276.1825458648 1000.0000000000 10.7711730103
Ilse 0.0000000000 286.9537188751 1000.0000000000 9.1863869564
Iris 0.0000000000 296.1401058315 1000.0000000000 23.5031830025
Jan 0.0000000000 319.6432888340 1000.0000000000 17.7818367402
Jasper 0.0000000000 337.4251255741 1000.0000000000 15.6598350748
Jelle 0.0000000000 353.0849606490 1000.0000000000 16.1433291251
Jesse 0.0000000000 369.2282897741 1000.0000000000 18.3727739128
Johanna 0.0000000000 387.6010636869 1000.0000000000 13.3766687260
Johannes 0.0000000000 400.9777324129 1000.0000000000 18.0235837653
Joris 0.0000000000 419.0013161782 1000.0000000000 8.5954497838
Julia 0.0000000000 427.5967659620 1000.0000000000 20.0112815278
Koen 0.0000000000 447.6080474899 1000.0000000000 16.5193800532
Lars 0.0000000000 464.1274275430 1000.0000000000 21.9989792903
Lieke 0.0000000000 486.1264068334 1000.0000000000 6.9569421687
Lisa 0.0000000000 493.0833490021 1000.0000000000 26.1355394988
Lotte 0.0000000000 519.2188885009 1000.0000000000 19.3397620135
Lucas 0.0000000000 538.5586505144 1000.0000000000 9.4012732010
Luuk 0.0000000000 547.9599237154 1000.0000000000 13.1886432620
Maria 0.0000000000 561.1485669774 1000.0000000000 14.6122646324
Maud 0.0000000000 575.7608316098 1000.0000000000 8.4342851003
Max 0.0000000000 584.1951167101 1000.0000000000 22.8853850493
Merel 0.0000000000 607.0805017594 1000.0000000000 13.2692256037
Mohamed 0.0000000000 620.3497273631 1000.0000000000 7.6821832442
Naomi 0.0000000000 628.0319106073 1000.0000000000 16.0627467834
Nick 0.0000000000 644.0946573907 1000.0000000000 23.5031830025
Niels 0.0000000000 667.5978403932 1000.0000000000 23.3151575385
Nikki 0.0000000000 690.9129979317 1000.0000000000 8.0582341723
Nina 0.0000000000 698.9712321040 1000.0000000000 14.7734293159
Pieter 0.0000000000 713.7446614199 1000.0000000000 11.4964140858
Robin 0.0000000000 725.2410755057 1000.0000000000 29.0096430202
Roos 0.0000000000 754.2507185259 1000.0000000000 6.6346128018
Ruben 0.0000000000 760.8853313277 1000.0000000000 18.9905718660
Sanne 0.0000000000 779.8759031937 1000.0000000000 31.7225818582
Sarah 0.0000000000 811.5984850520 1000.0000000000 7.6821832442
Sophie 0.0000000000 819.2806682962 1000.0000000000 14.4779607295
Stijn 0.0000000000 833.7586290258 1000.0000000000 14.5854038518
Sven 0.0000000000 848.3440328776 1000.0000000000 13.1617824814
Tessa 0.0000000000 861.5058153590 1000.0000000000 14.3167960461
Thijs 0.0000000000 875.8226114051 1000.0000000000 14.5854038518
Thomas 0.0000000000 890.4080152569 1000.0000000000 34.1131913293
Tim 0.0000000000 924.5212065863 1000.0000000000 30.1109350238
Tom 0.0000000000 954.6321416100 1000.0000000000 22.4824733407
Vera 0.0000000000 977.1146149507 1000.0000000000 9.7236025679
Willem 0.0000000000 986.8382175186 1000.0000000000 13.1617824814

Amber 0.0000000000 0.0000000000 1000.0000000000 19.7061669746
Anne 0.0000000000 19.7061669746 1000.0000000000 27.1839535497
Anouk 0.0000000000 46.8901205243 1000.0000000000 17.9760124337
Bas 0.0000000000 64.8661329580 1000.0000000000 18.9437259904
Bram 0.0000000000 83.8098589484 1000.0000000000 18.1226356998
Charlotte 0.0000000000 101.9324946483 1000.0000000000 12.8735227706
Cornelis 0.0000000000 114.8060174188 1000.0000000000 12.4043283188
Daan 0.0000000000 127.2103457377 1000.0000000000 19.2076478696
Daniël 0.0000000000 146.4179936072 1000.0000000000 18.5331808451
David 0.0000000000 164.9511744524 1000.0000000000 13.5773144483
Dylan 0.0000000000 178.5284889006 1000.0000000000 12.9908213835
Eline 0.0000000000 191.5193102842 1000.0000000000 14.6036773115
Emma 0.0000000000 206.1229875957 1000.0000000000 13.7239377144
Eva 0.0000000000 219.8469253101 1000.0000000000 16.3338318524
Femke 0.0000000000 236.1807571625 1000.0000000000 15.2781443359
Fleur 0.0000000000 251.4589014985 1000.0000000000 10.1463300196
Floris 0.0000000000 261.6052315181 1000.0000000000 8.5334740917
Gijs 0.0000000000 270.1387056098 1000.0000000000 10.3222779391
Ilse 0.0000000000 280.4609835489 1000.0000000000 9.0613178499
Iris 0.0000000000 289.5223013988 1000.0000000000 25.0432538635
Jan 0.0000000000 314.5655552623 1000.0000000000 21.8175420076
Jasper 0.0000000000 336.3830972699 1000.0000000000 15.6593648280
Jelle 0.0000000000 352.0424620979 1000.0000000000 17.8293891675
Jesse 0.0000000000 369.8718512654 1000.0000000000 20.1167121199
Johanna 0.0000000000 389.9885633852 1000.0000000000 14.1051582065
Johannes 0.0000000000 404.0937215917 1000.0000000000 20.2340107328
Joris 0.0000000000 424.3277323246 1000.0000000000 8.4748247852
Julia 0.0000000000 432.8025571098 1000.0000000000 16.5977537316
Koen 0.0000000000 449.4003108413 1000.0000000000 17.0376235301
Lars 0.0000000000 466.4379343714 1000.0000000000 22.1987624996
Lieke 0.0000000000 488.6366968711 1000.0000000000 8.1815782528
Lisa 0.0000000000 496.8182751239 1000.0000000000 28.2103164130
Lotte 0.0000000000 525.0285915369 1000.0000000000 18.2985836192
Lucas 0.0000000000 543.3271751562 1000.0000000000 9.0906425032
Luuk 0.0000000000 552.4178176593 1000.0000000000 13.8119116741
Maria 0.0000000000 566.2297293335 1000.0000000000 15.7473387877
Maud 0.0000000000 581.9770681212 1000.0000000000 7.2431893493
Max 0.0000000000 589.2202574705 1000.0000000000 22.0521392335
Merel 0.0000000000 611.2723967039 1000.0000000000 12.2283803994
Mohamed 0.0000000000 623.5007771033 1000.0000000000 8.5334740917
Naomi 0.0000000000 632.0342511950 1000.0000000000 17.1549221430
Nick 0.0000000000 649.1891733380 1000.0000000000 23.0491774435
Niels 0.0000000000 672.2383507815 1000.0000000000 22.4626843788
Nikki 0.0000000000 694.7010351603 1000.0000000000 6.9499428169
Nina 0.0000000000 701.6509779772 1000.0000000000 10.5275505117
Pieter 0.0000000000 712.1785284889 1000.0000000000 12.5802762382
Robin 0.0000000000 724.7588047271 1000.0000000000 32.2864432128
Roos 0.0000000000 757.0452479399 1000.0000000000 6.0702032198
Ruben 0.0000000000 763.1154511598 1000.0000000000 18.6504794581
Sanne 0.0000000000 781.7659306179 1000.0000000000 29.3246532360
Sarah 0.0000000000 811.0905838538 1000.0000000000 9.6478109146
Sophie 0.0000000000 820.7383947685 1000.0000000000 12.2577050526
Stijn 0.0000000000 832.9960998211 1000.0000000000 13.1374446497
Sven 0.0000000000 846.1335444708 1000.0000000000 12.6975748512
Tessa 0.0000000000 858.8311193220 1000.0000000000 15.2488196827
Thijs 0.0000000000 874.0799390047 1000.0000000000 13.6652884080
Thomas 0.0000000000 887.7452274127 1000.0000000000 33.2834814228
Tim 0.0000000000 921.0287088355 1000.0000000000 31.1134570834
Tom 0.0000000000 952.1421659189 1000.0000000000 22.4333597255
Vera 0.0000000000 974.5755256444 1000.0000000000 10.9380956570
Willem 0.0000000000 985.5136213014 1000.0000000000 14.4863786986

Amber 0.0000000000 0.0000000000 1000.0000000000 18.0235036230
Anne 0.0000000000 18.0235036230 1000.0000000000 29.0141874201
Anouk 0.0000000000 47.0376910430 1000.0000000000 18.3279546977
Bas 0.0000000000 65.3656457407 1000.0000000000 19.2108628143
Bram 0.0000000000 84.5765085551 1000.0000000000 16.8056993241
Charlotte 0.0000000000 101.3822078792 1000.0000000000 14.2483102965
Cornelis 0.0000000000 115.6305181757 1000.0000000000 13.6394081471
Daan 0.0000000000 129.2699263228 1000.0000000000 20.2459964684
Daniël 0.0000000000 149.5159227912 1000.0000000000 16.9274797540
David 0.0000000000 166.4434025452 1000.0000000000 14.0351945442
Dylan 0.0000000000 180.4785970894 1000.0000000000 11.1429093345
Eline 0.0000000000 191.6215064239 1000.0000000000 14.1874200816
Emma 0.0000000000 205.8089265055 1000.0000000000 13.1522864276
Eva 0.0000000000 218.9612129331 1000.0000000000 17.2623759362
Femke 0.0000000000 236.2235888693 1000.0000000000 13.4567375023
Fleur 0.0000000000 249.6803263716 1000.0000000000 8.5550751994
Floris 0.0000000000 258.2354015710 1000.0000000000 8.7377458442
Gijs 0.0000000000 266.9731474152 1000.0000000000 9.0421969190
Ilse 0.0000000000 276.0153443342 1000.0000000000 8.8595262741
Iris 0.0000000000 284.8748706083 1000.0000000000 24.8127625891
Jan 0.0000000000 309.6876331973 1000.0000000000 20.7940084028
Jasper 0.0000000000 330.4816416002 1000.0000000000 16.3185776046
Jelle 0.0000000000 346.8002192048 1000.0000000000 15.6792303477
Jesse 0.0000000000 362.4794495525 1000.0000000000 18.2061742678
Johanna 0.0000000000 380.6856238203 1000.0000000000 16.0445716373
Johannes 0.0000000000 396.7301954576 1000.0000000000 24.6300919442
Joris 0.0000000000 421.3602874018 1000.0000000000 9.8946599281
Julia 0.0000000000 431.2549473300 1000.0000000000 12.2998234184
Koen 0.0000000000 443.5547707483 1000.0000000000 17.0188150764
Lars 0.0000000000 460.5735858248 1000.0000000000 22.7729403885
Lieke 0.0000000000 483.3465262132 1000.0000000000 8.1592888023
Lisa 0.0000000000 491.5058150155 1000.0000000000 30.0797661816
Lotte 0.0000000000 521.5855811971 1000.0000000000 18.1452840529
Lucas 0.0000000000 539.7308652500 1000.0000000000 9.4075382086
Luuk 0.0000000000 549.1384034586 1000.0000000000 11.9344821287
Maria 0.0000000000 561.0728855873 1000.0000000000 20.2764415758
Maud 0.0000000000 581.3493271631 1000.0000000000 7.5503866529
Max 0.0000000000 588.8997138160 1000.0000000000 20.5504475431
Merel 0.0000000000 609.4501613591 1000.0000000000 10.8993484747
Mohamed 0.0000000000 620.3495098338 1000.0000000000 8.9508615965
Naomi 0.0000000000 629.3003714303 1000.0000000000 18.1148389454
Nick 0.0000000000 647.4152103757 1000.0000000000 21.8291420569
Niels 0.0000000000 669.2443524326 1000.0000000000 22.2249284540
Nikki 0.0000000000 691.4692808866 1000.0000000000 5.8759057419
Nina 0.0000000000 697.3451866285 1000.0000000000 10.8384582598
Pieter 0.0000000000 708.1836448883 1000.0000000000 13.1522864276
Robin 0.0000000000 721.3359313158 1000.0000000000 32.7893807465
Roos 0.0000000000 754.1253120624 1000.0000000000 6.9110393960
Ruben 0.0000000000 761.0363514583 1000.0000000000 17.5972721184
Sanne 0.0000000000 778.6336235767 1000.0000000000 29.1968580649
Sarah 0.0000000000 807.8304816416 1000.0000000000 9.1335322414
Sophie 0.0000000000 816.9640138830 1000.0000000000 10.9297935822
Stijn 0.0000000000 827.8938074651 1000.0000000000 11.9953723437
Sven 0.0000000000 839.8891798088 1000.0000000000 10.7775680448
Tessa 0.0000000000 850.6667478536 1000.0000000000 16.8056993241
Thijs 0.0000000000 867.4724471777 1000.0000000000 14.8876575534
Thomas 0.0000000000 882.3601047312 1000.0000000000 34.2811910126
Tim 0.0000000000 916.6412957438 1000.0000000000 34.3420812275
Tom 0.0000000000 950.9833769713 1000.0000000000 22.0118127017
Vera 0.0000000000 972.9951896730 1000.0000000000 10.7471229373
Willem 0.0000000000 983.7423126104 1000.0000000000 16.2576873896

Amber 0.0000000000 0.0000000000 1000.0000000000 16.6086340246
Anne 0.0000000000 16.6086340246 1000.0000000000 28.3795026654
Anouk 0.0000000000 44.9881366900 1000.0000000000 18.3342063908
Bas 0.0000000000 63.3223430808 1000.0000000000 18.2725788063
Bram 0.0000000000 81.5949218870 1000.0000000000 16.3004961021
Charlotte 0.0000000000 97.8954179891 1000.0000000000 15.1295719964
Cornelis 0.0000000000 113.0249899855 1000.0000000000 15.2528271654
Daan 0.0000000000 128.2778171510 1000.0000000000 15.6842202570
Daniël 0.0000000000 143.9620374079 1000.0000000000 18.2109512218
David 0.0000000000 162.1729886297 1000.0000000000 13.7121375528
Dylan 0.0000000000 175.8851261825 1000.0000000000 12.5412134471
Eline 0.0000000000 188.4263396296 1000.0000000000 15.5609650880
Emma 0.0000000000 203.9873047176 1000.0000000000 11.7708686408
Eva 0.0000000000 215.7581733584 1000.0000000000 17.1940960774
Femke 0.0000000000 232.9522694358 1000.0000000000 10.8772686655
Fleur 0.0000000000 243.8295381013 1000.0000000000 9.2441376760
Floris 0.0000000000 253.0736757773 1000.0000000000 7.1179860105
Gijs 0.0000000000 260.1916617878 1000.0000000000 7.8575170246
Ilse 0.0000000000 268.0491788124 1000.0000000000 8.6586756232
Iris 0.0000000000 276.7078544356 1000.0000000000 27.3010199365
Jan 0.0000000000 304.0088743722 1000.0000000000 23.1103441901
Jasper 0.0000000000 327.1192185622 1000.0000000000 17.8411857147
Jelle 0.0000000000 344.9604042770 1000.0000000000 16.5161926478
Jesse 0.0000000000 361.4765969248 1000.0000000000 18.2417650140
Johanna 0.0000000000 379.7183619388 1000.0000000000 16.6394478168
Johannes 0.0000000000 396.3578097556 1000.0000000000 24.5894062182
Joris 0.0000000000 420.9472159739 1000.0000000000 10.1377376514
Julia 0.0000000000 431.0849536252 1000.0000000000 11.1545927957
Koen 0.0000000000 442.2395464210 1000.0000000000 16.7010754013
Lars 0.0000000000 458.9406218223 1000.0000000000 19.2586201584
Lieke 0.0000000000 478.1992419807 1000.0000000000 7.7034480634
Lisa 0.0000000000 485.9026900441 1000.0000000000 30.4440267464
Lotte 0.0000000000 516.3467167904 1000.0000000000 17.7487443380
Lucas 0.0000000000 534.0954611284 1000.0000000000 6.9947308415
Luuk 0.0000000000 541.0901919699 1000.0000000000 11.4319169260
Maria 0.0000000000 552.5221088959 1000.0000000000 21.3539580316
Maud 0.0000000000 573.8760669276 1000.0000000000 7.5185653098
Max 0.0000000000 581.3946322374 1000.0000000000 19.8440822112
Merel 0.0000000000 601.2387144486 1000.0000000000 9.9220411056
Mohamed 0.0000000000 611.1607555542 1000.0000000000 7.3336825563
Naomi 0.0000000000 618.4944381105 1000.0000000000 18.1801374295
Nick 0.0000000000 636.6745755400 1000.0000000000 23.6649924506
Niels 0.0000000000 660.3395679906 1000.0000000000 23.6649924506
Nikki 0.0000000000 684.0045604413 1000.0000000000 6.9947308415
Nina 0.0000000000 690.9992912828 1000.0000000000 11.2470341725
Pieter 0.0000000000 702.2463254553 1000.0000000000 13.7737651373
Robin 0.0000000000 716.0200905925 1000.0000000000 34.5422611161
Roos 0.0000000000 750.5623517086 1000.0000000000 7.2720549718
Ruben 0.0000000000 757.8344066804 1000.0000000000 20.6452408098
Sanne 0.0000000000 778.4796474902 1000.0000000000 28.2254337041
Sarah 0.0000000000 806.7050811943 1000.0000000000 8.0732135704
Sophie 0.0000000000 814.7782947647 1000.0000000000 10.4766893662
Stijn 0.0000000000 825.2549841309 1000.0000000000 10.8464548732
Sven 0.0000000000 836.1014390041 1000.0000000000 11.8324962253
Tessa 0.0000000000 847.9339352294 1000.0000000000 19.0737374049
Thijs 0.0000000000 867.0076726343 1000.0000000000 13.2807444612
Thomas 0.0000000000 880.2884170955 1000.0000000000 36.2062058978
Tim 0.0000000000 916.4946229933 1000.0000000000 30.1050750316
Tom 0.0000000000 946.5996980248 1000.0000000000 24.4045234647
Vera 0.0000000000 971.0042214895 1000.0000000000 11.2778479647
Willem 0.0000000000 982.2820694543 1000.0000000000 17.7179305457

Amber 0.0000000000 0.0000000000 1000.0000000000 15.4400571624
Anne 0.0000000000 15.4400571624 1000.0000000000 27.9909285781
Anouk 0.0000000000 43.4309857405 1000.0000000000 20.3485662804
Bas 0.0000000000 63.7795520209 1000.0000000000 17.9564447482
Bram 0.0000000000 81.7359967691 1000.0000000000 15.7507222964
Charlotte 0.0000000000 97.4867190655 1000.0000000000 15.6885892696
Cornelis 0.0000000000 113.1753083351 1000.0000000000 15.8439218367
Daan 0.0000000000 129.0192301718 1000.0000000000 16.7759172388
Daniël 0.0000000000 145.7951474106 1000.0000000000 17.8321786946
David 0.0000000000 163.6273261052 1000.0000000000 11.7431420672
Dylan 0.0000000000 175.3704681724 1000.0000000000 13.0790021436
Eline 0.0000000000 188.4494703159 1000.0000000000 16.6205846718
Emma 0.0000000000 205.0700549877 1000.0000000000 10.9043462052
Eva 0.0000000000 215.9744011930 1000.0000000000 16.7137842120
Femke 0.0000000000 232.6881854050 1000.0000000000 10.1898163969
Fleur 0.0000000000 242.8780018019 1000.0000000000 9.0714219143
Floris 0.0000000000 251.9494237162 1000.0000000000 8.0772934854
Gijs 0.0000000000 260.0267172015 1000.0000000000 7.5491627575
Ilse 0.0000000000 267.5758799590 1000.0000000000 10.0034173165
Iris 0.0000000000 277.5792972755 1000.0000000000 31.9985088074
Jan 0.0000000000 309.5778060828 1000.0000000000 22.8649538662
Jasper 0.0000000000 332.4427599491 1000.0000000000 16.0613874305
Jelle 0.0000000000 348.5041473795 1000.0000000000 14.6323278138
Jesse 0.0000000000 363.1364751934 1000.0000000000 17.5525800739
Johanna 0.0000000000 380.6890552673 1000.0000000000 20.5349653608
Johannes 0.0000000000 401.2240206282 1000.0000000000 28.7675914132
Joris 0.0000000000 429.9916120414 1000.0000000000 11.4946099599
Julia 0.0000000000 441.4862220013 1000.0000000000 7.7976948647
Koen 0.0000000000 449.2839168660 1000.0000000000 18.8263071236
Lars 0.0000000000 468.1102239896 1000.0000000000 18.1117773152
Lieke 0.0000000000 486.2220013048 1000.0000000000 7.7044953245
Lisa 0.0000000000 493.9264966293 1000.0000000000 32.1849078878
Lotte 0.0000000000 526.1114045171 1000.0000000000 15.1915250551
Lucas 0.0000000000 541.3029295722 1000.0000000000 7.8598278915
Luuk 0.0000000000 549.1627574637 1000.0000000000 11.1218117991
Maria 0.0000000000 560.2845692628 1000.0000000000 24.0144148622
Maud 0.0000000000 584.2989841250 1000.0000000000 6.2443691944
Max 0.0000000000 590.5433533195 1000.0000000000 16.8069837522
Merel 0.0000000000 607.3503370717 1000.0000000000 10.8422131784
Mohamed 0.0000000000 618.1925502501 1000.0000000000 7.5802292709
Naomi 0.0000000000 625.7727795210 1000.0000000000 16.4031190779
Nick 0.0000000000 642.1758985989 1000.0000000000 24.9153437510
Niels 0.0000000000 667.0912423499 1000.0000000000 22.5853552456
Nikki 0.0000000000 689.6765975955 1000.0000000000 7.7666283513
Nina 0.0000000000 697.4432259468 1000.0000000000 8.5743576998
Pieter 0.0000000000 706.0175836466 1000.0000000000 13.5449998447
Robin 0.0000000000 719.5625834913 1000.0000000000 36.5342197645
Roos 0.0000000000 756.0968032558 1000.0000000000 8.1083599988
Ruben 0.0000000000 764.2051632545 1000.0000000000 19.6651029855
Sanne 0.0000000000 783.8702662400 1000.0000000000 26.2201373140
Sarah 0.0000000000 810.0904035540 1000.0000000000 8.1394265122
Sophie 0.0000000000 818.2298300662 1000.0000000000 9.9102177763
Stijn 0.0000000000 828.1400478424 1000.0000000000 9.5063531020
Sven 0.0000000000 837.6464009444 1000.0000000000 11.0907452857
Tessa 0.0000000000 848.7371462301 1000.0000000000 17.3661809935
Thijs 0.0000000000 866.1033272236 1000.0000000000 12.7062039827
Thomas 0.0000000000 878.8095312063 1000.0000000000 37.0002174656
Tim 0.0000000000 915.8097486719 1000.0000000000 32.5887725621
Tom 0.0000000000 948.3985212340 1000.0000000000 25.6609400727
Vera 0.0000000000 974.0594613067 1000.0000000000 10.0966168567
Willem 0.0000000000 984.1560781633 1000.0000000000 15.8439218367

