new standard 29
b/eslint-reporter-verbose.js 0.0000000000 0.0000000000 278.6885245902 169.4444444444
b/eslint-reporter.js 278.6885245902 0.0000000000 278.6885245902 169.4444444444
b/jscs-reporter-verbose.js 557.3770491803 0.0000000000 229.5081967213 169.4444444444
b/jscs-reporter.js 786.8852459016 0.0000000000 213.1147540984 169.4444444444
dex.js 0.0000000000 169.4444444444 1000.0000000000 475.0000000000
n/cmd.js 0.0000000000 644.4444444444 1000.0000000000 116.6666666667
ravis.yml 0.0000000000 761.1111111111 1000.0000000000 11.1111111111
st.js 0.0000000000 772.2222222222 1000.0000000000 227.7777777778

b/eslint-reporter-verbose.js 0.0000000000 0.0000000000 278.6885245902 130.0639658849
b/eslint-reporter.js 278.6885245902 0.0000000000 278.6885245902 130.0639658849
b/jscs-reporter-verbose.js 557.3770491803 0.0000000000 229.5081967213 130.0639658849
b/jscs-reporter.js 786.8852459016 0.0000000000 213.1147540984 130.0639658849
dex.js 0.0000000000 130.0639658849 1000.0000000000 492.5373134328
n/cmd.js 0.0000000000 622.6012793177 1000.0000000000 119.4029850746
ravis.yml 0.0000000000 742.0042643923 1000.0000000000 8.5287846482
st.js 0.0000000000 750.5330490405 1000.0000000000 249.4669509595

dex.js 0.0000000000 0.0000000000 1000.0000000000 348.7738419619
n/cmd.js 0.0000000000 348.7738419619 1000.0000000000 313.3514986376
ravis.yml 0.0000000000 662.1253405995 1000.0000000000 13.6239782016
st.js 0.0000000000 675.7493188011 1000.0000000000 324.2506811989

dex.js 0.0000000000 0.0000000000 1000.0000000000 379.2270531401
n/cmd.js 0.0000000000 379.2270531401 1000.0000000000 311.5942028986
ravis.yml 0.0000000000 690.8212560386 1000.0000000000 12.0772946860
st/api.js 0.0000000000 702.8985507246 162.6016260163 297.1014492754
st/clone.js 162.6016260163 702.8985507246 837.3983739837 297.1014492754

dex.js 0.0000000000 0.0000000000 1000.0000000000 395.2941176471
n/cmd.js 0.0000000000 395.2941176471 1000.0000000000 303.5294117647
ravis.yml 0.0000000000 698.8235294118 1000.0000000000 11.7647058824
st/api.js 0.0000000000 710.5882352941 162.6016260163 289.4117647059
st/clone.js 162.6016260163 710.5882352941 837.3983739837 289.4117647059

dex.js 0.0000000000 0.0000000000 1000.0000000000 354.2372881356
n/cmd.js 0.0000000000 354.2372881356 1000.0000000000 225.4237288136
ravis.yml 0.0000000000 579.6610169492 1000.0000000000 8.4745762712
st/api.js 0.0000000000 588.1355932203 82.3045267490 411.8644067797
st/clone.js 82.3045267490 588.1355932203 917.6954732510 411.8644067797

dex.js 0.0000000000 0.0000000000 1000.0000000000 273.5849056604
n/cmd.js 0.0000000000 273.5849056604 1000.0000000000 249.0566037736
ravis.yml 0.0000000000 522.6415094340 1000.0000000000 9.4339622642
st/api.js 0.0000000000 532.0754716981 80.6451612903 467.9245283019
st/clone.js 80.6451612903 532.0754716981 919.3548387097 467.9245283019

dex.js 0.0000000000 0.0000000000 1000.0000000000 21.6606498195
n/cmd.js 0.0000000000 21.6606498195 1000.0000000000 14.4404332130
ravis.yml 0.0000000000 36.1010830325 1000.0000000000 18.0505415162
st/api.js 0.0000000000 54.1516245487 80.9716599190 891.6967509025
st/clone.js 80.9716599190 54.1516245487 919.0283400810 891.6967509025
tions.js 0.0000000000 945.8483754513 1000.0000000000 54.1516245487

dex.js 0.0000000000 0.0000000000 1000.0000000000 45.1127819549
n/cmd.js 0.0000000000 45.1127819549 1000.0000000000 30.0751879699
ravis.yml 0.0000000000 75.1879699248 1000.0000000000 30.0751879699
st/api.js 0.0000000000 105.2631578947 192.3076923077 781.9548872180
st/clone.js 192.3076923077 105.2631578947 807.6923076923 781.9548872180
tions.js 0.0000000000 887.2180451128 1000.0000000000 112.7819548872

dex.js 0.0000000000 0.0000000000 1000.0000000000 41.6666666667
n/cmd.js 0.0000000000 41.6666666667 1000.0000000000 27.7777777778
ravis.yml 0.0000000000 69.4444444444 1000.0000000000 27.7777777778
st/api.js 0.0000000000 97.2222222222 173.9130434783 798.6111111111
st/clone.js 173.9130434783 97.2222222222 826.0869565217 798.6111111111
tions.js 0.0000000000 895.8333333333 1000.0000000000 104.1666666667

dex.js 0.0000000000 0.0000000000 1000.0000000000 41.3793103448
n/cmd.js 0.0000000000 41.3793103448 1000.0000000000 27.5862068966
ravis.yml 0.0000000000 68.9655172414 1000.0000000000 34.4827586207
st/api.js 0.0000000000 103.4482758621 173.9130434783 793.1034482759
st/clone.js 173.9130434783 103.4482758621 826.0869565217 793.1034482759
tions.js 0.0000000000 896.5517241379 1000.0000000000 103.4482758621

dex.js 0.0000000000 0.0000000000 1000.0000000000 41.3793103448
n/cmd.js 0.0000000000 41.3793103448 1000.0000000000 27.5862068966
ravis.yml 0.0000000000 68.9655172414 1000.0000000000 34.4827586207
st/api.js 0.0000000000 103.4482758621 173.9130434783 793.1034482759
st/clone.js 173.9130434783 103.4482758621 826.0869565217 793.1034482759
tions.js 0.0000000000 896.5517241379 1000.0000000000 103.4482758621

dex.js 0.0000000000 0.0000000000 1000.0000000000 41.3793103448
n/cmd.js 0.0000000000 41.3793103448 1000.0000000000 27.5862068966
ravis.yml 0.0000000000 68.9655172414 1000.0000000000 34.4827586207
st/api.js 0.0000000000 103.4482758621 173.9130434783 793.1034482759
st/clone.js 173.9130434783 103.4482758621 826.0869565217 793.1034482759
tions.js 0.0000000000 896.5517241379 1000.0000000000 103.4482758621

dex.js 0.0000000000 0.0000000000 1000.0000000000 28.7081339713
n/cmd.js 0.0000000000 28.7081339713 1000.0000000000 19.1387559809
ravis.yml 0.0000000000 47.8468899522 1000.0000000000 19.1387559809
st/api.js 0.0000000000 66.9856459330 118.3431952663 808.6124401914
st/clone.js 118.3431952663 66.9856459330 781.0650887574 808.6124401914
st/cmd.js 899.4082840237 66.9856459330 100.5917159763 808.6124401914
tions.js 0.0000000000 875.5980861244 1000.0000000000 124.4019138756

dex.js 0.0000000000 0.0000000000 1000.0000000000 26.0869565217
n/cmd.js 0.0000000000 26.0869565217 160.0000000000 108.6956521739
n/update-authors.sh 160.0000000000 26.0869565217 840.0000000000 108.6956521739
ravis.yml 0.0000000000 134.7826086957 1000.0000000000 17.3913043478
st/api.js 0.0000000000 152.1739130435 118.3431952663 734.7826086957
st/clone.js 118.3431952663 152.1739130435 781.0650887574 734.7826086957
st/cmd.js 899.4082840237 152.1739130435 100.5917159763 734.7826086957
tions.js 0.0000000000 886.9565217391 1000.0000000000 113.0434782609

dex.js 0.0000000000 0.0000000000 1000.0000000000 27.2727272727
n/cmd.js 0.0000000000 27.2727272727 160.0000000000 113.6363636364
n/update-authors.sh 160.0000000000 27.2727272727 840.0000000000 113.6363636364
ravis.yml 0.0000000000 140.9090909091 1000.0000000000 18.1818181818
st/api.js 0.0000000000 159.0909090909 118.3431952663 768.1818181818
st/clone.js 118.3431952663 159.0909090909 781.0650887574 768.1818181818
st/cmd.js 899.4082840237 159.0909090909 100.5917159763 768.1818181818
tions.js 0.0000000000 927.2727272727 1000.0000000000 72.7272727273

dex.js 0.0000000000 0.0000000000 1000.0000000000 25.5319148936
n/cmd.js 0.0000000000 25.5319148936 160.0000000000 106.3829787234
n/update-authors.sh 160.0000000000 25.5319148936 840.0000000000 106.3829787234
ravis.yml 0.0000000000 131.9148936170 1000.0000000000 25.5319148936
st/api.js 0.0000000000 157.4468085106 109.8901098901 774.4680851064
st/clone.js 109.8901098901 157.4468085106 796.7032967033 774.4680851064
st/cmd.js 906.5934065934 157.4468085106 93.4065934066 774.4680851064
tions.js 0.0000000000 931.9148936170 1000.0000000000 68.0851063830

dex.js 0.0000000000 0.0000000000 1000.0000000000 25.5319148936
n/cmd.js 0.0000000000 25.5319148936 160.0000000000 106.3829787234
n/update-authors.sh 160.0000000000 25.5319148936 840.0000000000 106.3829787234
ravis.yml 0.0000000000 131.9148936170 1000.0000000000 25.5319148936
st/api.js 0.0000000000 157.4468085106 109.8901098901 774.4680851064
st/clone.js 109.8901098901 157.4468085106 796.7032967033 774.4680851064
st/cmd.js 906.5934065934 157.4468085106 93.4065934066 774.4680851064
tions.js 0.0000000000 931.9148936170 1000.0000000000 68.0851063830

dex.js 0.0000000000 0.0000000000 1000.0000000000 25.7510729614
n/cmd.js 0.0000000000 25.7510729614 160.0000000000 107.2961373391
n/update-authors.sh 160.0000000000 25.7510729614 840.0000000000 107.2961373391
ravis.yml 0.0000000000 133.0472103004 1000.0000000000 17.1673819742
st/api.js 0.0000000000 150.2145922747 109.8901098901 781.1158798283
st/clone.js 109.8901098901 150.2145922747 796.7032967033 781.1158798283
st/cmd.js 906.5934065934 150.2145922747 93.4065934066 781.1158798283
tions.js 0.0000000000 931.3304721030 1000.0000000000 68.6695278970

dex.js 0.0000000000 0.0000000000 1000.0000000000 18.0180180180
n/cmd.js 0.0000000000 18.0180180180 300.0000000000 135.1351351351
n/update-authors.sh 300.0000000000 18.0180180180 700.0000000000 135.1351351351
ravis.yml 0.0000000000 153.1531531532 1000.0000000000 18.0180180180
st/api.js 0.0000000000 171.1711711712 118.3431952663 761.2612612613
st/clone.js 118.3431952663 171.1711711712 781.0650887574 761.2612612613
st/cmd.js 899.4082840237 171.1711711712 100.5917159763 761.2612612613
tions.js 0.0000000000 932.4324324324 1000.0000000000 67.5675675676

dex.js 0.0000000000 0.0000000000 1000.0000000000 18.0180180180
n/cmd.js 0.0000000000 18.0180180180 300.0000000000 135.1351351351
n/update-authors.sh 300.0000000000 18.0180180180 700.0000000000 135.1351351351
ravis.yml 0.0000000000 153.1531531532 1000.0000000000 18.0180180180
st/api.js 0.0000000000 171.1711711712 118.3431952663 761.2612612613
st/clone.js 118.3431952663 171.1711711712 781.0650887574 761.2612612613
st/cmd.js 899.4082840237 171.1711711712 100.5917159763 761.2612612613
tions.js 0.0000000000 932.4324324324 1000.0000000000 67.5675675676

dex.js 0.0000000000 0.0000000000 1000.0000000000 18.0180180180
n/cmd.js 0.0000000000 18.0180180180 300.0000000000 135.1351351351
n/update-authors.sh 300.0000000000 18.0180180180 700.0000000000 135.1351351351
ravis.yml 0.0000000000 153.1531531532 1000.0000000000 18.0180180180
st/api.js 0.0000000000 171.1711711712 118.3431952663 761.2612612613
st/clone.js 118.3431952663 171.1711711712 781.0650887574 761.2612612613
st/cmd.js 899.4082840237 171.1711711712 100.5917159763 761.2612612613
tions.js 0.0000000000 932.4324324324 1000.0000000000 67.5675675676

dex.js 0.0000000000 0.0000000000 1000.0000000000 18.0180180180
n/cmd.js 0.0000000000 18.0180180180 300.0000000000 135.1351351351
n/update-authors.sh 300.0000000000 18.0180180180 700.0000000000 135.1351351351
ravis.yml 0.0000000000 153.1531531532 1000.0000000000 18.0180180180
st/api.js 0.0000000000 171.1711711712 118.3431952663 761.2612612613
st/clone.js 118.3431952663 171.1711711712 781.0650887574 761.2612612613
st/cmd.js 899.4082840237 171.1711711712 100.5917159763 761.2612612613
tions.js 0.0000000000 932.4324324324 1000.0000000000 67.5675675676

dex.js 0.0000000000 0.0000000000 1000.0000000000 18.0180180180
n/cmd.js 0.0000000000 18.0180180180 300.0000000000 135.1351351351
n/update-authors.sh 300.0000000000 18.0180180180 700.0000000000 135.1351351351
ravis.yml 0.0000000000 153.1531531532 1000.0000000000 18.0180180180
st/api.js 0.0000000000 171.1711711712 118.3431952663 761.2612612613
st/clone.js 118.3431952663 171.1711711712 781.0650887574 761.2612612613
st/cmd.js 899.4082840237 171.1711711712 100.5917159763 761.2612612613
tions.js 0.0000000000 932.4324324324 1000.0000000000 67.5675675676

dex.js 0.0000000000 0.0000000000 1000.0000000000 18.1818181818
n/cmd.js 0.0000000000 18.1818181818 300.0000000000 136.3636363636
n/update-authors.sh 300.0000000000 18.1818181818 700.0000000000 136.3636363636
ravis.yml 0.0000000000 154.5454545455 1000.0000000000 18.1818181818
st/api.js 0.0000000000 172.7272727273 119.7604790419 759.0909090909
st/clone.js 119.7604790419 172.7272727273 778.4431137725 759.0909090909
st/cmd.js 898.2035928144 172.7272727273 101.7964071856 759.0909090909
tions.js 0.0000000000 931.8181818182 1000.0000000000 68.1818181818

dex.js 0.0000000000 0.0000000000 1000.0000000000 18.6046511628
n/cmd.js 0.0000000000 18.6046511628 275.8620689655 134.8837209302
n/update-authors.sh 275.8620689655 18.6046511628 724.1379310345 134.8837209302
ravis.yml 0.0000000000 153.4883720930 1000.0000000000 23.2558139535
st/api.js 0.0000000000 176.7441860465 123.4567901235 753.4883720930
st/clone.js 123.4567901235 176.7441860465 771.6049382716 753.4883720930
st/cmd.js 895.0617283951 176.7441860465 104.9382716049 753.4883720930
tions.js 0.0000000000 930.2325581395 1000.0000000000 69.7674418605

dex.js 0.0000000000 0.0000000000 1000.0000000000 18.6046511628
n/cmd.js 0.0000000000 18.6046511628 275.8620689655 134.8837209302
n/update-authors.sh 275.8620689655 18.6046511628 724.1379310345 134.8837209302
ravis.yml 0.0000000000 153.4883720930 1000.0000000000 23.2558139535
st/api.js 0.0000000000 176.7441860465 123.4567901235 753.4883720930
st/clone.js 123.4567901235 176.7441860465 771.6049382716 753.4883720930
st/cmd.js 895.0617283951 176.7441860465 104.9382716049 753.4883720930
tions.js 0.0000000000 930.2325581395 1000.0000000000 69.7674418605

dex.js 0.0000000000 0.0000000000 1000.0000000000 18.3486238532
n/cmd.js 0.0000000000 18.3486238532 250.0000000000 146.7889908257
n/update-authors.sh 250.0000000000 18.3486238532 750.0000000000 146.7889908257
ravis.yml 0.0000000000 165.1376146789 1000.0000000000 22.9357798165
st/api.js 0.0000000000 188.0733944954 123.4567901235 743.1192660550
st/clone.js 123.4567901235 188.0733944954 771.6049382716 743.1192660550
st/cmd.js 895.0617283951 188.0733944954 104.9382716049 743.1192660550
tions.js 0.0000000000 931.1926605505 1000.0000000000 68.8073394495

dex.js 0.0000000000 0.0000000000 1000.0000000000 18.3486238532
n/cmd.js 0.0000000000 18.3486238532 250.0000000000 146.7889908257
n/update-authors.sh 250.0000000000 18.3486238532 750.0000000000 146.7889908257
ravis.yml 0.0000000000 165.1376146789 1000.0000000000 22.9357798165
st/api.js 0.0000000000 188.0733944954 123.4567901235 743.1192660550
st/clone.js 123.4567901235 188.0733944954 771.6049382716 743.1192660550
st/cmd.js 895.0617283951 188.0733944954 104.9382716049 743.1192660550
tions.js 0.0000000000 931.1926605505 1000.0000000000 68.8073394495

