new shellcheck 53
ellcheck.hs 0.0000000000 916.1123429416 1000.0000000000 31.7812269032
ellCheck/Analytics.hs 88.7454618798 0.0000000000 333.1988705123 916.1123429416
ellCheck/AST.hs 0.0000000000 0.0000000000 88.7454618798 916.1123429416
ellCheck/Parser.hs 421.9443323921 0.0000000000 558.2896329165 916.1123429416
ellCheck/Simple.hs 980.2339653086 0.0000000000 19.7660346914 916.1123429416
kefile 0.0000000000 947.8935698448 1000.0000000000 8.1300813008
oncheck.hs 0.0000000000 956.0236511456 1000.0000000000 11.8255728012
st/quackCheck.hs 0.0000000000 967.8492239468 747.1264367816 32.1507760532
st/runQuack 747.1264367816 967.8492239468 252.8735632184 32.1507760532

ellcheck.hs 0.0000000000 922.3666210670 1000.0000000000 29.4117647059
ellCheck/Analytics.hs 87.5046347794 0.0000000000 345.9399332592 922.3666210670
ellCheck/AST.hs 0.0000000000 0.0000000000 87.5046347794 922.3666210670
ellCheck/Parser.hs 433.4445680386 0.0000000000 548.3870967742 922.3666210670
ellCheck/Simple.hs 981.8316648128 0.0000000000 18.1683351872 922.3666210670
kefile 0.0000000000 951.7783857729 1000.0000000000 7.5239398085
oncheck.hs 0.0000000000 959.3023255814 1000.0000000000 10.9439124487
st/quackCheck.hs 0.0000000000 970.2462380301 747.1264367816 29.7537619699
st/runQuack 747.1264367816 970.2462380301 252.8735632184 29.7537619699

ellcheck.hs 0.0000000000 923.7487403426 1000.0000000000 28.8881424253
ellCheck/Analytics.hs 85.8181818182 0.0000000000 352.3636363636 923.7487403426
ellCheck/AST.hs 0.0000000000 0.0000000000 85.8181818182 923.7487403426
ellCheck/Parser.hs 438.1818181818 0.0000000000 544.0000000000 923.7487403426
ellCheck/Simple.hs 982.1818181818 0.0000000000 17.8181818182 923.7487403426
kefile 0.0000000000 952.6368827679 1000.0000000000 7.3899899227
oncheck.hs 0.0000000000 960.0268726906 1000.0000000000 10.7490762513
st/quackCheck.hs 0.0000000000 970.7759489419 747.1264367816 29.2240510581
st/runQuack 747.1264367816 970.7759489419 252.8735632184 29.2240510581

ellcheck.hs 0.0000000000 925.1319261214 1000.0000000000 28.3641160950
ellCheck/Analytics.hs 84.1354723708 0.0000000000 361.4973262032 925.1319261214
ellCheck/AST.hs 0.0000000000 0.0000000000 84.1354723708 925.1319261214
ellCheck/Parser.hs 445.6327985740 0.0000000000 536.8983957219 925.1319261214
ellCheck/Simple.hs 982.5311942959 0.0000000000 17.4688057041 925.1319261214
kefile 0.0000000000 953.4960422164 1000.0000000000 7.2559366755
oncheck.hs 0.0000000000 960.7519788918 1000.0000000000 10.5540897098
st/quackCheck.hs 0.0000000000 971.3060686016 747.1264367816 28.6939313984
st/runQuack 747.1264367816 971.3060686016 252.8735632184 28.6939313984

ellcheck.hs 0.0000000000 926.1788617886 1000.0000000000 27.9674796748
ellCheck/Analytics.hs 82.8651685393 0.0000000000 367.6264044944 926.1788617886
ellCheck/AST.hs 0.0000000000 0.0000000000 82.8651685393 926.1788617886
ellCheck/Parser.hs 450.4915730337 0.0000000000 532.3033707865 926.1788617886
ellCheck/Simple.hs 982.7949438202 0.0000000000 17.2050561798 926.1788617886
kefile 0.0000000000 954.1463414634 1000.0000000000 7.1544715447
oncheck.hs 0.0000000000 961.3008130081 1000.0000000000 10.4065040650
st/quackCheck.hs 0.0000000000 971.7073170732 747.1264367816 28.2926829268
st/runQuack 747.1264367816 971.7073170732 252.8735632184 28.2926829268

ellcheck.hs 0.0000000000 931.2329597092 1000.0000000000 26.0527112996
ellCheck/Analytics.hs 76.7729342876 0.0000000000 397.5276512687 931.2329597092
ellCheck/AST.hs 0.0000000000 0.0000000000 76.7729342876 931.2329597092
ellCheck/Parser.hs 474.3005855563 0.0000000000 509.7592713077 931.2329597092
ellCheck/Simple.hs 984.0598568640 0.0000000000 15.9401431360 931.2329597092
kefile 0.0000000000 957.2856710088 1000.0000000000 6.6646470766
oncheck.hs 0.0000000000 963.9503180854 1000.0000000000 9.6940321115
st/quackCheck.hs 0.0000000000 973.6443501969 747.1264367816 26.3556498031
st/runQuack 747.1264367816 973.6443501969 252.8735632184 26.3556498031

ellcheck.hs 0.0000000000 933.8914549654 1000.0000000000 24.8267898383
ellCheck/Analytics.hs 73.2612055641 0.0000000000 417.9289026275 933.8914549654
ellCheck/AST.hs 0.0000000000 0.0000000000 73.2612055641 933.8914549654
ellCheck/Parser.hs 491.1901081917 0.0000000000 493.6630602782 933.8914549654
ellCheck/Simple.hs 984.8531684699 0.0000000000 15.1468315301 933.8914549654
kefile 0.0000000000 958.7182448037 1000.0000000000 6.9284064665
oncheck.hs 0.0000000000 965.6466512702 1000.0000000000 9.2378752887
st/quackCheck.hs 0.0000000000 974.8845265589 747.1264367816 25.1154734411
st/runQuack 747.1264367816 974.8845265589 252.8735632184 25.1154734411

ellcheck.hs 0.0000000000 942.0546558704 1000.0000000000 21.7611336032
ellCheck/Analytics.hs 87.8323932313 0.0000000000 434.3271555197 942.0546558704
ellCheck/AST.hs 0.0000000000 0.0000000000 87.8323932313 942.0546558704
ellCheck/Parser.hs 522.1595487510 0.0000000000 464.6790222938 942.0546558704
ellCheck/Simple.hs 986.8385710449 0.0000000000 13.1614289551 942.0546558704
kefile 0.0000000000 963.8157894737 1000.0000000000 6.0728744939
oncheck.hs 0.0000000000 969.8886639676 1000.0000000000 8.0971659919
st/quackCheck.hs 0.0000000000 977.9858299595 747.1264367816 22.0141700405
st/runQuack 747.1264367816 977.9858299595 252.8735632184 22.0141700405

ellcheck.hs 0.0000000000 944.2007797271 1000.0000000000 20.9551656920
ellCheck/Analytics.hs 85.4193548387 0.0000000000 449.5483870968 944.2007797271
ellCheck/AST.hs 0.0000000000 0.0000000000 85.4193548387 944.2007797271
ellCheck/Parser.hs 534.9677419355 0.0000000000 452.3870967742 944.2007797271
ellCheck/Simple.hs 987.3548387097 0.0000000000 12.6451612903 944.2007797271
kefile 0.0000000000 965.1559454191 1000.0000000000 5.8479532164
oncheck.hs 0.0000000000 971.0038986355 1000.0000000000 7.7972709552
st/quackCheck.hs 0.0000000000 978.8011695906 747.1264367816 21.1988304094
st/runQuack 747.1264367816 978.8011695906 252.8735632184 21.1988304094

ellcheck.hs 0.0000000000 945.3237410072 1000.0000000000 20.6235011990
ellCheck/Analytics.hs 83.9675291730 0.0000000000 434.2973110096 945.3237410072
ellCheck/AST.hs 0.0000000000 0.0000000000 83.9675291730 945.3237410072
ellCheck/Data.hs 518.2648401826 0.0000000000 16.9964485033 945.3237410072
ellCheck/Parser.hs 535.2612886859 0.0000000000 452.3084728564 945.3237410072
ellCheck/Simple.hs 987.5697615424 0.0000000000 12.4302384576 945.3237410072
kefile 0.0000000000 965.9472422062 1000.0000000000 5.5155875300
oncheck.hs 0.0000000000 971.4628297362 1000.0000000000 7.6738609113
st/quackCheck.hs 0.0000000000 979.1366906475 747.1264367816 20.8633093525
st/runQuack 747.1264367816 979.1366906475 252.8735632184 20.8633093525

ellcheck.hs 0.0000000000 946.1319411486 1000.0000000000 20.1708590413
ellCheck/Analytics.hs 85.2771507399 0.0000000000 435.1642839227 946.1319411486
ellCheck/AST.hs 0.0000000000 0.0000000000 85.2771507399 946.1319411486
ellCheck/Data.hs 520.4414346627 0.0000000000 16.8046149987 946.1319411486
ellCheck/Parser.hs 537.2460496614 0.0000000000 450.4640080261 946.1319411486
ellCheck/Simple.hs 987.7100576875 0.0000000000 12.2899423125 946.1319411486
kefile 0.0000000000 966.3028001898 1000.0000000000 5.4579971523
oncheck.hs 0.0000000000 971.7607973422 1000.0000000000 7.5937351685
st/quackCheck.hs 0.0000000000 979.3545325107 747.1264367816 20.6454674893
st/runQuack 747.1264367816 979.3545325107 252.8735632184 20.6454674893

ellcheck.hs 0.0000000000 915.7353598570 1000.0000000000 60.3486812696
ellCheck/Analytics.hs 82.9875518672 0.0000000000 443.9834024896 915.7353598570
ellCheck/AST.hs 0.0000000000 0.0000000000 82.9875518672 915.7353598570
ellCheck/Data.hs 526.9709543568 0.0000000000 18.0619965829 915.7353598570
ellCheck/Parser.hs 545.0329509397 0.0000000000 442.7629973151 915.7353598570
ellCheck/Simple.hs 987.7959482548 0.0000000000 12.2040517452 915.7353598570
kefile 0.0000000000 976.0840411265 1000.0000000000 4.4702726866
st/quackCheck.hs 0.0000000000 980.5543138131 747.1264367816 19.4456861869
st/runQuack 747.1264367816 980.5543138131 252.8735632184 19.4456861869

ellcheck.hs 0.0000000000 917.1919148011 1000.0000000000 58.6828950228
ellCheck/Analytics.hs 80.5687203791 0.0000000000 451.6587677725 917.1919148011
ellCheck/AST.hs 0.0000000000 0.0000000000 80.5687203791 917.1919148011
ellCheck/Data.hs 532.2274881517 0.0000000000 17.5355450237 917.1919148011
ellCheck/Parser.hs 549.7630331754 0.0000000000 438.3886255924 917.1919148011
ellCheck/Simple.hs 988.1516587678 0.0000000000 11.8483412322 917.1919148011
kefile 0.0000000000 975.8748098240 1000.0000000000 5.2162573354
st/quackCheck.hs 0.0000000000 981.0910671593 747.1264367816 18.9089328407
st/runQuack 747.1264367816 981.0910671593 252.8735632184 18.9089328407

ellcheck.hs 0.0000000000 920.5394190871 1000.0000000000 56.0165975104
ellCheck/Analytics.hs 77.5298625197 0.0000000000 453.4595447374 920.5394190871
ellCheck/AST.hs 0.0000000000 0.0000000000 77.5298625197 920.5394190871
ellCheck/Data.hs 530.9894072572 0.0000000000 16.6779355420 920.5394190871
ellCheck/Parser.hs 547.6673427992 0.0000000000 437.2323642101 920.5394190871
ellCheck/Simple.hs 984.8997070092 0.0000000000 15.1002929908 920.5394190871
kefile 0.0000000000 976.5560165975 1000.0000000000 4.9792531120
st/quackCheck.hs 0.0000000000 981.5352697095 747.1264367816 18.0497925311
st/runQuack 747.1264367816 981.5352697095 252.8735632184 18.0497925311
tup.hs 0.0000000000 999.5850622407 1000.0000000000 0.4149377593

ellcheck.hs 0.0000000000 919.9535962877 1000.0000000000 58.1979891725
ellCheck/Analytics.hs 74.1908364859 0.0000000000 477.5115594788 919.9535962877
ellCheck/AST.hs 0.0000000000 0.0000000000 74.1908364859 919.9535962877
ellCheck/Data.hs 551.7023959647 0.0000000000 15.9730979403 919.9535962877
ellCheck/Parser.hs 567.6754939050 0.0000000000 418.2429592266 919.9535962877
ellCheck/Simple.hs 985.9184531316 0.0000000000 14.0815468684 919.9535962877
kefile 0.0000000000 978.1515854602 1000.0000000000 4.6403712297
st/quackCheck.hs 0.0000000000 982.7919566899 747.1264367816 16.8213457077
st/runQuack 747.1264367816 982.7919566899 252.8735632184 16.8213457077
tup.hs 0.0000000000 999.6133023975 1000.0000000000 0.3866976025

ellcheck.hs 0.0000000000 923.4891886897 1000.0000000000 55.6274256145
ellCheck/Analytics.hs 71.0426255753 0.0000000000 498.0988593156 923.4891886897
ellCheck/AST.hs 0.0000000000 0.0000000000 71.0426255753 923.4891886897
ellCheck/Data.hs 569.1414848909 0.0000000000 15.2091254753 923.4891886897
ellCheck/Parser.hs 584.3506103662 0.0000000000 402.2413448069 923.4891886897
ellCheck/Simple.hs 986.5919551731 0.0000000000 13.4080448269 923.4891886897
kefile 0.0000000000 979.1166143042 1000.0000000000 4.4354093513
st/quackCheck.hs 0.0000000000 983.5520236555 747.1264367816 16.0783588985
st/runQuack 747.1264367816 983.5520236555 252.8735632184 16.0783588985
tup.hs 0.0000000000 999.6303825541 1000.0000000000 0.3696174459

ellcheck.hs 0.0000000000 926.2163607200 1000.0000000000 53.6446266263
ellCheck/Analytics.hs 68.5010583029 0.0000000000 512.7958437560 926.2163607200
ellCheck/AST.hs 0.0000000000 0.0000000000 68.5010583029 926.2163607200
ellCheck/Data.hs 581.2969020589 0.0000000000 16.1631710602 926.2163607200
ellCheck/Parser.hs 597.4600731191 0.0000000000 389.6478737733 926.2163607200
ellCheck/Simple.hs 987.1079468924 0.0000000000 12.8920531076 926.2163607200
kefile 0.0000000000 979.8609873463 1000.0000000000 4.2773124220
st/quackCheck.hs 0.0000000000 984.1382997683 747.1264367816 15.5052575299
st/runQuack 747.1264367816 984.1382997683 252.8735632184 15.5052575299
tup.hs 0.0000000000 999.6435572982 1000.0000000000 0.3564427018

ellcheck.hs 0.0000000000 939.9582318134 1000.0000000000 52.3842673164
ellCheck/Analytics.hs 65.9137196815 0.0000000000 519.9037215330 939.9582318134
ellCheck/AST.hs 0.0000000000 0.0000000000 65.9137196815 939.9582318134
ellCheck/Data.hs 585.8174412146 0.0000000000 16.1081281244 939.9582318134
ellCheck/Parser.hs 601.9255693390 0.0000000000 384.7435660063 939.9582318134
ellCheck/Simple.hs 986.6691353453 0.0000000000 13.3308646547 939.9582318134
kefile 0.0000000000 992.3424991298 1000.0000000000 4.5248868778
st/shellcheck.hs 0.0000000000 996.8673860077 1000.0000000000 2.7845457710
tup.hs 0.0000000000 999.6519317786 1000.0000000000 0.3480682214

ellcheck.hs 0.0000000000 945.1513067400 1000.0000000000 51.7537826685
ellCheck/Analytics.hs 64.3987629616 0.0000000000 524.8317263962 945.1513067400
ellCheck/AST.hs 0.0000000000 0.0000000000 64.3987629616 945.1513067400
ellCheck/Data.hs 589.2304893578 0.0000000000 15.8268146262 945.1513067400
ellCheck/Parser.hs 605.0573039840 0.0000000000 381.8446425323 945.1513067400
ellCheck/Simple.hs 986.9019465163 0.0000000000 13.0980534837 945.1513067400
st/shellcheck.hs 0.0000000000 996.9050894085 1000.0000000000 2.7510316369
tup.hs 0.0000000000 999.6561210454 1000.0000000000 0.3438789546

ellcheck.hs 0.0000000000 945.7667460048 1000.0000000000 51.1730703842
ellCheck/Analytics.hs 63.6347294625 0.0000000000 529.0310983282 945.7667460048
ellCheck/AST.hs 0.0000000000 0.0000000000 63.6347294625 945.7667460048
ellCheck/Data.hs 592.6658277908 0.0000000000 15.6390436815 945.7667460048
ellCheck/Parser.hs 608.3048714722 0.0000000000 378.7524716879 945.7667460048
ellCheck/Simple.hs 987.0573431602 0.0000000000 12.9426568398 945.7667460048
st/shellcheck.hs 0.0000000000 996.9398163890 1000.0000000000 2.7201632098
tup.hs 0.0000000000 999.6599795988 1000.0000000000 0.3400204012

ellcheck.hs 0.0000000000 939.4091977174 1000.0000000000 57.5696542464
ellCheck/Analytics.hs 63.7841700911 0.0000000000 528.6760764695 939.4091977174
ellCheck/AST.hs 0.0000000000 0.0000000000 63.7841700911 939.4091977174
ellCheck/Data.hs 592.4602465607 0.0000000000 15.5440414508 939.4091977174
ellCheck/Options.hs 608.0042880114 0.0000000000 2.5013400036 939.4091977174
ellCheck/Parser.hs 610.5056280150 0.0000000000 375.7370019653 939.4091977174
ellCheck/Simple.hs 986.2426299803 0.0000000000 13.7573700197 939.4091977174
st/shellcheck.hs 0.0000000000 996.9788519637 1000.0000000000 2.6854649211
tup.hs 0.0000000000 999.6643168849 1000.0000000000 0.3356831151

ellcheck.hs 0.0000000000 938.7959866221 1000.0000000000 58.1939799331
ellCheck/Analytics.hs 63.5910224439 0.0000000000 530.1033131457 938.7959866221
ellCheck/AST.hs 0.0000000000 0.0000000000 63.5910224439 938.7959866221
ellCheck/Data.hs 593.6943355896 0.0000000000 15.4969718561 938.7959866221
ellCheck/Options.hs 609.1913074457 0.0000000000 2.4937655860 938.7959866221
ellCheck/Parser.hs 611.6850730317 0.0000000000 374.5992162451 938.7959866221
ellCheck/Simple.hs 986.2842892768 0.0000000000 13.7157107232 938.7959866221
st/shellcheck.hs 0.0000000000 996.9899665552 1000.0000000000 2.6755852843
tup.hs 0.0000000000 999.6655518395 1000.0000000000 0.3344481605

ellcheck.hs 0.0000000000 939.2833443928 1000.0000000000 57.7305905773
ellCheck/Analytics.hs 63.0519251148 0.0000000000 531.0844224656 939.2833443928
ellCheck/AST.hs 0.0000000000 0.0000000000 63.0519251148 939.2833443928
ellCheck/Data.hs 594.1363475804 0.0000000000 15.3655951960 939.2833443928
ellCheck/Options.hs 609.5019427764 0.0000000000 2.4726245143 939.2833443928
ellCheck/Parser.hs 611.9745672907 0.0000000000 374.4259978806 939.2833443928
ellCheck/Simple.hs 986.4005651713 0.0000000000 13.5994348287 939.2833443928
st/shellcheck.hs 0.0000000000 997.0139349701 1000.0000000000 2.6542800265
tup.hs 0.0000000000 999.6682149967 1000.0000000000 0.3317850033

ellcheck.hs 0.0000000000 940.0393184797 1000.0000000000 57.0117955439
ellCheck/Analytics.hs 62.2168002788 0.0000000000 531.5440920181 940.0393184797
ellCheck/AST.hs 0.0000000000 0.0000000000 62.2168002788 940.0393184797
ellCheck/Data.hs 593.7608922970 0.0000000000 15.1620773789 940.0393184797
ellCheck/Options.hs 608.9229696758 0.0000000000 2.4398745207 940.0393184797
ellCheck/Parser.hs 611.3628441966 0.0000000000 375.2178459394 940.0393184797
ellCheck/Simple.hs 986.5806901359 0.0000000000 13.4193098641 940.0393184797
st/shellcheck.hs 0.0000000000 997.0511140236 1000.0000000000 2.6212319790
tup.hs 0.0000000000 999.6723460026 1000.0000000000 0.3276539974

ellcheck.hs 0.0000000000 940.1471790679 1000.0000000000 56.9092395748
ellCheck/Analytics.hs 62.0977561315 0.0000000000 532.4404244216 940.1471790679
ellCheck/AST.hs 0.0000000000 0.0000000000 62.0977561315 940.1471790679
ellCheck/Data.hs 594.5381805531 0.0000000000 15.1330666203 940.1471790679
ellCheck/Options.hs 609.6712471734 0.0000000000 2.4352061228 940.1471790679
ellCheck/Parser.hs 612.1064532962 0.0000000000 374.4999130284 940.1471790679
ellCheck/Simple.hs 986.6063663246 0.0000000000 13.3936336754 940.1471790679
st/shellcheck.hs 0.0000000000 997.0564186427 1000.0000000000 2.6165167621
tup.hs 0.0000000000 999.6729354047 1000.0000000000 0.3270645953

ellcheck.hs 0.0000000000 934.0463458111 1000.0000000000 56.3928050559
ellCheck/Analytics.hs 62.9770992366 0.0000000000 527.7585010409 934.0463458111
ellCheck/AST.hs 0.0000000000 0.0000000000 62.9770992366 934.0463458111
ellCheck/Data.hs 590.7356002776 0.0000000000 15.0936849410 934.0463458111
ellCheck/Options.hs 605.8292852186 0.0000000000 2.4288688411 934.0463458111
ellCheck/Parser.hs 608.2581540597 0.0000000000 378.3830673144 934.0463458111
ellCheck/Simple.hs 986.6412213740 0.0000000000 13.3587786260 934.0463458111
st/shellcheck.hs 0.0000000000 990.4391508670 1000.0000000000 2.5927726462
tup.hs 0.0000000000 993.0319235132 1000.0000000000 6.9680764868

ellcheck.hs 0.0000000000 934.7860413706 1000.0000000000 55.8976788252
ellCheck/Analytics.hs 61.3175675676 0.0000000000 540.2027027027 934.7860413706
ellCheck/AST.hs 0.0000000000 0.0000000000 61.3175675676 934.7860413706
ellCheck/Data.hs 601.5202702703 0.0000000000 14.6959459459 934.7860413706
ellCheck/Options.hs 616.2162162162 0.0000000000 2.3648648649 934.7860413706
ellCheck/Parser.hs 618.5810810811 0.0000000000 368.4121621622 934.7860413706
ellCheck/Simple.hs 986.9932432432 0.0000000000 13.0067567568 934.7860413706
st/shellcheck.hs 0.0000000000 990.6837201958 1000.0000000000 2.5264487605
tup.hs 0.0000000000 993.2101689563 1000.0000000000 6.7898310437

ellcheck.hs 0.0000000000 935.3171495693 1000.0000000000 55.4424432263
ellCheck/Analytics.hs 60.4487608841 0.0000000000 548.2250502344 935.3171495693
ellCheck/AST.hs 0.0000000000 0.0000000000 60.4487608841 935.3171495693
ellCheck/Data.hs 608.6738111186 0.0000000000 12.5586068319 935.3171495693
ellCheck/Options.hs 621.2324179504 0.0000000000 2.3442732753 935.3171495693
ellCheck/Parser.hs 623.5766912257 0.0000000000 363.0274614869 935.3171495693
ellCheck/Simple.hs 986.6041527127 0.0000000000 13.3958472873 935.3171495693
st/shellcheck.hs 0.0000000000 990.7595927956 1000.0000000000 2.5058731402
tup.hs 0.0000000000 993.2654659358 1000.0000000000 6.7345340642

ellcheck.hs 0.0000000000 936.5493931479 1000.0000000000 54.3862344446
ellCheck/Analytics.hs 59.5472440945 0.0000000000 545.2755905512 936.5493931479
ellCheck/AST.hs 0.0000000000 0.0000000000 59.5472440945 936.5493931479
ellCheck/Data.hs 604.8228346457 0.0000000000 12.3031496063 936.5493931479
ellCheck/Options.hs 617.1259842520 0.0000000000 2.2965879265 936.5493931479
ellCheck/Parser.hs 619.4225721785 0.0000000000 355.8070866142 936.5493931479
ellCheck/Regex.hs 975.2296587927 0.0000000000 11.6469816273 936.5493931479
ellCheck/Simple.hs 986.8766404199 0.0000000000 13.1233595801 936.5493931479
st/shellcheck.hs 0.0000000000 990.9356275926 1000.0000000000 2.4581348902
tup.hs 0.0000000000 993.3937624827 1000.0000000000 6.6062375173

ellcheck.hs 0.0000000000 937.2626462099 1000.0000000000 53.7748746772
ellCheck/Analytics.hs 58.9951377634 0.0000000000 547.6499189627 937.2626462099
ellCheck/AST.hs 0.0000000000 0.0000000000 58.9951377634 937.2626462099
ellCheck/Data.hs 606.6450567261 0.0000000000 12.1555915721 937.2626462099
ellCheck/Options.hs 618.8006482982 0.0000000000 2.2690437601 937.2626462099
ellCheck/Parser.hs 621.0696920583 0.0000000000 354.4570502431 937.2626462099
ellCheck/Regex.hs 975.5267423015 0.0000000000 11.5072933549 937.2626462099
ellCheck/Simple.hs 987.0340356564 0.0000000000 12.9659643436 937.2626462099
st/shellcheck.hs 0.0000000000 991.0375208871 1000.0000000000 2.4305028103
tup.hs 0.0000000000 993.4680236974 1000.0000000000 6.5319763026

ellcheck.hs 0.0000000000 937.1900826446 1000.0000000000 53.9444027047
ellCheck/Analytics.hs 58.6820586821 0.0000000000 548.3405483405 937.1900826446
ellCheck/AST.hs 0.0000000000 0.0000000000 58.6820586821 937.1900826446
ellCheck/Data.hs 607.0226070226 0.0000000000 12.0250120250 937.1900826446
ellCheck/Options.hs 619.0476190476 0.0000000000 2.2446689113 937.1900826446
ellCheck/Parser.hs 621.2922879590 0.0000000000 353.8560205227 937.1900826446
ellCheck/Regex.hs 975.1483084816 0.0000000000 11.7043450377 937.1900826446
ellCheck/Simple.hs 986.8526535193 0.0000000000 13.1473464807 937.1900826446
st/shellcheck.hs 0.0000000000 991.1344853494 1000.0000000000 2.4042073629
tup.hs 0.0000000000 993.5386927122 1000.0000000000 6.4613072878

ellcheck.hs 0.0000000000 938.5565191827 1000.0000000000 52.7708363957
ellCheck/Analytics.hs 57.3218480814 0.0000000000 557.4001566171 938.5565191827
ellCheck/AST.hs 0.0000000000 0.0000000000 57.3218480814 938.5565191827
ellCheck/Data.hs 614.7220046985 0.0000000000 11.7462803446 938.5565191827
ellCheck/Options.hs 626.4682850431 0.0000000000 2.1926389977 938.5565191827
ellCheck/Parser.hs 628.6609240407 0.0000000000 347.0634299139 938.5565191827
ellCheck/Regex.hs 975.7243539546 0.0000000000 11.4330462020 938.5565191827
ellCheck/Simple.hs 987.1574001566 0.0000000000 12.8425998434 938.5565191827
st/shellcheck.hs 0.0000000000 991.3273555784 1000.0000000000 2.3519035720
tup.hs 0.0000000000 993.6792591504 1000.0000000000 6.3207408496

ellcheck.hs 0.0000000000 953.8806166820 1000.0000000000 38.0814336540
ellCheck/Analytics.hs 83.1606575494 0.0000000000 475.6181793065 953.8806166820
ellCheck/Analyzer.hs 558.7788368559 0.0000000000 3.7297969333 953.8806166820
ellCheck/AST.hs 0.0000000000 0.0000000000 50.0069070314 953.8806166820
ellCheck/ASTLib.hs 50.0069070314 0.0000000000 33.1537505180 953.8806166820
ellCheck/Checker.hs 562.5086337892 0.0000000000 21.9643597182 953.8806166820
ellCheck/Data.hs 584.4729935074 0.0000000000 12.1563751899 953.8806166820
ellCheck/Formatter/CheckStyle.hs 596.6293686973 0.0000000000 47.1059538610 229.3789166215
ellCheck/Formatter/Format.hs 596.6293686973 229.3789166215 47.1059538610 170.6355355355
ellCheck/Formatter/GCC.hs 596.6293686973 400.0144521570 47.1059538610 151.0544085068
ellCheck/Formatter/JSON.hs 596.6293686973 551.0688606638 47.1059538610 162.2436239518
ellCheck/Formatter/TTY.hs 596.6293686973 713.3124846156 47.1059538610 240.5681320664
ellCheck/Interface.hs 643.7353225584 0.0000000000 14.2284845973 953.8806166820
ellCheck/Parser.hs 657.9638071557 0.0000000000 330.9849426716 953.8806166820
ellCheck/Regex.hs 988.9487498273 0.0000000000 11.0512501727 953.8806166820
st/shellcheck.hs 0.0000000000 991.9620503360 1000.0000000000 2.3718539992
tup.hs 0.0000000000 994.3339043352 1000.0000000000 5.6660956648

ellcheck.hs 0.0000000000 954.3438559875 1000.0000000000 37.6989303418
ellCheck/Analytics.hs 82.6954620011 0.0000000000 474.3028977583 954.3438559875
ellCheck/Analyzer.hs 556.9983597594 0.0000000000 3.6905412794 954.3438559875
ellCheck/AST.hs 0.0000000000 0.0000000000 49.8906506288 954.3438559875
ellCheck/ASTLib.hs 49.8906506288 0.0000000000 32.8048113723 954.3438559875
ellCheck/Checker.hs 560.6889010388 0.0000000000 21.7331875342 954.3438559875
ellCheck/Data.hs 582.4220885730 0.0000000000 12.0284308365 954.3438559875
ellCheck/Formatter/CheckStyle.hs 594.4505194095 0.0000000000 46.6101694915 229.4903114105
ellCheck/Formatter/Format.hs 594.4505194095 229.4903114105 46.6101694915 170.7184023907
ellCheck/Formatter/GCC.hs 594.4505194095 400.2087138012 46.6101694915 151.1277660508
ellCheck/Formatter/JSON.hs 594.4505194095 551.3364798520 46.6101694915 162.3224153879
ellCheck/Formatter/TTY.hs 594.4505194095 713.6588952399 46.6101694915 240.6849607476
ellCheck/Interface.hs 641.0606889010 0.0000000000 14.0787315473 954.3438559875
ellCheck/Parser.hs 655.1394204483 0.0000000000 333.9256424276 954.3438559875
ellCheck/Regex.hs 989.0650628759 0.0000000000 10.9349371241 954.3438559875
st/shellcheck.hs 0.0000000000 992.0427863292 1000.0000000000 2.3480302635
tup.hs 0.0000000000 994.3908165927 1000.0000000000 5.6091834073

ellcheck.hs 0.0000000000 956.0883280757 1000.0000000000 36.2145110410
ellCheck/Analytics.hs 81.5626237297 0.0000000000 484.0966081563 956.0883280757
ellCheck/Analyzer.hs 565.6592318860 0.0000000000 3.5634155998 956.0883280757
ellCheck/AST.hs 0.0000000000 0.0000000000 48.1720997756 956.0883280757
ellCheck/ASTLib.hs 48.1720997756 0.0000000000 33.3905239541 956.0883280757
ellCheck/Checker.hs 569.2226474858 0.0000000000 21.3804935990 956.0883280757
ellCheck/Data.hs 590.6031410849 0.0000000000 12.2739870661 956.0883280757
ellCheck/Formatter/CheckStyle.hs 602.8771281510 0.0000000000 45.0046192424 229.9098032323
ellCheck/Formatter/Format.hs 602.8771281510 229.9098032323 45.0046192424 171.0304633801
ellCheck/Formatter/GCC.hs 602.8771281510 400.9402666124 45.0046192424 151.4040167627
ellCheck/Formatter/JSON.hs 602.8771281510 552.3442833751 45.0046192424 162.6191291155
ellCheck/Formatter/TTY.hs 602.8771281510 714.9634124906 45.0046192424 241.1249155851
ellCheck/Interface.hs 647.8817473934 0.0000000000 13.5937706216 956.0883280757
ellCheck/Parser.hs 661.4755180150 0.0000000000 327.9662135410 956.0883280757
ellCheck/Regex.hs 989.4417315560 0.0000000000 10.5582684440 956.0883280757
st/shellcheck.hs 0.0000000000 992.3028391167 1000.0000000000 2.2712933754
tup.hs 0.0000000000 994.5741324921 1000.0000000000 5.4258675079

ellcheck.hs 0.0000000000 956.1160151324 1000.0000000000 36.1916771753
ellCheck/Analytics.hs 81.5088367185 0.0000000000 483.9092587708 956.1160151324
ellCheck/Analyzer.hs 565.4180954893 0.0000000000 3.5610656819 956.1160151324
ellCheck/AST.hs 0.0000000000 0.0000000000 48.1403323661 956.1160151324
ellCheck/ASTLib.hs 48.1403323661 0.0000000000 33.3685043524 956.1160151324
ellCheck/Checker.hs 568.9791611712 0.0000000000 21.3663940913 956.1160151324
ellCheck/Data.hs 590.3455552625 0.0000000000 12.2658929042 956.1160151324
ellCheck/Formatter/CheckStyle.hs 602.6114481667 0.0000000000 44.9749406489 229.9164611169
ellCheck/Formatter/Format.hs 602.6114481667 229.9164611169 44.9749406489 171.0354161967
ellCheck/Formatter/GCC.hs 602.6114481667 400.9518773136 44.9749406489 151.4084012233
ellCheck/Formatter/JSON.hs 602.6114481667 552.3602785369 44.9749406489 162.6238383510
ellCheck/Formatter/TTY.hs 602.6114481667 714.9841168879 44.9749406489 241.1318982445
ellCheck/Interface.hs 647.5863888156 0.0000000000 13.5848061198 956.1160151324
ellCheck/Parser.hs 661.1711949354 0.0000000000 328.2774993405 956.1160151324
ellCheck/Regex.hs 989.4486942759 0.0000000000 10.5513057241 956.1160151324
st/shellcheck.hs 0.0000000000 992.3076923077 1000.0000000000 2.2698612863
tup.hs 0.0000000000 994.5775535939 1000.0000000000 5.4224464061

ellcheck.hs 0.0000000000 951.3290902284 1000.0000000000 38.5623362037
ellCheck/Analytics.hs 81.0704447068 0.0000000000 482.8807556080 951.3290902284
ellCheck/Analyzer.hs 563.9512003148 0.0000000000 3.5419126328 951.3290902284
ellCheck/AST.hs 0.0000000000 0.0000000000 47.8814115178 951.3290902284
ellCheck/ASTLib.hs 47.8814115178 0.0000000000 33.1890331890 951.3290902284
ellCheck/Checker.hs 567.4931129477 0.0000000000 21.2514757969 951.3290902284
ellCheck/Data.hs 588.7445887446 0.0000000000 12.3311032402 951.3290902284
ellCheck/Formatter/CheckStyle.hs 601.0756919848 0.0000000000 45.3889544799 225.4594953720
ellCheck/Formatter/Format.hs 601.0756919848 225.4594953720 45.3889544799 167.7198685085
ellCheck/Formatter/GCC.hs 601.0756919848 393.1793638805 45.3889544799 148.4733262206
ellCheck/Formatter/JSON.hs 601.0756919848 541.6526901011 45.3889544799 159.4713503851
ellCheck/Formatter/TTY.hs 601.0756919848 701.1240404862 45.3889544799 250.2050497421
ellCheck/Interface.hs 646.4646464646 0.0000000000 15.2171061262 951.3290902284
ellCheck/Parser.hs 661.6817525908 0.0000000000 327.8236914601 951.3290902284
ellCheck/Regex.hs 989.5054440509 0.0000000000 10.4945559491 951.3290902284
ickrun 0.0000000000 989.8914264320 1000.0000000000 0.6239860227
icktest 0.0000000000 990.5154124548 1000.0000000000 1.8719580681
st/shellcheck.hs 0.0000000000 992.3873705229 1000.0000000000 2.2463496818
tup.hs 0.0000000000 994.6337202047 1000.0000000000 5.3662797953

ellcheck.hs 0.0000000000 952.3987074323 1000.0000000000 38.4041759881
ellCheck/Analytics.hs 80.6472660838 0.0000000000 485.5800600287 952.3987074323
ellCheck/Analyzer.hs 566.2273261125 0.0000000000 3.5234242464 952.3987074323
ellCheck/AST.hs 0.0000000000 0.0000000000 47.6314759233 952.3987074323
ellCheck/ASTLib.hs 47.6314759233 0.0000000000 33.0157901605 952.3987074323
ellCheck/Checker.hs 569.7507503589 0.0000000000 21.1405454783 952.3987074323
ellCheck/Data.hs 590.8912958371 0.0000000000 12.2667362652 952.3987074323
ellCheck/Formatter/CheckStyle.hs 603.1580321023 0.0000000000 45.1520292314 225.7129884666
ellCheck/Formatter/Format.hs 603.1580321023 225.7129884666 45.1520292314 167.9084426398
ellCheck/Formatter/GCC.hs 603.1580321023 393.6214311064 45.1520292314 148.6402606975
ellCheck/Formatter/JSON.hs 603.1580321023 542.2616918039 45.1520292314 159.6506503788
ellCheck/Formatter/TTY.hs 603.1580321023 701.9123421827 45.1520292314 250.4863652495
ellCheck/Interface.hs 648.3100613337 0.0000000000 15.1376745400 952.3987074323
ellCheck/Parser.hs 663.4477358737 0.0000000000 326.1124885815 952.3987074323
ellCheck/Regex.hs 989.5602244552 0.0000000000 10.4397755448 952.3987074323
ickrun 0.0000000000 990.8028834203 1000.0000000000 0.6214267959
icktest 0.0000000000 991.4243102163 1000.0000000000 1.8642803878
st/shellcheck.hs 0.0000000000 993.2885906040 1000.0000000000 2.2371364653
tup.hs 0.0000000000 995.5257270694 1000.0000000000 4.4742729306

ellcheck.hs 0.0000000000 952.6693030153 1000.0000000000 38.1858625803
ellCheck/Analytics.hs 80.1660396939 0.0000000000 482.6825788040 952.6693030153
ellCheck/Analyzer.hs 562.8486184979 0.0000000000 3.5023997925 952.6693030153
ellCheck/AST.hs 0.0000000000 0.0000000000 47.3472564535 952.6693030153
ellCheck/ASTLib.hs 47.3472564535 0.0000000000 32.8187832404 952.6693030153
ellCheck/Checker.hs 566.3510182903 0.0000000000 21.0143987547 952.6693030153
ellCheck/Data.hs 587.3654170450 0.0000000000 12.1935400182 952.6693030153
ellCheck/Formatter/CheckStyle.hs 599.5589570632 0.0000000000 44.8826047477 225.7771180557
ellCheck/Formatter/Format.hs 599.5589570632 225.7771180557 44.8826047477 167.9561487975
ellCheck/Formatter/GCC.hs 599.5589570632 393.7332668532 44.8826047477 148.6824923781
ellCheck/Formatter/JSON.hs 599.5589570632 542.4157592313 44.8826047477 159.6960103320
ellCheck/Formatter/TTY.hs 599.5589570632 702.1117695633 44.8826047477 250.5575334520
ellCheck/Interface.hs 644.4415618109 0.0000000000 15.0473472565 952.6693030153
ellCheck/Parser.hs 659.4889090673 0.0000000000 330.1336100662 952.6693030153
ellCheck/Regex.hs 989.6225191335 0.0000000000 10.3774808665 952.6693030153
ickrun 0.0000000000 990.8551655957 1000.0000000000 0.6178942165
icktest 0.0000000000 991.4730598122 1000.0000000000 1.8536826495
st/shellcheck.hs 0.0000000000 993.3267424617 1000.0000000000 2.2244191794
tup.hs 0.0000000000 995.5511616411 1000.0000000000 4.4488383589

ack.yaml 0.0000000000 0.0000000000 1000.0000000000 4.2698548249
ellcheck.hs 0.0000000000 953.2755886300 1000.0000000000 37.6967183116
ellCheck/Analytics.hs 79.9588636071 4.2698548249 485.1523332048 949.0057338051
ellCheck/Analyzer.hs 565.1111968119 4.2698548249 3.4708831469 949.0057338051
ellCheck/AST.hs 0.0000000000 4.2698548249 47.4354030081 949.0057338051
ellCheck/ASTLib.hs 47.4354030081 4.2698548249 32.5234605990 949.0057338051
ellCheck/Checker.hs 568.5820799589 4.2698548249 20.8252988816 949.0057338051
ellCheck/Data.hs 589.4073788405 4.2698548249 12.0838154004 949.0057338051
ellCheck/Formatter/CheckStyle.hs 601.4911942409 4.2698548249 44.4787247718 224.9088733295
ellCheck/Formatter/Format.hs 601.4911942409 229.1787281545 44.4787247718 167.3102594281
ellCheck/Formatter/GCC.hs 601.4911942409 396.4889875825 44.4787247718 148.1107214609
ellCheck/Formatter/JSON.hs 601.4911942409 544.5997090434 44.4787247718 159.0818860136
ellCheck/Formatter/TTY.hs 601.4911942409 703.6815950570 44.4787247718 249.5939935730
ellCheck/Interface.hs 645.9699190127 4.2698548249 14.9119424091 949.0057338051
ellCheck/Parser.hs 660.8818614218 4.2698548249 328.8340403651 949.0057338051
ellCheck/Regex.hs 989.7159017869 4.2698548249 10.2840982131 949.0057338051
ickrun 0.0000000000 990.9723069416 1000.0000000000 0.6099792607
icktest 0.0000000000 991.5822862023 1000.0000000000 1.8299377821
st/shellcheck.hs 0.0000000000 993.4122239844 1000.0000000000 2.1959253385
tup.hs 0.0000000000 995.6081493229 1000.0000000000 4.3918506771

ack.yaml 0.0000000000 0.0000000000 1000.0000000000 4.1041275797
ellcheck.hs 0.0000000000 953.9165103189 1000.0000000000 36.2335834897
ellCheck/Analytics.hs 77.1604938272 4.1041275797 343.2098765432 949.8123827392
ellCheck/Analyzer.hs 420.3703703704 4.1041275797 4.4444444444 949.8123827392
ellCheck/AnalyzerLib.hs 424.8148148148 4.1041275797 78.0246913580 949.8123827392
ellCheck/AST.hs 0.0000000000 4.1041275797 45.9259259259 949.8123827392
ellCheck/ASTLib.hs 45.9259259259 4.1041275797 31.2345679012 949.8123827392
ellCheck/Checker.hs 502.8395061728 4.1041275797 20.0000000000 949.8123827392
ellCheck/Checks/Commands.hs 522.8395061728 4.1041275797 69.1358024691 949.8123827392
ellCheck/Data.hs 591.9753086420 4.1041275797 11.6049382716 949.8123827392
ellCheck/Formatter/CheckStyle.hs 603.5802469136 4.1041275797 42.7160493827 225.1000444642
ellCheck/Formatter/Format.hs 603.5802469136 229.2041720439 42.7160493827 167.4524721014
ellCheck/Formatter/GCC.hs 603.5802469136 396.6566441454 42.7160493827 148.2366146472
ellCheck/Formatter/JSON.hs 603.5802469136 544.8932587925 42.7160493827 159.2171046210
ellCheck/Formatter/TTY.hs 603.5802469136 704.1103634135 42.7160493827 249.8061469054
ellCheck/Interface.hs 646.2962962963 4.1041275797 14.3209876543 949.8123827392
ellCheck/Parser.hs 660.6172839506 4.1041275797 329.5061728395 949.8123827392
ellCheck/Regex.hs 990.1234567901 4.1041275797 9.8765432099 949.8123827392
ickrun 0.0000000000 990.1500938086 1000.0000000000 0.5863039400
icktest 0.0000000000 990.7363977486 1000.0000000000 2.4624765478
st/shellcheck.hs 0.0000000000 993.1988742964 1000.0000000000 2.5797373358
tup.hs 0.0000000000 995.7786116323 1000.0000000000 4.2213883677

ack.yaml 0.0000000000 0.0000000000 1000.0000000000 4.0969214562
ellcheck.hs 0.0000000000 953.9974247922 1000.0000000000 36.1699637130
ellCheck/Analytics.hs 77.0178681454 4.0969214562 344.4239063463 949.9005033361
ellCheck/Analyzer.hs 421.4417744917 4.0969214562 4.4362292052 949.9005033361
ellCheck/AnalyzerLib.hs 425.8780036969 4.0969214562 77.8804682686 949.9005033361
ellCheck/AST.hs 0.0000000000 4.0969214562 45.8410351201 949.9005033361
ellCheck/ASTLib.hs 45.8410351201 4.0969214562 31.1768330253 949.9005033361
ellCheck/Checker.hs 503.7584719655 4.0969214562 19.9630314233 949.9005033361
ellCheck/Checks/Commands.hs 523.7215033888 4.0969214562 69.0080098583 949.9005033361
ellCheck/Data.hs 592.7295132471 4.0969214562 11.5834873691 949.9005033361
ellCheck/Formatter/CheckStyle.hs 604.3130006161 4.0969214562 42.6370918053 225.1209285363
ellCheck/Formatter/Format.hs 604.3130006161 229.2178499925 42.6370918053 167.4680078136
ellCheck/Formatter/GCC.hs 604.3130006161 396.6858578060 42.6370918053 148.2503675727
ellCheck/Formatter/JSON.hs 604.3130006161 544.9362253787 42.6370918053 159.2318762818
ellCheck/Formatter/TTY.hs 604.3130006161 704.1681016605 42.6370918053 249.8293231317
ellCheck/Interface.hs 646.9500924214 4.0969214562 14.2945163278 949.9005033361
ellCheck/Parser.hs 661.2446087492 4.0969214562 328.8971041282 949.9005033361
ellCheck/Regex.hs 990.1417128774 4.0969214562 9.8582871226 949.9005033361
ickrun 0.0000000000 990.1673885052 1000.0000000000 0.5852744937
icktest 0.0000000000 990.7526629989 1000.0000000000 2.4581528737
st/shellcheck.hs 0.0000000000 993.2108158726 1000.0000000000 2.5752077724
tup.hs 0.0000000000 995.7860236451 1000.0000000000 4.2139763549

ack.yaml 0.0000000000 0.0000000000 1000.0000000000 4.0504571230
ellcheck.hs 0.0000000000 954.5191528758 1000.0000000000 35.7597500289
ellCheck/Analytics.hs 78.8993059783 4.0504571230 340.9229270668 950.4686957528
ellCheck/Analyzer.hs 419.8222330452 4.0504571230 4.3832947766 950.4686957528
ellCheck/AnalyzerLib.hs 424.2055278217 4.0504571230 76.9511749665 950.4686957528
ellCheck/AST.hs 0.0000000000 4.0504571230 45.7810787775 950.4686957528
ellCheck/ASTLib.hs 45.7810787775 4.0504571230 33.1182272008 950.4686957528
ellCheck/Checker.hs 501.1567027883 4.0504571230 19.7248264946 950.4686957528
ellCheck/Checks/Commands.hs 520.8815292828 4.0504571230 68.1845854134 950.4686957528
ellCheck/Data.hs 589.0661146962 4.0504571230 11.4452696944 950.4686957528
ellCheck/Formatter/CheckStyle.hs 600.5113843906 4.0504571230 42.9806404481 220.7887621862
ellCheck/Formatter/Format.hs 600.5113843906 224.8392193092 42.9806404481 177.7080281011
ellCheck/Formatter/GCC.hs 600.5113843906 402.5472474103 42.9806404481 145.3974775373
ellCheck/Formatter/JSON.hs 600.5113843906 547.9447249476 42.9806404481 161.5527528192
ellCheck/Formatter/TTY.hs 600.5113843906 709.4974777667 42.9806404481 245.0216751091
ellCheck/Interface.hs 643.4920248387 4.0504571230 14.1239498356 950.4686957528
ellCheck/Parser.hs 657.6159746743 4.0504571230 332.6433702667 950.4686957528
ellCheck/Regex.hs 990.2593449409 4.0504571230 9.7406550591 950.4686957528
ickrun 0.0000000000 990.2789029048 1000.0000000000 0.5786367319
icktest 0.0000000000 990.8575396366 1000.0000000000 2.4302742738
st/shellcheck.hs 0.0000000000 993.2878139104 1000.0000000000 2.5460016202
tup.hs 0.0000000000 995.8338155306 1000.0000000000 4.1661844694

ack.yaml 0.0000000000 0.0000000000 1000.0000000000 4.0257648953
ellcheck.hs 0.0000000000 954.7964113182 1000.0000000000 35.5417529331
ellCheck/Analytics.hs 80.0871037987 4.0257648953 340.0677473990 950.7706464228
ellCheck/Analyzer.hs 420.1548511977 4.0257648953 4.3551899347 950.7706464228
ellCheck/AnalyzerLib.hs 424.5100411323 4.0257648953 76.4577788531 950.7706464228
ellCheck/AST.hs 0.0000000000 4.0257648953 45.4875393177 950.7706464228
ellCheck/ASTLib.hs 45.4875393177 4.0257648953 34.5995644810 950.7706464228
ellCheck/Checker.hs 500.9678199855 4.0257648953 19.5983547060 950.7706464228
ellCheck/Checks/Commands.hs 520.5661746915 4.0257648953 67.7473989838 950.7706464228
ellCheck/Data.hs 588.3135736753 4.0257648953 11.3718848294 950.7706464228
ellCheck/Formatter/CheckStyle.hs 599.6854585047 4.0257648953 42.7050568594 220.8589037016
ellCheck/Formatter/Format.hs 599.6854585047 224.8846685969 42.7050568594 177.7644834672
ellCheck/Formatter/GCC.hs 599.6854585047 402.6491520641 42.7050568594 145.4436682913
ellCheck/Formatter/JSON.hs 599.6854585047 548.0928203554 42.7050568594 161.6040758792
ellCheck/Formatter/TTY.hs 599.6854585047 709.6968962346 42.7050568594 245.0995150835
ellCheck/Interface.hs 642.3905153641 4.0257648953 14.0333897895 950.7706464228
ellCheck/Parser.hs 656.4239051536 4.0257648953 333.8978949915 950.7706464228
ellCheck/Regex.hs 990.3218001452 4.0257648953 9.6781998548 950.7706464228
ickrun 0.0000000000 990.3381642512 1000.0000000000 0.5751092708
icktest 0.0000000000 990.9132735220 1000.0000000000 2.4154589372
st/shellcheck.hs 0.0000000000 993.3287324592 1000.0000000000 2.5304807914
tup.hs 0.0000000000 995.8592132505 1000.0000000000 4.1407867495

ack.yaml 0.0000000000 0.0000000000 1000.0000000000 3.9886039886
ellcheck.hs 0.0000000000 955.2136752137 1000.0000000000 35.2136752137
ellCheck/Analytics.hs 79.9089493231 3.9886039886 342.8776806038 951.2250712251
ellCheck/Analyzer.hs 422.7866299269 3.9886039886 4.3129268000 951.2250712251
ellCheck/AnalyzerLib.hs 427.0995567270 3.9886039886 77.5128788786 951.2250712251
ellCheck/AST.hs 0.0000000000 3.9886039886 45.4055349227 951.2250712251
ellCheck/ASTLib.hs 45.4055349227 3.9886039886 34.5034144004 951.2250712251
ellCheck/Checker.hs 504.6124356056 3.9886039886 19.4081706002 951.2250712251
ellCheck/Checks/Commands.hs 524.0206062058 3.9886039886 67.0899724452 951.2250712251
ellCheck/Data.hs 591.1105786510 3.9886039886 11.2615310890 951.2250712251
ellCheck/Formatter/CheckStyle.hs 602.3721097400 3.9886039886 42.2906433449 220.9644641373
ellCheck/Formatter/Format.hs 602.3721097400 224.9530681259 42.2906433449 177.8494467446
ellCheck/Formatter/GCC.hs 602.3721097400 402.8025148705 42.2906433449 145.5131837002
ellCheck/Formatter/JSON.hs 602.3721097400 548.3156985707 42.2906433449 161.6813152224
ellCheck/Formatter/TTY.hs 602.3721097400 709.9970137930 42.2906433449 245.2166614206
ellCheck/Interface.hs 644.6627530849 3.9886039886 13.8972085779 951.2250712251
ellCheck/Parser.hs 658.5599616629 3.9886039886 331.8557565592 951.2250712251
ellCheck/Regex.hs 990.4157182221 3.9886039886 9.5842817779 951.2250712251
ickrun 0.0000000000 990.4273504274 1000.0000000000 0.5698005698
icktest 0.0000000000 990.9971509972 1000.0000000000 2.3931623932
st/shellcheck.hs 0.0000000000 993.3903133903 1000.0000000000 2.5071225071
tup.hs 0.0000000000 995.8974358974 1000.0000000000 4.1025641026

ack.yaml 0.0000000000 0.0000000000 1000.0000000000 3.9378937894
ellcheck.hs 0.0000000000 953.4203420342 1000.0000000000 34.7659765977
ellCheck/Analytics.hs 79.2747955919 3.9378937894 339.8506932101 949.4824482448
ellCheck/Analyzer.hs 419.1254888020 3.9378937894 4.2659082830 949.4824482448
ellCheck/AnalyzerLib.hs 423.3913970850 3.9378937894 79.1562981396 949.4824482448
ellCheck/AST.hs 0.0000000000 3.9378937894 44.9105344235 949.4824482448
ellCheck/ASTLib.hs 44.9105344235 3.9378937894 34.3642611684 949.4824482448
ellCheck/Checker.hs 502.5476952246 3.9378937894 19.1965872734 949.4824482448
ellCheck/Checks/Commands.hs 521.7442824979 3.9378937894 73.8239127859 949.4824482448
ellCheck/Data.hs 595.5681952838 3.9378937894 11.1387605166 949.4824482448
ellCheck/Formatter/CheckStyle.hs 606.7069558005 3.9378937894 41.8296006636 220.5596621985
ellCheck/Formatter/Format.hs 606.7069558005 224.4975559879 41.8296006636 177.5236305500
ellCheck/Formatter/GCC.hs 606.7069558005 402.0211865379 41.8296006636 145.2466068137
ellCheck/Formatter/JSON.hs 606.7069558005 547.2677933516 41.8296006636 161.3851186818
ellCheck/Formatter/TTY.hs 606.7069558005 708.6529120334 41.8296006636 244.7674300008
ellCheck/Interface.hs 648.5365564640 3.9378937894 13.7457044674 949.4824482448
ellCheck/Parser.hs 662.2822609314 3.9378937894 328.2379428842 949.4824482448
ellCheck/Regex.hs 990.5202038156 3.9378937894 9.4797961844 949.4824482448
ickrun 0.0000000000 988.1863186319 1000.0000000000 0.5625562556
icktest 0.0000000000 988.7488748875 1000.0000000000 2.3627362736
ravis.yml 0.0000000000 991.1116111611 1000.0000000000 2.3627362736
st/shellcheck.hs 0.0000000000 993.4743474347 1000.0000000000 2.4752475248
tup.hs 0.0000000000 995.9495949595 1000.0000000000 4.0504050405

ack.yaml 0.0000000000 0.0000000000 1000.0000000000 3.9264078977
ellcheck.hs 0.0000000000 953.5562037245 1000.0000000000 34.6645725825
ellCheck/Analytics.hs 79.9763733018 3.9264078977 339.7519196692 949.6297958268
ellCheck/Analyzer.hs 419.7282929711 3.9264078977 4.2528056704 949.6297958268
ellCheck/AnalyzerLib.hs 423.9810986415 3.9264078977 78.9131718842 949.6297958268
ellCheck/AST.hs 0.0000000000 3.9264078977 45.1269935027 949.6297958268
ellCheck/ASTLib.hs 45.1269935027 3.9264078977 34.8493797992 949.6297958268
ellCheck/Checker.hs 502.8942705257 3.9264078977 19.1376255168 949.6297958268
ellCheck/Checks/Commands.hs 522.0318960425 3.9264078977 73.5971647962 949.6297958268
ellCheck/Data.hs 595.6290608387 3.9264078977 11.1045481394 949.6297958268
ellCheck/Formatter/CheckStyle.hs 606.7336089781 3.9264078977 41.7011222682 220.5938902487
ellCheck/Formatter/Format.hs 606.7336089781 224.5202981464 41.7011222682 177.5511799563
ellCheck/Formatter/GCC.hs 606.7336089781 402.0714781027 41.7011222682 145.2691472370
ellCheck/Formatter/JSON.hs 606.7336089781 547.3406253396 41.7011222682 161.4101635966
ellCheck/Formatter/TTY.hs 606.7336089781 708.7507889363 41.7011222682 244.8054147882
ellCheck/Interface.hs 648.4347312463 3.9264078977 13.7034849380 949.6297958268
ellCheck/Parser.hs 662.1382161843 3.9264078977 328.4111045481 949.6297958268
ellCheck/Regex.hs 990.5493207324 3.9264078977 9.4506792676 949.6297958268
ickrun 0.0000000000 988.2207763069 1000.0000000000 0.5609154140
icktest 0.0000000000 988.7816917209 1000.0000000000 2.3558447386
ravis.yml 0.0000000000 991.1375364595 1000.0000000000 2.3558447386
st/shellcheck.hs 0.0000000000 993.4933811981 1000.0000000000 2.4680278214
tup.hs 0.0000000000 995.9614090195 1000.0000000000 4.0385909805

ack.yaml 0.0000000000 0.0000000000 1000.0000000000 3.8512323944
ellcheck.hs 0.0000000000 954.1153169014 1000.0000000000 34.0008802817
ellCheck/Analytics.hs 78.7401574803 3.8512323944 292.7281148680 950.2640845070
ellCheck/Analyzer.hs 371.4682723483 3.8512323944 5.0949513664 950.2640845070
ellCheck/AnalyzerLib.hs 376.5632237147 3.8512323944 83.7193144975 950.2640845070
ellCheck/AST.hs 0.0000000000 3.8512323944 44.5808244558 950.2640845070
ellCheck/ASTLib.hs 44.5808244558 3.8512323944 34.1593330245 950.2640845070
ellCheck/Checker.hs 460.2825382121 3.8512323944 21.0745715609 950.2640845070
ellCheck/Checks/Commands.hs 481.3571097730 3.8512323944 121.2366836498 601.7431595302
ellCheck/Checks/ShellSupport.hs 481.3571097730 605.5943919246 121.2366836498 348.5209249768
ellCheck/Data.hs 602.5937934229 3.8512323944 10.8846688282 950.2640845070
ellCheck/Formatter/CheckStyle.hs 613.4784622510 3.8512323944 40.8754052802 220.7412320951
ellCheck/Formatter/Format.hs 613.4784622510 224.5924644895 40.8754052802 177.6697721741
ellCheck/Formatter/GCC.hs 613.4784622510 402.2622366636 40.8754052802 145.3661772334
ellCheck/Formatter/JSON.hs 613.4784622510 547.6284138970 40.8754052802 161.5179747037
ellCheck/Formatter/TTY.hs 613.4784622510 709.1463886007 40.8754052802 244.9689283007
ellCheck/Interface.hs 654.3538675313 3.8512323944 13.4321445113 950.2640845070
ellCheck/Parser.hs 667.7860120426 3.8512323944 322.9504400185 950.2640845070
ellCheck/Regex.hs 990.7364520611 3.8512323944 9.2635479389 950.2640845070
ickrun 0.0000000000 988.1161971831 1000.0000000000 0.5501760563
icktest 0.0000000000 988.6663732394 1000.0000000000 2.4207746479
ravis.yml 0.0000000000 991.0871478873 1000.0000000000 2.3107394366
st/shellcheck.hs 0.0000000000 993.3978873239 1000.0000000000 2.6408450704
tup.hs 0.0000000000 996.0387323944 1000.0000000000 3.9612676056

ack.yaml 0.0000000000 0.0000000000 1000.0000000000 3.7206335707
ellcheck.hs 0.0000000000 954.6082704369 1000.0000000000 32.8478792389
ellCheck/Analytics.hs 84.9636668530 3.7206335707 301.9564002236 950.8876368662
ellCheck/Analyzer.hs 386.9200670766 3.7206335707 5.0307434321 950.8876368662
ellCheck/AnalyzerLib.hs 391.9508105087 3.7206335707 81.6098378983 950.8876368662
ellCheck/AST.hs 0.0000000000 3.7206335707 43.0408049189 950.8876368662
ellCheck/ASTLib.hs 43.0408049189 3.7206335707 41.9228619340 950.8876368662
ellCheck/Checker.hs 473.5606484069 3.7206335707 20.3465623253 950.8876368662
ellCheck/Checks/Commands.hs 493.9072107323 3.7206335707 119.1727221912 607.4619894051
ellCheck/Checks/ShellSupport.hs 493.9072107323 611.1826229759 119.1727221912 343.4256474610
ellCheck/Data.hs 613.0799329234 3.7206335707 12.1855785355 950.8876368662
ellCheck/Formatter/CheckStyle.hs 625.2655114589 3.7206335707 39.4633873672 220.8860799519
ellCheck/Formatter/Format.hs 625.2655114589 224.6067135227 39.4633873672 177.7863570345
ellCheck/Formatter/GCC.hs 625.2655114589 402.3930705571 39.4633873672 145.4615648464
ellCheck/Formatter/JSON.hs 625.2655114589 547.8546354035 39.4633873672 161.6239609404
ellCheck/Formatter/TTY.hs 625.2655114589 709.4785963439 39.4633873672 245.1296740930
ellCheck/Interface.hs 664.7288988262 3.7206335707 12.9681386249 950.8876368662
ellCheck/Parser.hs 677.6970374511 3.7206335707 313.3594186696 950.8876368662
ellCheck/Regex.hs 991.0564561207 3.7206335707 8.9435438793 950.8876368662
ickrun 0.0000000000 987.4561496758 1000.0000000000 0.5315190815
icktest 0.0000000000 987.9876687573 1000.0000000000 2.3386839588
ravis.yml 0.0000000000 990.3263527161 1000.0000000000 2.2323801424
st/shellcheck.hs 0.0000000000 992.5587328585 1000.0000000000 2.5512915914
tup.hs 0.0000000000 995.1100244499 1000.0000000000 3.8269373871
xtnumber 0.0000000000 998.9369618369 1000.0000000000 1.0630381631

ack.yaml 0.0000000000 0.0000000000 1000.0000000000 3.6849863129
ellcheck.hs 0.0000000000 951.3581806696 1000.0000000000 36.2181511897
ellCheck/Analytics.hs 84.7683590712 3.6849863129 304.2995222753 947.6731943567
ellCheck/Analyzer.hs 389.0678813465 3.6849863129 4.9994445062 947.6731943567
ellCheck/AnalyzerLib.hs 394.0673258527 3.6849863129 81.1020997667 947.6731943567
ellCheck/AST.hs 0.0000000000 3.6849863129 42.7730252194 947.6731943567
ellCheck/ASTLib.hs 42.7730252194 3.6849863129 41.9953338518 947.6731943567
ellCheck/Checker.hs 475.1694256194 3.6849863129 20.2199755583 947.6731943567
ellCheck/Checks/Commands.hs 495.3894011776 3.6849863129 119.2089767804 604.9917410385
ellCheck/Checks/ShellSupport.hs 495.3894011776 608.6767273514 119.2089767804 342.6814533182
ellCheck/Data.hs 614.5983779580 3.6849863129 12.1097655816 947.6731943567
ellCheck/Formatter/CheckStyle.hs 626.7081435396 3.6849863129 39.2178646817 220.1393822585
ellCheck/Formatter/Format.hs 626.7081435396 223.8243685714 39.2178646817 177.1853564520
ellCheck/Formatter/GCC.hs 626.7081435396 401.0097250234 39.2178646817 144.9698370971
ellCheck/Formatter/JSON.hs 626.7081435396 545.9795621204 39.2178646817 161.0775967745
ellCheck/Formatter/TTY.hs 626.7081435396 707.0571588949 39.2178646817 244.3010217747
ellCheck/Interface.hs 665.9260082213 3.6849863129 12.8874569492 947.6731943567
ellCheck/Parser.hs 678.8134651705 3.6849863129 312.2986334852 947.6731943567
ellCheck/Regex.hs 991.1120986557 3.6849863129 8.8879013443 947.6731943567
ickrun 0.0000000000 987.5763318593 1000.0000000000 0.5264266161
icktest 0.0000000000 988.1027584755 1000.0000000000 2.3162771110
ravis.yml 0.0000000000 990.4190355864 1000.0000000000 2.2109917877
st/shellcheck.hs 0.0000000000 992.6300273742 1000.0000000000 2.5268477574
tup.hs 0.0000000000 995.1568751316 1000.0000000000 3.7902716361
xtnumber 0.0000000000 998.9471467677 1000.0000000000 1.0528532323

ack.yaml 0.0000000000 0.0000000000 1000.0000000000 3.6722274683
ellcheck.hs 0.0000000000 951.5265974189 1000.0000000000 36.0927499738
ellCheck/Analytics.hs 85.2335620987 3.6722274683 303.2986495462 947.8543699507
ellCheck/Analyzer.hs 388.5322116449 3.6722274683 4.9811822006 947.8543699507
ellCheck/AnalyzerLib.hs 393.5133938455 3.6722274683 80.8058445871 947.8543699507
ellCheck/AST.hs 0.0000000000 3.6722274683 42.6167810494 947.8543699507
ellCheck/ASTLib.hs 42.6167810494 3.6722274683 42.6167810494 947.8543699507
ellCheck/Checker.hs 474.3192384326 3.6722274683 20.1461146779 947.8543699507
ellCheck/Checks/Commands.hs 494.4653531105 3.6722274683 118.7735222493 605.1074029974
ellCheck/Checks/ShellSupport.hs 494.4653531105 608.7796304657 118.7735222493 342.7469669533
ellCheck/Data.hs 613.2388753598 3.6722274683 12.0655302192 947.8543699507
ellCheck/Formatter/CheckStyle.hs 625.3044055789 3.6722274683 39.0746070401 220.1814683738
ellCheck/Formatter/Format.hs 625.3044055789 223.8536958421 39.0746070401 177.2192306423
ellCheck/Formatter/GCC.hs 625.3044055789 401.0729264844 39.0746070401 144.9975523437
ellCheck/Formatter/JSON.hs 625.3044055789 546.0704788281 39.0746070401 161.1083914930
ellCheck/Formatter/TTY.hs 625.3044055789 707.1788703212 39.0746070401 244.3477270978
ellCheck/Interface.hs 664.3790126190 3.6722274683 12.8403807837 947.8543699507
ellCheck/Parser.hs 677.2193934027 3.6722274683 313.9251715741 947.8543699507
ellCheck/Regex.hs 991.1445649768 3.6722274683 8.8554350232 947.8543699507
ickrun 0.0000000000 987.6193473927 1000.0000000000 0.5246039240
icktest 0.0000000000 988.1439513168 1000.0000000000 2.3082572658
ravis.yml 0.0000000000 990.4522085825 1000.0000000000 2.2033364810
st/shellcheck.hs 0.0000000000 992.6555450635 1000.0000000000 2.5180988354
tup.hs 0.0000000000 995.1736438989 1000.0000000000 3.7771482531
xtnumber 0.0000000000 998.9507921519 1000.0000000000 1.0492078481

ack.yaml 0.0000000000 0.0000000000 1000.0000000000 3.6714570440
ellcheck.hs 0.0000000000 951.6416657925 1000.0000000000 35.9802790307
ellCheck/Analytics.hs 85.3159234259 3.6714570440 303.3086201173 947.9702087486
ellCheck/Analyzer.hs 388.6245435432 3.6714570440 4.9795286046 947.9702087486
ellCheck/AnalyzerLib.hs 393.6040721478 3.6714570440 80.4470510125 947.9702087486
ellCheck/AST.hs 0.0000000000 3.6714570440 42.6026336174 947.9702087486
ellCheck/ASTLib.hs 42.6026336174 3.6714570440 42.7132898086 947.9702087486
ellCheck/Checker.hs 474.0511231603 3.6714570440 20.1394268009 947.9702087486
ellCheck/Checks/Commands.hs 494.1905499613 3.6714570440 118.7340931725 605.1813541405
ellCheck/Checks/ShellSupport.hs 494.1905499613 608.8528111845 118.7340931725 342.7888546081
ellCheck/Data.hs 612.9246431338 3.6714570440 12.0615248423 947.9702087486
ellCheck/Formatter/CheckStyle.hs 624.9861679761 3.6714570440 39.0616354985 220.2083771031
ellCheck/Formatter/Format.hs 624.9861679761 223.8798341470 39.0616354985 177.2408888878
ellCheck/Formatter/GCC.hs 624.9861679761 401.1207230348 39.0616354985 145.0152727264
ellCheck/Formatter/JSON.hs 624.9861679761 546.1359957613 39.0616354985 161.1280808071
ellCheck/Formatter/TTY.hs 624.9861679761 707.2640765684 39.0616354985 244.3775892241
ellCheck/Interface.hs 664.0478034746 3.6714570440 12.8361181808 947.9702087486
ellCheck/Parser.hs 676.8839216554 3.6714570440 314.2635830475 947.9702087486
ellCheck/Regex.hs 991.1475047029 3.6714570440 8.8524952971 947.9702087486
ickrun 0.0000000000 987.6219448232 1000.0000000000 0.5244938634
icktest 0.0000000000 988.1464386867 1000.0000000000 2.3077729991
ravis.yml 0.0000000000 990.4542116857 1000.0000000000 2.2028742264
st/shellcheck.hs 0.0000000000 992.6570859121 1000.0000000000 2.5175705444
tup.hs 0.0000000000 995.1746564565 1000.0000000000 3.7763558166
xtnumber 0.0000000000 998.9510122732 1000.0000000000 1.0489877268

ack.yaml 0.0000000000 0.0000000000 1000.0000000000 3.5945363048
ellcheck.hs 0.0000000000 952.6548218137 1000.0000000000 35.2264557872
ellCheck/Analytics.hs 83.5407423439 3.5945363048 306.4603397901 949.0602855089
ellCheck/Analyzer.hs 390.0010821340 3.5945363048 4.8696028568 949.0602855089
ellCheck/AnalyzerLib.hs 394.8706849908 3.5945363048 82.3503949789 949.0602855089
ellCheck/AST.hs 0.0000000000 3.5945363048 41.7703711720 949.0602855089
ellCheck/ASTLib.hs 41.7703711720 3.5945363048 41.7703711720 949.0602855089
ellCheck/Checker.hs 477.2210799697 3.5945363048 19.6948382210 949.0602855089
ellCheck/Checks/Commands.hs 496.9159181907 3.5945363048 119.5758034845 588.3314892069
ellCheck/Checks/ShellSupport.hs 496.9159181907 591.9260255117 119.5758034845 360.7287963020
ellCheck/Data.hs 616.4917216751 3.5945363048 11.7952602532 949.0602855089
ellCheck/Formatter/CheckStyle.hs 628.2869819284 3.5945363048 38.1993290769 220.4615960672
ellCheck/Formatter/Format.hs 628.2869819284 224.0561323720 38.1993290769 177.4446992736
ellCheck/Formatter/GCC.hs 628.2869819284 401.5008316457 38.1993290769 145.1820266784
ellCheck/Formatter/JSON.hs 628.2869819284 546.6828583241 38.1993290769 161.3133629760
ellCheck/Formatter/TTY.hs 628.2869819284 707.9962213001 38.1993290769 244.6586005136
ellCheck/Interface.hs 666.4863110053 3.5945363048 12.6609674278 949.0602855089
ellCheck/Parser.hs 679.1472784331 3.5945363048 312.1956498214 949.0602855089
ellCheck/Regex.hs 991.3429282545 3.5945363048 8.6570717455 949.0602855089
ickrun 0.0000000000 987.8812776009 1000.0000000000 0.5135051864
icktest 0.0000000000 988.3947827873 1000.0000000000 2.2594228202
ravis.yml 0.0000000000 990.6542056075 1000.0000000000 2.1567217829
st/shellcheck.hs 0.0000000000 992.8109273904 1000.0000000000 2.4648248947
tup.hs 0.0000000000 995.2757522851 1000.0000000000 3.6972373421
xtnumber 0.0000000000 998.9729896272 1000.0000000000 1.0270103728

