new coffee 20
Africa/NorthernAfrica/DZA 0.0000000000 0.0000000000 1000.0000000000 11.5501780689
Africa/NorthernAfrica/EGY 0.0000000000 11.5501780689 1000.0000000000 1.2457108680
Africa/NorthernAfrica/MAR 0.0000000000 12.7958889369 1000.0000000000 3.7146154629
Africa/NorthernAfrica/TUN 0.0000000000 16.5105043998 1000.0000000000 1.3977590954
America/NorthernAmerica/CAN 0.0000000000 17.9082634952 960.2941911733 37.2954689658
America/NorthernAmerica/MEX 0.0000000000 55.2037324610 960.2941911733 0.3353952331
America/NorthernAmerica/USA 0.0000000000 55.5391276941 960.2941911733 237.2750794708
America/SouthernAmerica/ARG 960.2941911733 17.9082634952 39.7058088267 214.0332587780
America/SouthernAmerica/CHL 960.2941911733 231.9415222733 39.7058088267 60.8601525434
America/SouthernAmerica/COL 960.2941911733 292.8016748166 39.7058088267 0.0125323483
Asia/EasternAsia/CHN 0.0000000000 292.8142071649 921.7581100868 1.5782202341
Asia/EasternAsia/JPN 0.0000000000 294.3924273990 921.7581100868 85.6107162229
Asia/EasternAsia/KOR 0.0000000000 380.0031436219 921.7581100868 13.4458915798
Asia/SouthEasternAsia/IDN 921.7581100868 292.8142071649 53.2423696649 0.9161709711
Asia/SouthEasternAsia/MYS 921.7581100868 293.7303781360 53.2423696649 48.2350479578
Asia/SouthEasternAsia/PHL 921.7581100868 341.9654260939 53.2423696649 0.2600973721
Asia/SouthEasternAsia/SGP 921.7581100868 342.2255234660 53.2423696649 51.1450094984
Asia/SouthEasternAsia/THA 921.7581100868 393.3705329644 53.2423696649 0.0785022373
Asia/WesternAsia/IND 975.0004797517 292.8142071649 24.9995202483 3.5604093609
Asia/WesternAsia/TUR 975.0004797517 296.3746165258 24.9995202483 97.0744186759
AustraliaandNewZealand/NZL 0.0000000000 393.4490352017 1000.0000000000 1.9236725142
Europe/EasternEurope/BGR 0.0000000000 395.3727077159 65.3144394072 5.9382250714
Europe/EasternEurope/CZE 0.0000000000 401.3109327873 65.3144394072 99.1204307254
Europe/EasternEurope/HUN 0.0000000000 500.4313635127 65.3144394072 85.2484055117
Europe/EasternEurope/POL 0.0000000000 585.6797690245 65.3144394072 294.5354825809
Europe/EasternEurope/ROU 0.0000000000 880.2152516053 65.3144394072 23.1824250147
Europe/EasternEurope/RUS 0.0000000000 903.3976766200 65.3144394072 42.9144261934
Europe/EasternEurope/SVK 0.0000000000 946.3121028134 65.3144394072 48.0431891882
Europe/EasternEurope/UKR 0.0000000000 994.3552920015 65.3144394072 5.6447079985
Europe/NorthernEurope/DNK 65.3144394072 395.3727077159 166.6771833582 78.4053274330
Europe/NorthernEurope/EST 65.3144394072 473.7780351489 166.6771833582 10.1559004026
Europe/NorthernEurope/FIN 65.3144394072 483.9339355516 166.6771833582 96.3388385865
Europe/NorthernEurope/GBR 65.3144394072 580.2727741381 166.6771833582 195.9937486284
Europe/NorthernEurope/IRL 65.3144394072 776.2665227665 166.6771833582 6.6220563418
Europe/NorthernEurope/LTU 65.3144394072 782.8885791084 166.6771833582 9.7519126566
Europe/NorthernEurope/LVA 65.3144394072 792.6404917650 166.6771833582 4.4556648568
Europe/NorthernEurope/NOR 65.3144394072 797.0961566218 166.6771833582 55.6144383082
Europe/NorthernEurope/SWE 65.3144394072 852.7105949299 166.6771833582 147.2894050701
Europe/SouthernEurope/ESP 231.9916227654 395.3727077159 225.7121318391 178.8179760026
Europe/SouthernEurope/GRC 231.9916227654 574.1906837185 225.7121318391 30.9460293434
Europe/SouthernEurope/HRV 231.9916227654 605.1367130619 225.7121318391 19.7919189403
Europe/SouthernEurope/ITA 231.9916227654 624.9286320022 225.7121318391 317.8662910705
Europe/SouthernEurope/PRT 231.9916227654 942.7949230727 225.7121318391 46.2140663571
Europe/SouthernEurope/SVN 231.9916227654 989.0089894298 225.7121318391 10.9910105702
Europe/WesternEurope/AUS 457.7037546044 395.3727077159 542.2962453956 29.1725186739
Europe/WesternEurope/CHE 457.7037546044 424.5452263898 542.2962453956 29.6055075298
Europe/WesternEurope/DEU 457.7037546044 454.1507339196 542.2962453956 311.1130621285
Europe/WesternEurope/FRA 457.7037546044 765.2637960481 542.2962453956 151.5271434728
Europe/WesternEurope/NLD 457.7037546044 916.7909395210 542.2962453956 83.2090604790

Africa/NorthernAfrica/DZA 0.0000000000 0.0000000000 1000.0000000000 8.0386977257
Africa/NorthernAfrica/EGY 0.0000000000 8.0386977257 1000.0000000000 0.8674378292
Africa/NorthernAfrica/MAR 0.0000000000 8.9061355549 1000.0000000000 3.1031107241
Africa/NorthernAfrica/TUN 0.0000000000 12.0092462790 1000.0000000000 1.4022879910
America/NorthernAmerica/CAN 0.0000000000 13.4115342701 970.3491256532 37.6197031798
America/NorthernAmerica/MEX 0.0000000000 51.0312374499 970.3491256532 1.8799587781
America/NorthernAmerica/USA 0.0000000000 52.9111962280 970.3491256532 268.4553617031
America/SouthernAmerica/ARG 970.3491256532 13.4115342701 29.6508743468 244.2020645414
America/SouthernAmerica/CHL 970.3491256532 257.6135988115 29.6508743468 63.6679926631
America/SouthernAmerica/COL 970.3491256532 321.2815914746 29.6508743468 0.0849664566
Asia/EasternAsia/CHN 0.0000000000 321.3665579312 901.8645115190 0.2008270126
Asia/EasternAsia/JPN 0.0000000000 321.5673849437 901.8645115190 82.8062729562
Asia/EasternAsia/KOR 0.0000000000 404.3736578999 901.8645115190 15.7289382997
Asia/SouthEasternAsia/IDN 901.8645115190 321.3665579312 77.4823318160 12.2409449483
Asia/SouthEasternAsia/MYS 901.8645115190 333.6075028795 77.4823318160 28.0784526617
Asia/SouthEasternAsia/PHL 901.8645115190 361.6859555412 77.4823318160 6.0608163633
Asia/SouthEasternAsia/SGP 901.8645115190 367.7467719045 77.4823318160 52.2499790462
Asia/SouthEasternAsia/THA 901.8645115190 419.9967509507 77.4823318160 0.1058452489
Asia/WesternAsia/IND 979.3468433350 321.3665579312 20.6531566650 10.7581638161
Asia/WesternAsia/TUR 979.3468433350 332.1247217473 20.6531566650 87.9778744524
AustraliaandNewZealand/NZL 0.0000000000 420.1025961996 1000.0000000000 1.9031440798
Europe/EasternEurope/BGR 0.0000000000 422.0057402795 57.5294386389 6.8955872901
Europe/EasternEurope/CZE 0.0000000000 428.9013275696 57.5294386389 93.3359300283
Europe/EasternEurope/HUN 0.0000000000 522.2372575979 57.5294386389 76.5076978514
Europe/EasternEurope/POL 0.0000000000 598.7449554492 57.5294386389 298.5755736934
Europe/EasternEurope/ROU 0.0000000000 897.3205291427 57.5294386389 21.1723217645
Europe/EasternEurope/RUS 0.0000000000 918.4928509072 57.5294386389 29.0410499396
Europe/EasternEurope/SVK 0.0000000000 947.5339008467 57.5294386389 45.9974682500
Europe/EasternEurope/UKR 0.0000000000 993.5313690967 57.5294386389 6.4686309033
Europe/NorthernEurope/DNK 57.5294386389 422.0057402795 183.0195343406 68.8642177050
Europe/NorthernEurope/EST 57.5294386389 490.8699579844 183.0195343406 10.0843565480
Europe/NorthernEurope/FIN 57.5294386389 500.9543145324 183.0195343406 98.3465948789
Europe/NorthernEurope/GBR 57.5294386389 599.3009094112 183.0195343406 178.7920859570
Europe/NorthernEurope/IRL 57.5294386389 778.0929953682 183.0195343406 6.3836288439
Europe/NorthernEurope/LTU 57.5294386389 784.4766242122 183.0195343406 9.5557463153
Europe/NorthernEurope/LVA 57.5294386389 794.0323705275 183.0195343406 5.4572182339
Europe/NorthernEurope/NOR 57.5294386389 799.4895887614 183.0195343406 54.0529991592
Europe/NorthernEurope/SWE 57.5294386389 853.5425879206 183.0195343406 146.4574120794
Europe/SouthernEurope/ESP 240.5489729795 422.0057402795 207.0706831625 180.7297714445
Europe/SouthernEurope/GRC 240.5489729795 602.7355117240 207.0706831625 29.6657572408
Europe/SouthernEurope/HRV 240.5489729795 632.4012689647 207.0706831625 21.9550991029
Europe/SouthernEurope/ITA 240.5489729795 654.3563680676 207.0706831625 294.6533460337
Europe/SouthernEurope/PRT 240.5489729795 949.0097141013 207.0706831625 41.4173982471
Europe/SouthernEurope/SVN 240.5489729795 990.4271123484 207.0706831625 9.5728876516
Europe/WesternEurope/AUS 447.6196561420 422.0057402795 552.3803438580 30.4120409669
Europe/WesternEurope/CHE 447.6196561420 452.4177812463 552.3803438580 23.1533465004
Europe/WesternEurope/DEU 447.6196561420 475.5711277467 552.3803438580 319.0330772995
Europe/WesternEurope/FRA 447.6196561420 794.6042050462 552.3803438580 137.0313022346
Europe/WesternEurope/NLD 447.6196561420 931.6355072808 552.3803438580 68.3644927192

Africa/NorthernAfrica/DZA 0.0000000000 0.0000000000 1000.0000000000 12.0491698670
Africa/NorthernAfrica/EGY 0.0000000000 12.0491698670 1000.0000000000 0.8829335178
Africa/NorthernAfrica/MAR 0.0000000000 12.9321033848 1000.0000000000 3.7486074720
Africa/NorthernAfrica/TUN 0.0000000000 16.6807108568 1000.0000000000 1.3307090372
America/NorthernAmerica/CAN 0.0000000000 18.0114198940 972.1639885955 44.3657461437
America/NorthernAmerica/MEX 0.0000000000 62.3771660377 972.1639885955 1.4174580570
America/NorthernAmerica/USA 0.0000000000 63.7946240946 972.1639885955 257.0014935950
America/SouthernAmerica/ARG 972.1639885955 18.0114198940 27.8360114045 241.2774820373
America/SouthernAmerica/CHL 972.1639885955 259.2889019313 27.8360114045 61.4466576526
America/SouthernAmerica/COL 972.1639885955 320.7355595839 27.8360114045 0.0605581057
Asia/EasternAsia/CHN 0.0000000000 320.7961176896 910.6830081889 0.9243245234
Asia/EasternAsia/JPN 0.0000000000 321.7204422131 910.6830081889 86.2882647165
Asia/EasternAsia/KOR 0.0000000000 408.0087069296 910.6830081889 13.0495104668
Asia/SouthEasternAsia/IDN 910.6830081889 320.7961176896 65.7846288706 4.7551697923
Asia/SouthEasternAsia/MYS 910.6830081889 325.5512874819 65.7846288706 27.3864352397
Asia/SouthEasternAsia/PHL 910.6830081889 352.9377227216 65.7846288706 22.4430209181
Asia/SouthEasternAsia/SGP 910.6830081889 375.3807436397 65.7846288706 43.0594856102
Asia/SouthEasternAsia/THA 910.6830081889 418.4402292499 65.7846288706 2.6179881465
Asia/WesternAsia/IND 976.4676370595 320.7961176896 23.5323629405 10.9115544259
Asia/WesternAsia/TUR 976.4676370595 331.7076721155 23.5323629405 89.3505452809
AustraliaandNewZealand/NZL 0.0000000000 421.0582173964 1000.0000000000 2.0572305650
Europe/EasternEurope/BGR 0.0000000000 423.1154479613 61.7033779034 9.8901051473
Europe/EasternEurope/CZE 0.0000000000 433.0055531087 61.7033779034 82.3981031608
Europe/EasternEurope/HUN 0.0000000000 515.4036562695 61.7033779034 85.3298159743
Europe/EasternEurope/POL 0.0000000000 600.7334722438 61.7033779034 282.5235905788
Europe/EasternEurope/ROU 0.0000000000 883.2570628226 61.7033779034 43.7697882288
Europe/EasternEurope/RUS 0.0000000000 927.0268510513 61.7033779034 12.3480808056
Europe/EasternEurope/SVK 0.0000000000 939.3749318569 61.7033779034 47.3066496635
Europe/EasternEurope/UKR 0.0000000000 986.6815815204 61.7033779034 13.3184184796
Europe/NorthernEurope/DNK 61.7033779034 423.1154479613 182.4695861111 70.7025218900
Europe/NorthernEurope/EST 61.7033779034 493.8179698513 182.4695861111 10.2544631311
Europe/NorthernEurope/FIN 61.7033779034 504.0724329824 182.4695861111 95.3502724782
Europe/NorthernEurope/GBR 61.7033779034 599.4227054606 182.4695861111 195.8009295070
Europe/NorthernEurope/IRL 61.7033779034 795.2236349676 182.4695861111 6.0206296285
Europe/NorthernEurope/LTU 61.7033779034 801.2442645962 182.4695861111 13.7580025000
Europe/NorthernEurope/LVA 61.7033779034 815.0022670962 182.4695861111 7.0310835050
Europe/NorthernEurope/NOR 61.7033779034 822.0333506013 182.4695861111 51.7353871037
Europe/NorthernEurope/SWE 61.7033779034 873.7687377050 182.4695861111 126.2312622950
Europe/SouthernEurope/ESP 244.1729640145 423.1154479613 219.9418892667 175.1866779168
Europe/SouthernEurope/GRC 244.1729640145 598.3021258781 219.9418892667 22.4496377284
Europe/SouthernEurope/HRV 244.1729640145 620.7517636065 219.9418892667 19.2898062715
Europe/SouthernEurope/ITA 244.1729640145 640.0415698780 219.9418892667 308.3038676881
Europe/SouthernEurope/PRT 244.1729640145 948.3454375661 219.9418892667 41.9211702192
Europe/SouthernEurope/SVN 244.1729640145 990.2666077853 219.9418892667 9.7333922147
Europe/WesternEurope/AUS 464.1148532812 423.1154479613 535.8851467188 32.8148664563
Europe/WesternEurope/CHE 464.1148532812 455.9303144176 535.8851467188 30.3951266606
Europe/WesternEurope/DEU 464.1148532812 486.3254410782 535.8851467188 321.8504100726
Europe/WesternEurope/FRA 464.1148532812 808.1758511508 535.8851467188 140.9702138361
Europe/WesternEurope/NLD 464.1148532812 949.1460649869 535.8851467188 50.8539350131

Africa/NorthernAfrica/DZA 0.0000000000 0.0000000000 1000.0000000000 13.9482676105
Africa/NorthernAfrica/EGY 0.0000000000 13.9482676105 1000.0000000000 1.1357514369
Africa/NorthernAfrica/MAR 0.0000000000 15.0840190474 1000.0000000000 3.8808146088
Africa/NorthernAfrica/TUN 0.0000000000 18.9648336561 1000.0000000000 1.4284399572
America/NorthernAmerica/CAN 0.0000000000 20.3932736134 977.2069462397 44.6920022620
America/NorthernAmerica/MEX 0.0000000000 65.0852758753 977.2069462397 1.4220001623
America/NorthernAmerica/USA 0.0000000000 66.5072760376 977.2069462397 267.1605195807
America/SouthernAmerica/ARG 977.2069462397 20.3932736134 22.7930537603 245.6120492892
America/SouthernAmerica/CHL 977.2069462397 266.0053229026 22.7930537603 67.5318709447
America/SouthernAmerica/COL 977.2069462397 333.5371938472 22.7930537603 0.1306017711
Asia/EasternAsia/CHN 0.0000000000 333.6677956183 918.0355352499 0.8229212234
Asia/EasternAsia/JPN 0.0000000000 334.4907168417 918.0355352499 87.2520052029
Asia/EasternAsia/KOR 0.0000000000 421.7427220446 918.0355352499 12.6651991267
Asia/SouthEasternAsia/IDN 918.0355352499 333.6677956183 64.2737830484 4.7670868346
Asia/SouthEasternAsia/MYS 918.0355352499 338.4348824530 64.2737830484 37.0280901358
Asia/SouthEasternAsia/PHL 918.0355352499 375.4629725887 64.2737830484 11.6472579273
Asia/SouthEasternAsia/SGP 918.0355352499 387.1102305161 64.2737830484 46.8369072081
Asia/SouthEasternAsia/THA 918.0355352499 433.9471377242 64.2737830484 0.4607834471
Asia/WesternAsia/IND 982.3093182983 333.6677956183 17.6906817017 15.5087705218
Asia/WesternAsia/TUR 982.3093182983 349.1765661401 17.6906817017 85.2313550312
AustraliaandNewZealand/NZL 0.0000000000 434.4079211713 1000.0000000000 1.6529113724
Europe/EasternEurope/BGR 0.0000000000 436.0608325438 73.5273846406 13.3287299446
Europe/EasternEurope/CZE 0.0000000000 449.3895624883 73.5273846406 68.7517534144
Europe/EasternEurope/HUN 0.0000000000 518.1413159028 73.5273846406 87.3432607805
Europe/EasternEurope/POL 0.0000000000 605.4845766833 73.5273846406 254.5252681460
Europe/EasternEurope/ROU 0.0000000000 860.0098448292 73.5273846406 71.9267759959
Europe/EasternEurope/RUS 0.0000000000 931.9366208252 73.5273846406 17.0461829497
Europe/EasternEurope/SVK 0.0000000000 948.9828037749 73.5273846406 37.7067261297
Europe/EasternEurope/UKR 0.0000000000 986.6895299047 73.5273846406 13.3104700953
Europe/NorthernEurope/DNK 73.5273846406 436.0608325438 173.3260982044 71.8467566207
Europe/NorthernEurope/EST 73.5273846406 507.9075891644 173.3260982044 11.6532420265
Europe/NorthernEurope/FIN 73.5273846406 519.5608311910 173.3260982044 90.3986922190
Europe/NorthernEurope/GBR 73.5273846406 609.9595234099 173.3260982044 181.6354307315
Europe/NorthernEurope/IRL 73.5273846406 791.5949541414 173.3260982044 10.5665353847
Europe/NorthernEurope/LTU 73.5273846406 802.1614895262 173.3260982044 15.7862680431
Europe/NorthernEurope/LVA 73.5273846406 817.9477575692 173.3260982044 9.4524041181
Europe/NorthernEurope/NOR 73.5273846406 827.4001616874 173.3260982044 53.6705514386
Europe/NorthernEurope/SWE 73.5273846406 881.0707131260 173.3260982044 118.9292868740
Europe/SouthernEurope/ESP 246.8534828450 436.0608325438 222.6639133648 174.9192940861
Europe/SouthernEurope/GRC 246.8534828450 610.9801266299 222.6639133648 21.0637973301
Europe/SouthernEurope/HRV 246.8534828450 632.0439239600 222.6639133648 18.3706286566
Europe/SouthernEurope/ITA 246.8534828450 650.4145526166 222.6639133648 294.8196376424
Europe/SouthernEurope/PRT 246.8534828450 945.2341902590 222.6639133648 44.5192157366
Europe/SouthernEurope/SVN 246.8534828450 989.7534059956 222.6639133648 10.2465940044
Europe/WesternEurope/AUS 469.5173962098 436.0608325438 530.4826037902 33.8536452090
Europe/WesternEurope/CHE 469.5173962098 469.9144777528 530.4826037902 29.8357234984
Europe/WesternEurope/DEU 469.5173962098 499.7502012512 530.4826037902 308.6386315585
Europe/WesternEurope/FRA 469.5173962098 808.3888328097 530.4826037902 134.1062041527
Europe/WesternEurope/NLD 469.5173962098 942.4950369624 530.4826037902 57.5049630376

Africa/NorthernAfrica/DZA 0.0000000000 0.0000000000 1000.0000000000 12.9599606894
Africa/NorthernAfrica/EGY 0.0000000000 12.9599606894 1000.0000000000 0.8451396418
Africa/NorthernAfrica/MAR 0.0000000000 13.8051003311 1000.0000000000 4.0003855562
Africa/NorthernAfrica/TUN 0.0000000000 17.8054858873 1000.0000000000 1.4340015744
America/NorthernAmerica/CAN 0.0000000000 19.2394874617 976.6218564762 45.7708036501
America/NorthernAmerica/MEX 0.0000000000 65.0102911118 976.6218564762 0.9837980058
America/NorthernAmerica/USA 0.0000000000 65.9940891176 976.6218564762 282.8857817068
America/SouthernAmerica/ARG 976.6218564762 19.2394874617 23.3781435238 250.6238394730
America/SouthernAmerica/CHL 976.6218564762 269.8633269347 23.3781435238 74.8394616620
America/SouthernAmerica/COL 976.6218564762 344.7027885967 23.3781435238 4.1770822277
Asia/EasternAsia/CHN 0.0000000000 348.8798708244 914.5675754073 0.7086221788
Asia/EasternAsia/JPN 0.0000000000 349.5884930032 914.5675754073 92.8213597508
Asia/EasternAsia/KOR 0.0000000000 442.4098527539 914.5675754073 12.8995694126
Asia/SouthEasternAsia/IDN 914.5675754073 348.8798708244 62.3308725026 18.7503128682
Asia/SouthEasternAsia/MYS 914.5675754073 367.6301836926 62.3308725026 39.4293800851
Asia/SouthEasternAsia/PHL 914.5675754073 407.0595637777 62.3308725026 20.8171974804
Asia/SouthEasternAsia/SGP 914.5675754073 427.8767612581 62.3308725026 26.5041626856
Asia/SouthEasternAsia/THA 914.5675754073 454.3809239437 62.3308725026 0.9284982228
Asia/WesternAsia/IND 976.8984479099 348.8798708244 23.1015520901 20.9518682231
Asia/WesternAsia/TUR 976.8984479099 369.8317390475 23.1015520901 85.4776831190
AustraliaandNewZealand/NZL 0.0000000000 455.3094221665 1000.0000000000 1.5374638161
Europe/EasternEurope/BGR 0.0000000000 456.8468859826 73.7456831087 18.1645412932
Europe/EasternEurope/CZE 0.0000000000 475.0114272758 73.7456831087 59.4686178660
Europe/EasternEurope/HUN 0.0000000000 534.4800451418 73.7456831087 72.7783692510
Europe/EasternEurope/POL 0.0000000000 607.2584143929 73.7456831087 221.4483928134
Europe/EasternEurope/ROU 0.0000000000 828.7068072063 73.7456831087 76.2129339568
Europe/EasternEurope/RUS 0.0000000000 904.9197411630 73.7456831087 43.9174931525
Europe/EasternEurope/SVK 0.0000000000 948.8372343155 73.7456831087 35.7566575047
Europe/EasternEurope/UKR 0.0000000000 984.5938918202 73.7456831087 15.4061081798
Europe/NorthernEurope/DNK 73.7456831087 456.8468859826 171.4179902286 71.1631222353
Europe/NorthernEurope/EST 73.7456831087 528.0100082179 171.4179902286 11.6092662189
Europe/NorthernEurope/FIN 73.7456831087 539.6192744368 171.4179902286 85.5544835050
Europe/NorthernEurope/GBR 73.7456831087 625.1737579418 171.4179902286 178.0598951218
Europe/NorthernEurope/IRL 73.7456831087 803.2336530636 171.4179902286 9.6842066557
Europe/NorthernEurope/LTU 73.7456831087 812.9178597193 171.4179902286 17.2513590747
Europe/NorthernEurope/LVA 73.7456831087 830.1692187941 171.4179902286 12.5184164773
Europe/NorthernEurope/NOR 73.7456831087 842.6876352714 171.4179902286 46.8801336936
Europe/NorthernEurope/SWE 73.7456831087 889.5677689650 171.4179902286 110.4322310350
Europe/SouthernEurope/ESP 245.1636733373 456.8468859826 225.0275733230 151.5803691427
Europe/SouthernEurope/GRC 245.1636733373 608.4272551253 225.0275733230 24.9814383688
Europe/SouthernEurope/HRV 245.1636733373 633.4086934941 225.0275733230 17.1512092619
Europe/SouthernEurope/ITA 245.1636733373 650.5599027560 225.0275733230 294.8449784661
Europe/SouthernEurope/PRT 245.1636733373 945.4048812221 225.0275733230 44.7492534868
Europe/SouthernEurope/SVN 245.1636733373 990.1541347089 225.0275733230 9.8458652911
Europe/WesternEurope/AUS 470.1912466602 456.8468859826 529.8087533398 25.1598157496
Europe/WesternEurope/CHE 470.1912466602 482.0067017322 529.8087533398 31.0165342179
Europe/WesternEurope/DEU 470.1912466602 513.0232359501 529.8087533398 293.0405070006
Europe/WesternEurope/FRA 470.1912466602 806.0637429507 529.8087533398 126.2227258578
Europe/WesternEurope/NLD 470.1912466602 932.2864688085 529.8087533398 67.7135311915

Africa/NorthernAfrica/DZA 0.0000000000 0.0000000000 1000.0000000000 9.4786885399
Africa/NorthernAfrica/EGY 0.0000000000 9.4786885399 1000.0000000000 0.6940650881
Africa/NorthernAfrica/MAR 0.0000000000 10.1727536280 1000.0000000000 3.5150337825
Africa/NorthernAfrica/TUN 0.0000000000 13.6877874105 1000.0000000000 2.1408150462
America/NorthernAmerica/CAN 0.0000000000 15.8286024567 974.9751871564 53.5565103482
America/NorthernAmerica/MEX 0.0000000000 69.3851128049 974.9751871564 2.2524085677
America/NorthernAmerica/USA 0.0000000000 71.6375213726 974.9751871564 242.9514241162
America/SouthernAmerica/ARG 974.9751871564 15.8286024567 25.0248128436 188.0452160678
America/SouthernAmerica/CHL 974.9751871564 203.8738185245 25.0248128436 86.8833451022
America/SouthernAmerica/COL 974.9751871564 290.7571636267 25.0248128436 23.8317818622
Asia/EasternAsia/CHN 0.0000000000 314.5889454888 918.3721035498 1.1421340780
Asia/EasternAsia/JPN 0.0000000000 315.7310795669 918.3721035498 91.7681270450
Asia/EasternAsia/KOR 0.0000000000 407.4992066118 918.3721035498 11.5074523866
Asia/SouthEasternAsia/IDN 918.3721035498 314.5889454888 60.2593681867 12.3447403951
Asia/SouthEasternAsia/MYS 918.3721035498 326.9336858840 60.2593681867 43.4025570202
Asia/SouthEasternAsia/PHL 918.3721035498 370.3362429042 60.2593681867 19.6441648487
Asia/SouthEasternAsia/SGP 918.3721035498 389.9804077530 60.2593681867 27.2107818499
Asia/SouthEasternAsia/THA 918.3721035498 417.1911896029 60.2593681867 1.8154693955
Asia/WesternAsia/IND 978.6314717364 314.5889454888 21.3685282636 13.1199762116
Asia/WesternAsia/TUR 978.6314717364 327.7089217005 21.3685282636 91.2977372980
AustraliaandNewZealand/NZL 0.0000000000 419.0066589984 1000.0000000000 2.0881608622
Europe/EasternEurope/BGR 0.0000000000 421.0948198606 77.6215705702 25.7742187739
Europe/EasternEurope/CZE 0.0000000000 446.8690386345 77.6215705702 64.0686120898
Europe/EasternEurope/HUN 0.0000000000 510.9376507243 77.6215705702 70.5684158296
Europe/EasternEurope/POL 0.0000000000 581.5060665539 77.6215705702 197.8357874239
Europe/EasternEurope/ROU 0.0000000000 779.3418539778 77.6215705702 95.5786704464
Europe/EasternEurope/RUS 0.0000000000 874.9205244242 77.6215705702 59.5164555461
Europe/EasternEurope/SVK 0.0000000000 934.4369799704 77.6215705702 35.8286482932
Europe/EasternEurope/UKR 0.0000000000 970.2656282636 77.6215705702 29.7343717364
Europe/NorthernEurope/DNK 77.6215705702 421.0948198606 168.4332914938 75.3135019249
Europe/NorthernEurope/EST 77.6215705702 496.4083217855 168.4332914938 15.4823787107
Europe/NorthernEurope/FIN 77.6215705702 511.8907004962 168.4332914938 87.7442962704
Europe/NorthernEurope/GBR 77.6215705702 599.6349967666 168.4332914938 182.2667558946
Europe/NorthernEurope/IRL 77.6215705702 781.9017526612 168.4332914938 13.5160566092
Europe/NorthernEurope/LTU 77.6215705702 795.4178092704 168.4332914938 22.9296747664
Europe/NorthernEurope/LVA 77.6215705702 818.3474840368 168.4332914938 13.8577640833
Europe/NorthernEurope/NOR 77.6215705702 832.2052481201 168.4332914938 48.8728157761
Europe/NorthernEurope/SWE 77.6215705702 881.0780638962 168.4332914938 118.9219361038
Europe/SouthernEurope/ESP 246.0548620640 421.0948198606 225.3194327422 157.1317635323
Europe/SouthernEurope/GRC 246.0548620640 578.2265833929 225.3194327422 28.2571601206
Europe/SouthernEurope/HRV 246.0548620640 606.4837435135 225.3194327422 17.0794209543
Europe/SouthernEurope/ITA 246.0548620640 623.5631644678 225.3194327422 317.0950488933
Europe/SouthernEurope/PRT 246.0548620640 940.6582133611 225.3194327422 48.5418329151
Europe/SouthernEurope/SVN 246.0548620640 989.2000462762 225.3194327422 10.7999537238
Europe/WesternEurope/AUS 471.3742948062 421.0948198606 528.6257051938 34.4968790221
Europe/WesternEurope/CHE 471.3742948062 455.5916988827 528.6257051938 36.3004356307
Europe/WesternEurope/DEU 471.3742948062 491.8921345133 528.6257051938 303.2288837222
Europe/WesternEurope/FRA 471.3742948062 795.1210182355 528.6257051938 136.3104750442
Europe/WesternEurope/NLD 471.3742948062 931.4314932797 528.6257051938 68.5685067203

Africa/NorthernAfrica/DZA 0.0000000000 0.0000000000 1000.0000000000 10.9061844282
Africa/NorthernAfrica/EGY 0.0000000000 10.9061844282 1000.0000000000 0.9927581076
Africa/NorthernAfrica/MAR 0.0000000000 11.8989425358 1000.0000000000 3.7974605115
Africa/NorthernAfrica/TUN 0.0000000000 15.6964030473 1000.0000000000 1.6733028194
America/NorthernAmerica/CAN 0.0000000000 17.3697058667 981.8710360234 50.5571810609
America/NorthernAmerica/MEX 0.0000000000 67.9268869276 981.8710360234 1.4938540030
America/NorthernAmerica/USA 0.0000000000 69.4207409306 981.8710360234 257.4863122403
America/SouthernAmerica/ARG 981.8710360234 17.3697058667 18.1289639766 170.4717225557
America/SouthernAmerica/CHL 981.8710360234 187.8414284224 18.1289639766 98.3769520421
America/SouthernAmerica/COL 981.8710360234 286.2183804645 18.1289639766 40.6886727064
Asia/EasternAsia/CHN 0.0000000000 326.9070531709 895.9789912945 1.4712022353
Asia/EasternAsia/JPN 0.0000000000 328.3782554062 895.9789912945 97.9931235830
Asia/EasternAsia/KOR 0.0000000000 426.3713789892 895.9789912945 12.4246708412
Asia/SouthEasternAsia/IDN 895.9789912945 326.9070531709 83.3858039917 8.3397929049
Asia/SouthEasternAsia/MYS 895.9789912945 335.2468460758 83.3858039917 36.1381007037
Asia/SouthEasternAsia/PHL 895.9789912945 371.3849467795 83.3858039917 31.1419891882
Asia/SouthEasternAsia/SGP 895.9789912945 402.5269359677 83.3858039917 34.8651920967
Asia/SouthEasternAsia/THA 895.9789912945 437.3921280644 83.3858039917 1.4039217660
Asia/WesternAsia/IND 979.3647952863 326.9070531709 20.6352047137 12.5915111177
Asia/WesternAsia/TUR 979.3647952863 339.4985642886 20.6352047137 99.2974855417
AustraliaandNewZealand/NZL 0.0000000000 438.7960498304 1000.0000000000 2.0217905133
Europe/EasternEurope/BGR 0.0000000000 440.8178403437 76.3155018185 25.6358435811
Europe/EasternEurope/CZE 0.0000000000 466.4536839248 76.3155018185 59.9867932044
Europe/EasternEurope/HUN 0.0000000000 526.4404771292 76.3155018185 61.9181885076
Europe/EasternEurope/POL 0.0000000000 588.3586656367 76.3155018185 197.6901097270
Europe/EasternEurope/ROU 0.0000000000 786.0487753637 76.3155018185 84.8804272974
Europe/EasternEurope/RUS 0.0000000000 870.9292026611 76.3155018185 70.3656271041
Europe/EasternEurope/SVK 0.0000000000 941.2948297653 76.3155018185 32.0700250533
Europe/EasternEurope/UKR 0.0000000000 973.3648548185 76.3155018185 26.6351451815
Europe/NorthernEurope/DNK 76.3155018185 440.8178403437 173.2846667185 66.2993557864
Europe/NorthernEurope/EST 76.3155018185 507.1171961301 173.2846667185 17.3527214669
Europe/NorthernEurope/FIN 76.3155018185 524.4699175970 173.2846667185 72.5346558793
Europe/NorthernEurope/GBR 76.3155018185 597.0045734764 173.2846667185 181.6481971063
Europe/NorthernEurope/IRL 76.3155018185 778.6527705826 173.2846667185 14.1257323598
Europe/NorthernEurope/LTU 76.3155018185 792.7785029424 173.2846667185 22.7558313193
Europe/NorthernEurope/LVA 76.3155018185 815.5343342617 173.2846667185 15.2243146831
Europe/NorthernEurope/NOR 76.3155018185 830.7586489448 173.2846667185 47.5929895843
Europe/NorthernEurope/SWE 76.3155018185 878.3516385292 173.2846667185 121.6483614708
Europe/SouthernEurope/ESP 249.6001685370 440.8178403437 211.8491531472 158.7477027670
Europe/SouthernEurope/GRC 249.6001685370 599.5655431107 211.8491531472 31.0624372240
Europe/SouthernEurope/HRV 249.6001685370 630.6279803347 211.8491531472 17.9567727987
Europe/SouthernEurope/ITA 249.6001685370 648.5847531333 211.8491531472 296.6339337402
Europe/SouthernEurope/PRT 249.6001685370 945.2186868735 211.8491531472 43.8417527334
Europe/SouthernEurope/SVN 249.6001685370 989.0604396069 211.8491531472 10.9395603931
Europe/WesternEurope/AUS 461.4493216842 440.8178403437 538.5506783158 30.4239217660
Europe/WesternEurope/CHE 461.4493216842 471.2417621097 538.5506783158 35.1610989890
Europe/WesternEurope/DEU 461.4493216842 506.4028610987 538.5506783158 291.1464086193
Europe/WesternEurope/FRA 461.4493216842 797.5492697180 538.5506783158 138.3105657147
Europe/WesternEurope/NLD 461.4493216842 935.8598354327 538.5506783158 64.1401645673

Africa/NorthernAfrica/DZA 0.0000000000 0.0000000000 1000.0000000000 13.1132426754
Africa/NorthernAfrica/EGY 0.0000000000 13.1132426754 1000.0000000000 0.8605860683
Africa/NorthernAfrica/MAR 0.0000000000 13.9738287437 1000.0000000000 3.8093556118
Africa/NorthernAfrica/TUN 0.0000000000 17.7831843555 1000.0000000000 0.6119649922
America/NorthernAmerica/CAN 0.0000000000 18.3951493477 980.0587256647 47.4894751186
America/NorthernAmerica/MEX 0.0000000000 65.8846244664 980.0587256647 2.0985650185
America/NorthernAmerica/USA 0.0000000000 67.9831894849 980.0587256647 257.1125943249
America/SouthernAmerica/ARG 980.0587256647 18.3951493477 19.9412743353 189.3292908030
America/SouthernAmerica/CHL 980.0587256647 207.7244401507 19.9412743353 99.9973609608
America/SouthernAmerica/COL 980.0587256647 307.7218011116 19.9412743353 17.3739826982
Asia/EasternAsia/CHN 0.0000000000 325.0957838098 876.5380138515 2.2516846501
Asia/EasternAsia/JPN 0.0000000000 327.3474684598 876.5380138515 88.0881039682
Asia/EasternAsia/KOR 0.0000000000 415.4355724280 876.5380138515 11.9921825371
Asia/SouthEasternAsia/IDN 876.5380138515 325.0957838098 99.0871616276 7.9545791331
Asia/SouthEasternAsia/MYS 876.5380138515 333.0503629428 99.0871616276 24.5036947472
Asia/SouthEasternAsia/PHL 876.5380138515 357.5540576900 99.0871616276 29.0437949072
Asia/SouthEasternAsia/SGP 876.5380138515 386.5978525972 99.0871616276 39.1512297546
Asia/SouthEasternAsia/THA 876.5380138515 425.7490823518 99.0871616276 1.6786726133
Asia/WesternAsia/IND 975.6251754791 325.0957838098 24.3748245209 28.6650753707
Asia/WesternAsia/TUR 975.6251754791 353.7608591804 24.3748245209 73.6668957847
AustraliaandNewZealand/NZL 0.0000000000 427.4277549651 1000.0000000000 2.0404649879
Europe/EasternEurope/BGR 0.0000000000 429.4682199530 82.6319105868 29.3510173010
Europe/EasternEurope/CZE 0.0000000000 458.8192372539 82.6319105868 59.8239369054
Europe/EasternEurope/HUN 0.0000000000 518.6431741594 82.6319105868 61.3753256788
Europe/EasternEurope/POL 0.0000000000 580.0184998382 82.6319105868 209.9184716967
Europe/EasternEurope/ROU 0.0000000000 789.9369715349 82.6319105868 85.6481477886
Europe/EasternEurope/RUS 0.0000000000 875.5851193235 82.6319105868 66.7873893052
Europe/EasternEurope/SVK 0.0000000000 942.3725086286 82.6319105868 30.6082832648
Europe/EasternEurope/UKR 0.0000000000 972.9807918934 82.6319105868 27.0192081066
Europe/NorthernEurope/DNK 82.6319105868 429.4682199530 170.0255320301 60.0339267798
Europe/NorthernEurope/EST 82.6319105868 489.5021467328 170.0255320301 22.5410721809
Europe/NorthernEurope/FIN 82.6319105868 512.0432189137 170.0255320301 71.4174307669
Europe/NorthernEurope/GBR 82.6319105868 583.4606496806 170.0255320301 194.0280713914
Europe/NorthernEurope/IRL 82.6319105868 777.4887210720 170.0255320301 17.7763373392
Europe/NorthernEurope/LTU 82.6319105868 795.2650584112 170.0255320301 22.9282389845
Europe/NorthernEurope/LVA 82.6319105868 818.1932973957 170.0255320301 15.1342835722
Europe/NorthernEurope/NOR 82.6319105868 833.3275809679 170.0255320301 44.8748216159
Europe/NorthernEurope/SWE 82.6319105868 878.2024025838 170.0255320301 121.7975974162
Europe/SouthernEurope/ESP 252.6574426170 429.4682199530 214.6423151151 171.7404675288
Europe/SouthernEurope/GRC 252.6574426170 601.2086874817 214.6423151151 33.3044442956
Europe/SouthernEurope/HRV 252.6574426170 634.5131317773 214.6423151151 17.0083167358
Europe/SouthernEurope/ITA 252.6574426170 651.5214485131 214.6423151151 295.9246464075
Europe/SouthernEurope/PRT 252.6574426170 947.4460949205 214.6423151151 43.7532828036
Europe/SouthernEurope/SVN 252.6574426170 991.1993777241 214.6423151151 8.8006222759
Europe/WesternEurope/AUS 467.2997577321 429.4682199530 532.7002422679 32.7940055789
Europe/WesternEurope/CHE 467.2997577321 462.2622255319 532.7002422679 37.5514678666
Europe/WesternEurope/DEU 467.2997577321 499.8136933985 532.7002422679 282.3394738617
Europe/WesternEurope/FRA 467.2997577321 782.1531672602 532.7002422679 141.2350255460
Europe/WesternEurope/NLD 467.2997577321 923.3881928061 532.7002422679 76.6118071939

Africa/NorthernAfrica/DZA 0.0000000000 0.0000000000 1000.0000000000 12.9936098004
Africa/NorthernAfrica/EGY 0.0000000000 12.9936098004 1000.0000000000 0.9107503791
Africa/NorthernAfrica/MAR 0.0000000000 13.9043601795 1000.0000000000 3.3880629398
Africa/NorthernAfrica/TUN 0.0000000000 17.2924231192 1000.0000000000 1.6079865391
America/NorthernAmerica/CAN 0.0000000000 18.9004096583 977.6116578561 47.2707063259
America/NorthernAmerica/MEX 0.0000000000 66.1711159842 977.6116578561 1.6149458497
America/NorthernAmerica/USA 0.0000000000 67.7860618339 977.6116578561 257.4651962172
America/SouthernAmerica/ARG 977.6116578561 18.9004096583 22.3883421439 189.6871382426
America/SouthernAmerica/CHL 977.6116578561 208.5875479010 22.3883421439 89.4316875788
America/SouthernAmerica/COL 977.6116578561 298.0192354797 22.3883421439 27.2320225714
Asia/EasternAsia/CHN 0.0000000000 325.2512580512 883.3131265267 2.1054682557
Asia/EasternAsia/JPN 0.0000000000 327.3567263069 883.3131265267 87.8139372433
Asia/EasternAsia/KOR 0.0000000000 415.1706635502 883.3131265267 12.5256469093
Asia/SouthEasternAsia/IDN 883.3131265267 325.2512580512 86.0339566643 9.1915995336
Asia/SouthEasternAsia/MYS 883.3131265267 334.4428575848 86.0339566643 30.2278976884
Asia/SouthEasternAsia/PHL 883.3131265267 364.6707552731 86.0339566643 12.8698868572
Asia/SouthEasternAsia/SGP 883.3131265267 377.5406421303 86.0339566643 48.5106492329
Asia/SouthEasternAsia/THA 883.3131265267 426.0512913632 86.0339566643 1.6450190963
Asia/WesternAsia/IND 969.3470831910 325.2512580512 30.6529168090 33.7323280528
Asia/WesternAsia/TUR 969.3470831910 358.9835861040 30.6529168090 68.7127243555
AustraliaandNewZealand/NZL 0.0000000000 427.6963104595 1000.0000000000 1.9360173915
Europe/EasternEurope/BGR 0.0000000000 429.6323278510 81.9890262774 29.4307331407
Europe/EasternEurope/CZE 0.0000000000 459.0630609918 81.9890262774 65.4674798243
Europe/EasternEurope/HUN 0.0000000000 524.5305408161 81.9890262774 59.2547449652
Europe/EasternEurope/POL 0.0000000000 583.7852857813 81.9890262774 203.0816372471
Europe/EasternEurope/ROU 0.0000000000 786.8669230284 81.9890262774 93.6288205851
Europe/EasternEurope/RUS 0.0000000000 880.4957436135 81.9890262774 64.2442470396
Europe/EasternEurope/SVK 0.0000000000 944.7399906531 81.9890262774 28.6321326740
Europe/EasternEurope/UKR 0.0000000000 973.3721233272 81.9890262774 26.6278766728
Europe/NorthernEurope/DNK 81.9890262774 429.6323278510 181.7342883111 60.3825525206
Europe/NorthernEurope/EST 81.9890262774 490.0148803716 181.7342883111 17.9797763373
Europe/NorthernEurope/FIN 81.9890262774 507.9946567089 181.7342883111 69.6116188723
Europe/NorthernEurope/GBR 81.9890262774 577.6062755812 181.7342883111 212.3585664363
Europe/NorthernEurope/IRL 81.9890262774 789.9648420175 181.7342883111 14.9996069236
Europe/NorthernEurope/LTU 81.9890262774 804.9644489412 181.7342883111 21.4585635713
Europe/NorthernEurope/LVA 81.9890262774 826.4230125124 181.7342883111 13.2661005600
Europe/NorthernEurope/NOR 81.9890262774 839.6891130724 181.7342883111 43.8328112860
Europe/NorthernEurope/SWE 81.9890262774 883.5219243584 181.7342883111 116.4780756416
Europe/SouthernEurope/ESP 263.7233145885 429.6323278510 209.2932551966 167.1112661888
Europe/SouthernEurope/GRC 263.7233145885 596.7435940399 209.2932551966 38.2637280923
Europe/SouthernEurope/HRV 263.7233145885 635.0073221321 209.2932551966 18.0168651006
Europe/SouthernEurope/ITA 263.7233145885 653.0241872327 209.2932551966 293.5836861539
Europe/SouthernEurope/PRT 263.7233145885 946.6078733866 209.2932551966 43.4533880780
Europe/SouthernEurope/SVN 263.7233145885 990.0612614646 209.2932551966 9.9387385354
Europe/WesternEurope/AUS 473.0165697851 429.6323278510 526.9834302149 32.2302857831
Europe/WesternEurope/CHE 473.0165697851 461.8626136342 526.9834302149 34.0479972673
Europe/WesternEurope/DEU 473.0165697851 495.9106109015 526.9834302149 298.0431922034
Europe/WesternEurope/FRA 473.0165697851 793.9538031049 526.9834302149 133.0364087194
Europe/WesternEurope/NLD 473.0165697851 926.9902118243 526.9834302149 73.0097881757

Africa/NorthernAfrica/DZA 0.0000000000 0.0000000000 1000.0000000000 10.8764390345
Africa/NorthernAfrica/EGY 0.0000000000 10.8764390345 1000.0000000000 0.7899172053
Africa/NorthernAfrica/MAR 0.0000000000 11.6663562398 1000.0000000000 2.9817775204
Africa/NorthernAfrica/TUN 0.0000000000 14.6481337602 1000.0000000000 0.9689643817
America/NorthernAmerica/CAN 0.0000000000 15.6170981419 972.3313545954 48.2687851533
America/NorthernAmerica/MEX 0.0000000000 63.8858832952 972.3313545954 0.5983175663
America/NorthernAmerica/USA 0.0000000000 64.4842008615 972.3313545954 254.4280954665
America/SouthernAmerica/ARG 972.3313545954 15.6170981419 27.6686454046 150.5209736242
America/SouthernAmerica/CHL 972.3313545954 166.1380717661 27.6686454046 75.4948992763
America/SouthernAmerica/COL 972.3313545954 241.6329710424 27.6686454046 77.2793252857
Asia/EasternAsia/CHN 0.0000000000 318.9122963280 862.3097380786 2.2522633306
Asia/EasternAsia/JPN 0.0000000000 321.1645596586 862.3097380786 94.7665296701
Asia/EasternAsia/KOR 0.0000000000 415.9310893287 862.3097380786 13.9329620746
Asia/SouthEasternAsia/IDN 862.3097380786 318.9122963280 88.8764179309 5.9807329740
Asia/SouthEasternAsia/MYS 862.3097380786 324.8930293020 88.8764179309 27.4100764529
Asia/SouthEasternAsia/PHL 862.3097380786 352.3031057549 88.8764179309 27.5409239091
Asia/SouthEasternAsia/SGP 862.3097380786 379.8440296640 88.8764179309 48.4198793091
Asia/SouthEasternAsia/THA 862.3097380786 428.2639089731 88.8764179309 1.6001424302
Asia/WesternAsia/IND 951.1861560095 318.9122963280 48.8138439905 70.7367260106
Asia/WesternAsia/TUR 951.1861560095 389.6490223386 48.8138439905 40.2150290648
AustraliaandNewZealand/NZL 0.0000000000 429.8640514034 1000.0000000000 1.9777824221
Europe/EasternEurope/BGR 0.0000000000 431.8418338255 82.8679828926 29.4624679971
Europe/EasternEurope/CZE 0.0000000000 461.3043018226 82.8679828926 70.5290041915
Europe/EasternEurope/HUN 0.0000000000 531.8333060140 82.8679828926 55.8286573342
Europe/EasternEurope/POL 0.0000000000 587.6619633482 82.8679828926 192.3157008426
Europe/EasternEurope/ROU 0.0000000000 779.9776641908 82.8679828926 89.3892645185
Europe/EasternEurope/RUS 0.0000000000 869.3669287093 82.8679828926 73.1867367970
Europe/EasternEurope/SVK 0.0000000000 942.5536655063 82.8679828926 24.5338416995
Europe/EasternEurope/UKR 0.0000000000 967.0875072058 82.8679828926 32.9124927942
Europe/NorthernEurope/DNK 82.8679828926 431.8418338255 178.6922039567 60.2387610795
Europe/NorthernEurope/EST 82.8679828926 492.0805949050 178.6922039567 20.2741144009
Europe/NorthernEurope/FIN 82.8679828926 512.3547093059 178.6922039567 75.1406536915
Europe/NorthernEurope/GBR 82.8679828926 587.4953629974 178.6922039567 182.9071243851
Europe/NorthernEurope/IRL 82.8679828926 770.4024873825 178.6922039567 13.5682537594
Europe/NorthernEurope/LTU 82.8679828926 783.9707411419 178.6922039567 20.1933503168
Europe/NorthernEurope/LVA 82.8679828926 804.1640914586 178.6922039567 11.9492732467
Europe/NorthernEurope/NOR 82.8679828926 816.1133647053 178.6922039567 50.7084819939
Europe/NorthernEurope/SWE 82.8679828926 866.8218466992 178.6922039567 133.1781533008
Europe/SouthernEurope/ESP 261.5601868492 431.8418338255 209.9336859729 170.1149016698
Europe/SouthernEurope/GRC 261.5601868492 601.9567354953 209.9336859729 34.6531220948
Europe/SouthernEurope/HRV 261.5601868492 636.6098575901 209.9336859729 16.3558937841
Europe/SouthernEurope/ITA 261.5601868492 652.9657513742 209.9336859729 298.7427168467
Europe/SouthernEurope/PRT 261.5601868492 951.7084682209 209.9336859729 39.4852093559
Europe/SouthernEurope/SVN 261.5601868492 991.1936775769 209.9336859729 8.8063224231
Europe/WesternEurope/AUS 471.4938728221 431.8418338255 528.5061271779 30.0340766470
Europe/WesternEurope/CHE 471.4938728221 461.8759104725 528.5061271779 39.5867835786
Europe/WesternEurope/DEU 471.4938728221 501.4626940511 528.5061271779 311.0601534229
Europe/WesternEurope/FRA 471.4938728221 812.5228474740 528.5061271779 123.5419335388
Europe/WesternEurope/NLD 471.4938728221 936.0647810128 528.5061271779 63.9352189872

Africa/NorthernAfrica/DZA 0.0000000000 0.0000000000 1000.0000000000 11.4232713490
Africa/NorthernAfrica/EGY 0.0000000000 11.4232713490 1000.0000000000 0.7571020837
Africa/NorthernAfrica/MAR 0.0000000000 12.1803734327 1000.0000000000 3.5845980736
Africa/NorthernAfrica/TUN 0.0000000000 15.7649715063 1000.0000000000 1.2361586782
America/NorthernAmerica/CAN 0.0000000000 17.0011301845 972.9277956390 47.9011213399
America/NorthernAmerica/MEX 0.0000000000 64.9022515244 972.9277956390 0.8486561756
America/NorthernAmerica/USA 0.0000000000 65.7509077000 972.9277956390 245.4229318546
America/SouthernAmerica/ARG 972.9277956390 17.0011301845 27.0722043610 143.6056668712
America/SouthernAmerica/CHL 972.9277956390 160.6067970557 27.0722043610 75.3020106643
America/SouthernAmerica/COL 972.9277956390 235.9088077201 27.0722043610 75.2650318345
Asia/EasternAsia/CHN 0.0000000000 311.1738395546 869.0853351202 3.0626547391
Asia/EasternAsia/JPN 0.0000000000 314.2364942937 869.0853351202 87.1666705374
Asia/EasternAsia/KOR 0.0000000000 401.4031648311 869.0853351202 13.8835615621
Asia/SouthEasternAsia/IDN 869.0853351202 311.1738395546 97.0129148867 8.9879081693
Asia/SouthEasternAsia/MYS 869.0853351202 320.1617477240 97.0129148867 43.6107219759
Asia/SouthEasternAsia/PHL 869.0853351202 363.7724696998 97.0129148867 9.8963365587
Asia/SouthEasternAsia/SGP 869.0853351202 373.6688062586 97.0129148867 40.0332276547
Asia/SouthEasternAsia/THA 869.0853351202 413.7020339133 97.0129148867 1.5846924799
Asia/WesternAsia/IND 966.0982500069 311.1738395546 33.9017499931 46.1655145179
Asia/WesternAsia/TUR 966.0982500069 357.3393540725 33.9017499931 57.9473723207
AustraliaandNewZealand/NZL 0.0000000000 415.2867263932 1000.0000000000 1.9548350272
Europe/EasternEurope/BGR 0.0000000000 417.2415614204 88.0629628127 28.1161352865
Europe/EasternEurope/CZE 0.0000000000 445.3576967069 88.0629628127 75.7564984847
Europe/EasternEurope/HUN 0.0000000000 521.1141951915 88.0629628127 54.2795602565
Europe/EasternEurope/POL 0.0000000000 575.3937554480 88.0629628127 173.7853960952
Europe/EasternEurope/ROU 0.0000000000 749.1791515432 88.0629628127 83.9725113379
Europe/EasternEurope/RUS 0.0000000000 833.1516628811 88.0629628127 101.6219891292
Europe/EasternEurope/SVK 0.0000000000 934.7736520103 88.0629628127 34.4730633081
Europe/EasternEurope/UKR 0.0000000000 969.2467153184 88.0629628127 30.7532846816
Europe/NorthernEurope/DNK 88.0629628127 417.2415614204 163.9257412540 59.3852817429
Europe/NorthernEurope/EST 88.0629628127 476.6268431633 163.9257412540 19.2568479326
Europe/NorthernEurope/FIN 88.0629628127 495.8836910959 163.9257412540 77.0728239725
Europe/NorthernEurope/GBR 88.0629628127 572.9565150683 163.9257412540 195.4762170006
Europe/NorthernEurope/IRL 88.0629628127 768.4327320689 163.9257412540 13.7223499640
Europe/NorthernEurope/LTU 88.0629628127 782.1550820329 163.9257412540 22.3821746843
Europe/NorthernEurope/LVA 88.0629628127 804.5372567172 163.9257412540 14.8057768206
Europe/NorthernEurope/NOR 88.0629628127 819.3430335379 163.9257412540 47.3202433977
Europe/NorthernEurope/SWE 88.0629628127 866.6632769355 163.9257412540 133.3367230645
Europe/SouthernEurope/ESP 251.9887040668 417.2415614204 208.4172604289 173.0548655359
Europe/SouthernEurope/GRC 251.9887040668 590.2964269562 208.4172604289 31.8753316815
Europe/SouthernEurope/HRV 251.9887040668 622.1717586378 208.4172604289 17.1066563086
Europe/SouthernEurope/ITA 251.9887040668 639.2784149463 208.4172604289 310.3982602716
Europe/SouthernEurope/PRT 251.9887040668 949.6766752179 208.4172604289 41.5577358570
Europe/SouthernEurope/SVN 251.9887040668 991.2344110750 208.4172604289 8.7655889250
Europe/WesternEurope/AUS 460.4059644957 417.2415614204 539.5940355043 34.3733067558
Europe/WesternEurope/CHE 460.4059644957 451.6148681762 539.5940355043 34.7652009472
Europe/WesternEurope/DEU 460.4059644957 486.3800691234 539.5940355043 322.3621100920
Europe/WesternEurope/FRA 460.4059644957 808.7421792153 539.5940355043 126.3320820300
Europe/WesternEurope/NLD 460.4059644957 935.0742612453 539.5940355043 64.9257387547

Africa/NorthernAfrica/DZA 0.0000000000 0.0000000000 1000.0000000000 13.8335618879
Africa/NorthernAfrica/EGY 0.0000000000 13.8335618879 1000.0000000000 0.8628131086
Africa/NorthernAfrica/MAR 0.0000000000 14.6963749965 1000.0000000000 4.2420116734
Africa/NorthernAfrica/TUN 0.0000000000 18.9383866699 1000.0000000000 1.5226623085
America/NorthernAmerica/CAN 0.0000000000 20.4610489784 973.0085531954 43.4308521360
America/NorthernAmerica/MEX 0.0000000000 63.8919011144 973.0085531954 0.8485101982
America/NorthernAmerica/USA 0.0000000000 64.7404113126 973.0085531954 232.4525519035
America/SouthernAmerica/ARG 973.0085531954 20.4610489784 26.9914468046 165.0527029048
America/SouthernAmerica/CHL 973.0085531954 185.5137518832 26.9914468046 82.0586896977
America/SouthernAmerica/COL 973.0085531954 267.5724415809 26.9914468046 29.6205216351
Asia/EasternAsia/CHN 0.0000000000 297.1929632160 791.0212082713 3.7844777288
Asia/EasternAsia/JPN 0.0000000000 300.9774409448 791.0212082713 83.5938155851
Asia/EasternAsia/KOR 0.0000000000 384.5712565299 791.0212082713 15.9825347824
Asia/SouthEasternAsia/IDN 791.0212082713 297.1929632160 162.9328217630 29.7972373944
Asia/SouthEasternAsia/MYS 791.0212082713 326.9902006105 162.9328217630 33.7040401586
Asia/SouthEasternAsia/PHL 791.0212082713 360.6942407691 162.9328217630 15.1387501805
Asia/SouthEasternAsia/SGP 791.0212082713 375.8329909495 162.9328217630 23.6061574570
Asia/SouthEasternAsia/THA 791.0212082713 399.4391484066 162.9328217630 1.1146429057
Asia/WesternAsia/IND 953.9540300342 297.1929632160 46.0459699658 44.9698996387
Asia/WesternAsia/TUR 953.9540300342 342.1628628547 46.0459699658 58.3909284575
AustraliaandNewZealand/NZL 0.0000000000 400.5537913123 1000.0000000000 2.0151628366
Europe/EasternEurope/BGR 0.0000000000 402.5689541489 90.4193182795 30.0334578133
Europe/EasternEurope/CZE 0.0000000000 432.6024119622 90.4193182795 82.5885015232
Europe/EasternEurope/HUN 0.0000000000 515.1909134855 90.4193182795 54.3539399287
Europe/EasternEurope/POL 0.0000000000 569.5448534142 90.4193182795 144.0483265911
Europe/EasternEurope/ROU 0.0000000000 713.5931800053 90.4193182795 77.7518085306
Europe/EasternEurope/RUS 0.0000000000 791.3449885359 90.4193182795 117.1270252135
Europe/EasternEurope/SVK 0.0000000000 908.4720137494 90.4193182795 57.1698061316
Europe/EasternEurope/UKR 0.0000000000 965.6418198810 90.4193182795 34.3581801190
Europe/NorthernEurope/DNK 90.4193182795 402.5689541489 158.9040021179 58.9844890027
Europe/NorthernEurope/EST 90.4193182795 461.5534431516 158.9040021179 22.0640249308
Europe/NorthernEurope/FIN 90.4193182795 483.6174680824 158.9040021179 74.6649892959
Europe/NorthernEurope/GBR 90.4193182795 558.2824573783 158.9040021179 209.0249874253
Europe/NorthernEurope/IRL 90.4193182795 767.3074448037 158.9040021179 13.4579728367
Europe/NorthernEurope/LTU 90.4193182795 780.7654176404 158.9040021179 23.6121329181
Europe/NorthernEurope/LVA 90.4193182795 804.3775505585 158.9040021179 14.8669988110
Europe/NorthernEurope/NOR 90.4193182795 819.2445493695 158.9040021179 49.0142993820
Europe/NorthernEurope/SWE 90.4193182795 868.2588487515 158.9040021179 131.7411512485
Europe/SouthernEurope/ESP 249.3233203974 402.5689541489 216.0819860550 177.1573724534
Europe/SouthernEurope/GRC 249.3233203974 579.7263266023 216.0819860550 35.8904929856
Europe/SouthernEurope/HRV 249.3233203974 615.6168195879 216.0819860550 17.2435464339
Europe/SouthernEurope/ITA 249.3233203974 632.8603660218 216.0819860550 313.5350777931
Europe/SouthernEurope/PRT 249.3233203974 946.3954438149 216.0819860550 44.1114208726
Europe/SouthernEurope/SVN 249.3233203974 990.5068646876 216.0819860550 9.4931353124
Europe/WesternEurope/AUS 465.4053064524 402.5689541489 534.5946935476 44.7772744790
Europe/WesternEurope/CHE 465.4053064524 447.3462286280 534.5946935476 37.9259696951
Europe/WesternEurope/DEU 465.4053064524 485.2721983231 534.5946935476 316.1020410905
Europe/WesternEurope/FRA 465.4053064524 801.3742394136 534.5946935476 131.2352068163
Europe/WesternEurope/NLD 465.4053064524 932.6094462298 534.5946935476 67.3905537702

Africa/NorthernAfrica/DZA 0.0000000000 0.0000000000 1000.0000000000 15.7330712123
Africa/NorthernAfrica/EGY 0.0000000000 15.7330712123 1000.0000000000 2.9241456450
Africa/NorthernAfrica/MAR 0.0000000000 18.6572168573 1000.0000000000 4.0216140164
Africa/NorthernAfrica/TUN 0.0000000000 22.6788308737 1000.0000000000 2.2162186190
America/NorthernAmerica/CAN 0.0000000000 24.8950494926 972.9319109065 41.9178869643
America/NorthernAmerica/MEX 0.0000000000 66.8129364569 972.9319109065 0.9273755972
America/NorthernAmerica/USA 0.0000000000 67.7403120541 972.9319109065 226.3236152865
America/SouthernAmerica/ARG 972.9319109065 24.8950494926 27.0680890935 153.5229838490
America/SouthernAmerica/CHL 972.9319109065 178.4180333416 27.0680890935 76.6548487577
America/SouthernAmerica/COL 972.9319109065 255.0728820994 27.0680890935 38.9910452412
Asia/EasternAsia/CHN 0.0000000000 294.0639273406 819.9050839679 4.1216164614
Asia/EasternAsia/JPN 0.0000000000 298.1855438020 819.9050839679 79.9378753807
Asia/EasternAsia/KOR 0.0000000000 378.1234191827 819.9050839679 18.2484607031
Asia/SouthEasternAsia/IDN 819.9050839679 294.0639273406 127.0974572192 7.5052438416
Asia/SouthEasternAsia/MYS 819.9050839679 301.5691711822 127.0974572192 42.1409222628
Asia/SouthEasternAsia/PHL 819.9050839679 343.7100934449 127.0974572192 16.9693812587
Asia/SouthEasternAsia/SGP 819.9050839679 360.6794747037 127.0974572192 21.1717698036
Asia/SouthEasternAsia/THA 819.9050839679 381.8512445073 127.0974572192 14.5206353785
Asia/WesternAsia/IND 947.0025411872 294.0639273406 52.9974588128 57.3229774260
Asia/WesternAsia/TUR 947.0025411872 351.3869047665 52.9974588128 44.9849751193
AustraliaandNewZealand/NZL 0.0000000000 396.3718798858 1000.0000000000 1.8223864385
Europe/EasternEurope/BGR 0.0000000000 398.1942663243 100.3327601914 44.2595554295
Europe/EasternEurope/CZE 0.0000000000 442.4538217538 100.3327601914 75.1347317627
Europe/EasternEurope/HUN 0.0000000000 517.5885535164 100.3327601914 44.6977922788
Europe/EasternEurope/POL 0.0000000000 562.2863457953 100.3327601914 139.3506827031
Europe/EasternEurope/ROU 0.0000000000 701.6370284984 100.3327601914 69.8430848968
Europe/EasternEurope/RUS 0.0000000000 771.4801133952 100.3327601914 125.7495538557
Europe/EasternEurope/SVK 0.0000000000 897.2296672509 100.3327601914 65.2900584796
Europe/EasternEurope/UKR 0.0000000000 962.5197257305 100.3327601914 37.4802742695
Europe/NorthernEurope/DNK 100.3327601914 398.1942663243 156.2620290428 61.3700830439
Europe/NorthernEurope/EST 100.3327601914 459.5643493681 156.2620290428 21.0100884619
Europe/NorthernEurope/FIN 100.3327601914 480.5744378301 156.2620290428 80.1970803698
Europe/NorthernEurope/GBR 100.3327601914 560.7715181998 156.2620290428 210.1814738034
Europe/NorthernEurope/IRL 100.3327601914 770.9529920032 156.2620290428 10.8081732489
Europe/NorthernEurope/LTU 100.3327601914 781.7611652521 156.2620290428 23.4658271579
Europe/NorthernEurope/LVA 100.3327601914 805.2269924100 156.2620290428 12.4280828462
Europe/NorthernEurope/NOR 100.3327601914 817.6550752563 156.2620290428 47.0958406767
Europe/NorthernEurope/SWE 100.3327601914 864.7509159330 156.2620290428 135.2490840670
Europe/SouthernEurope/ESP 256.5947892342 398.1942663243 224.5131269998 176.3266737289
Europe/SouthernEurope/GRC 256.5947892342 574.5209400531 224.5131269998 37.6343333092
Europe/SouthernEurope/HRV 256.5947892342 612.1552733623 224.5131269998 15.0368629843
Europe/SouthernEurope/ITA 256.5947892342 627.1921363467 224.5131269998 318.0002976721
Europe/SouthernEurope/PRT 256.5947892342 945.1924340188 224.5131269998 45.9185538511
Europe/SouthernEurope/SVN 256.5947892342 991.1109878699 224.5131269998 8.8890121301
Europe/WesternEurope/AUS 481.1079162339 398.1942663243 518.8920837661 45.1199422185
Europe/WesternEurope/CHE 481.1079162339 443.3142085428 518.8920837661 42.0675467620
Europe/WesternEurope/DEU 481.1079162339 485.3817553047 518.8920837661 331.9105836518
Europe/WesternEurope/FRA 481.1079162339 817.2923389565 518.8920837661 137.7087006321
Europe/WesternEurope/NLD 481.1079162339 955.0010395886 518.8920837661 44.9989604114

Africa/NorthernAfrica/DZA 0.0000000000 0.0000000000 1000.0000000000 12.9827197349
Africa/NorthernAfrica/EGY 0.0000000000 12.9827197349 1000.0000000000 3.0709784168
Africa/NorthernAfrica/MAR 0.0000000000 16.0536981517 1000.0000000000 4.2813869921
Africa/NorthernAfrica/TUN 0.0000000000 20.3350851438 1000.0000000000 1.5151605842
America/NorthernAmerica/CAN 0.0000000000 21.8502457280 962.9049157828 45.4405000558
America/NorthernAmerica/MEX 0.0000000000 67.2907457837 962.9049157828 0.8980703162
America/NorthernAmerica/USA 0.0000000000 68.1888160999 962.9049157828 224.8510663292
America/SouthernAmerica/ARG 962.9049157828 21.8502457280 37.0950842172 97.8415021266
America/SouthernAmerica/CHL 962.9049157828 119.6917478545 37.0950842172 47.4935956562
America/SouthernAmerica/COL 962.9049157828 167.1853435107 37.0950842172 125.8545389184
Asia/EasternAsia/CHN 0.0000000000 293.0398824291 831.1551796751 3.4246106743
Asia/EasternAsia/JPN 0.0000000000 296.4644931034 831.1551796751 77.5434517640
Asia/EasternAsia/KOR 0.0000000000 374.0079448673 831.1551796751 18.5858414107
Asia/SouthEasternAsia/IDN 831.1551796751 293.0398824291 113.7287140537 12.2966898118
Asia/SouthEasternAsia/MYS 831.1551796751 305.3365722408 113.7287140537 36.7186613792
Asia/SouthEasternAsia/PHL 831.1551796751 342.0552336201 113.7287140537 23.1849115074
Asia/SouthEasternAsia/SGP 831.1551796751 365.2401451275 113.7287140537 21.7266962556
Asia/SouthEasternAsia/THA 831.1551796751 386.9668413831 113.7287140537 5.6269448949
Asia/WesternAsia/IND 944.8838937287 293.0398824291 55.1161062713 54.7321407310
Asia/WesternAsia/TUR 944.8838937287 347.7720231601 55.1161062713 44.8217631180
AustraliaandNewZealand/NZL 0.0000000000 392.5937862780 1000.0000000000 2.1520767853
Europe/EasternEurope/BGR 0.0000000000 394.7458630634 114.5581932698 38.1503278166
Europe/EasternEurope/CZE 0.0000000000 432.8961908799 114.5581932698 65.6829507426
Europe/EasternEurope/HUN 0.0000000000 498.5791416225 114.5581932698 43.6296466386
Europe/EasternEurope/POL 0.0000000000 542.2087882611 114.5581932698 163.1932367324
Europe/EasternEurope/ROU 0.0000000000 705.4020249935 114.5581932698 64.4575346696
Europe/EasternEurope/RUS 0.0000000000 769.8595596631 114.5581932698 120.8286926875
Europe/EasternEurope/SVK 0.0000000000 890.6882523506 114.5581932698 75.1383530028
Europe/EasternEurope/UKR 0.0000000000 965.8266053534 114.5581932698 34.1733946466
Europe/NorthernEurope/DNK 114.5581932698 394.7458630634 156.1295180423 58.7335262046
Europe/NorthernEurope/EST 114.5581932698 453.4793892680 156.1295180423 21.6057864534
Europe/NorthernEurope/FIN 114.5581932698 475.0851757213 156.1295180423 80.4180241301
Europe/NorthernEurope/GBR 114.5581932698 555.5031998514 156.1295180423 216.0780146677
Europe/NorthernEurope/IRL 114.5581932698 771.5812145191 156.1295180423 13.3925521566
Europe/NorthernEurope/LTU 114.5581932698 784.9737666757 156.1295180423 25.5982103175
Europe/NorthernEurope/LVA 114.5581932698 810.5719769932 156.1295180423 10.1069586944
Europe/NorthernEurope/NOR 114.5581932698 820.6789356876 156.1295180423 48.1993468523
Europe/NorthernEurope/SWE 114.5581932698 868.8782825399 156.1295180423 131.1217174601
Europe/SouthernEurope/ESP 270.6877113120 394.7458630634 214.5096192286 168.2612821410
Europe/SouthernEurope/GRC 270.6877113120 563.0071452044 214.5096192286 39.7000258179
Europe/SouthernEurope/HRV 270.6877113120 602.7071710223 214.5096192286 14.6796953926
Europe/SouthernEurope/ITA 270.6877113120 617.3868664150 214.5096192286 320.5356989150
Europe/SouthernEurope/PRT 270.6877113120 937.9225653299 214.5096192286 52.8093114384
Europe/SouthernEurope/SVN 270.6877113120 990.7318767684 214.5096192286 9.2681232316
Europe/WesternEurope/AUS 485.1973305407 394.7458630634 514.8026694593 38.2090625681
Europe/WesternEurope/CHE 485.1973305407 432.9549256314 514.8026694593 45.5863205726
Europe/WesternEurope/DEU 485.1973305407 478.5412462041 514.8026694593 310.8189826268
Europe/WesternEurope/FRA 485.1973305407 789.3602288308 514.8026694593 156.3288115985
Europe/WesternEurope/NLD 485.1973305407 945.6890404293 514.8026694593 54.3109595707

Africa/NorthernAfrica/DZA 0.0000000000 0.0000000000 1000.0000000000 10.1429028035
Africa/NorthernAfrica/EGY 0.0000000000 10.1429028035 1000.0000000000 1.8192683951
Africa/NorthernAfrica/MAR 0.0000000000 11.9621711986 1000.0000000000 3.1969565192
Africa/NorthernAfrica/TUN 0.0000000000 15.1591277178 1000.0000000000 1.3677402192
America/NorthernAmerica/CAN 0.0000000000 16.5268679371 965.1898799252 47.3513339648
America/NorthernAmerica/MEX 0.0000000000 63.8782019019 965.1898799252 2.3229544499
America/NorthernAmerica/USA 0.0000000000 66.2011563517 965.1898799252 228.9635940917
America/SouthernAmerica/ARG 965.1898799252 16.5268679371 34.8101200748 109.9611184662
America/SouthernAmerica/CHL 965.1898799252 126.4879864033 34.8101200748 61.2172412761
America/SouthernAmerica/COL 965.1898799252 187.7052276794 34.8101200748 107.4595227640
Asia/EasternAsia/CHN 0.0000000000 295.1647504434 829.4073369344 3.9972204836
Asia/EasternAsia/JPN 0.0000000000 299.1619709270 829.4073369344 79.7810730041
Asia/EasternAsia/KOR 0.0000000000 378.9430439310 829.4073369344 21.0892707445
Asia/SouthEasternAsia/IDN 829.4073369344 295.1647504434 117.2113476135 13.9959667455
Asia/SouthEasternAsia/MYS 829.4073369344 309.1607171888 117.2113476135 44.5940543648
Asia/SouthEasternAsia/PHL 829.4073369344 353.7547715537 117.2113476135 17.4897429366
Asia/SouthEasternAsia/SGP 829.4073369344 371.2445144903 117.2113476135 17.9647102018
Asia/SouthEasternAsia/THA 829.4073369344 389.2092246921 117.2113476135 10.8230899835
Asia/WesternAsia/IND 946.6186845479 295.1647504434 53.3813154521 52.9145035396
Asia/WesternAsia/TUR 946.6186845479 348.0792539830 53.3813154521 51.9530606925
AustraliaandNewZealand/NZL 0.0000000000 400.0323146755 1000.0000000000 2.0293751881
Europe/EasternEurope/BGR 0.0000000000 402.0616898636 109.0297330322 34.4777581428
Europe/EasternEurope/CZE 0.0000000000 436.5394480065 109.0297330322 60.4114132924
Europe/EasternEurope/HUN 0.0000000000 496.9508612988 109.0297330322 37.8914126472
Europe/EasternEurope/POL 0.0000000000 534.8422739461 109.0297330322 159.2996021969
Europe/EasternEurope/ROU 0.0000000000 694.1418761429 109.0297330322 62.1006255922
Europe/EasternEurope/RUS 0.0000000000 756.2425017352 109.0297330322 143.7628365081
Europe/EasternEurope/SVK 0.0000000000 900.0053382432 109.0297330322 64.0790283309
Europe/EasternEurope/UKR 0.0000000000 964.0843665741 109.0297330322 35.9156334259
Europe/NorthernEurope/DNK 109.0297330322 402.0616898636 164.1148633402 59.6628760885
Europe/NorthernEurope/EST 109.0297330322 461.7245659521 164.1148633402 14.6361926310
Europe/NorthernEurope/FIN 109.0297330322 476.3607585831 164.1148633402 84.4154070205
Europe/NorthernEurope/GBR 109.0297330322 560.7761656036 164.1148633402 196.3158578073
Europe/NorthernEurope/IRL 109.0297330322 757.0920234109 164.1148633402 10.2460490804
Europe/NorthernEurope/LTU 109.0297330322 767.3380724913 164.1148633402 26.8098766394
Europe/NorthernEurope/LVA 109.0297330322 794.1479491307 164.1148633402 11.3938986745
Europe/NorthernEurope/NOR 109.0297330322 805.5418478052 164.1148633402 50.7980984139
Europe/NorthernEurope/SWE 109.0297330322 856.3399462191 164.1148633402 143.6600537809
Europe/SouthernEurope/ESP 273.1445963724 402.0616898636 195.4804554691 176.4940145942
Europe/SouthernEurope/GRC 273.1445963724 578.5557044578 195.4804554691 34.3056945040
Europe/SouthernEurope/HRV 273.1445963724 612.8613989619 195.4804554691 13.7300080375
Europe/SouthernEurope/ITA 273.1445963724 626.5914069994 195.4804554691 313.8151033114
Europe/SouthernEurope/PRT 273.1445963724 940.4065103108 195.4804554691 50.4828609132
Europe/SouthernEurope/SVN 273.1445963724 990.8893712239 195.4804554691 9.1106287761
Europe/WesternEurope/AUS 468.6250518415 402.0616898636 531.3749481585 34.0537802453
Europe/WesternEurope/CHE 468.6250518415 436.1154701089 531.3749481585 49.4756336041
Europe/WesternEurope/DEU 468.6250518415 485.5911037130 531.3749481585 312.4668161497
Europe/WesternEurope/FRA 468.6250518415 798.0579198627 531.3749481585 148.9269650860
Europe/WesternEurope/NLD 468.6250518415 946.9848849486 531.3749481585 53.0151150514

Africa/NorthernAfrica/DZA 0.0000000000 0.0000000000 1000.0000000000 9.6652854782
Africa/NorthernAfrica/EGY 0.0000000000 9.6652854782 1000.0000000000 1.6545451614
Africa/NorthernAfrica/MAR 0.0000000000 11.3198306396 1000.0000000000 2.9467489392
Africa/NorthernAfrica/TUN 0.0000000000 14.2665795789 1000.0000000000 2.0176114416
America/NorthernAmerica/CAN 0.0000000000 16.2841910205 965.9244555301 47.1899401040
America/NorthernAmerica/MEX 0.0000000000 63.4741311244 965.9244555301 2.1755105463
America/NorthernAmerica/USA 0.0000000000 65.6496416707 965.9244555301 251.2537513149
America/SouthernAmerica/ARG 965.9244555301 16.2841910205 34.0755444699 101.6671544435
America/SouthernAmerica/CHL 965.9244555301 117.9513454640 34.0755444699 43.0821571588
America/SouthernAmerica/COL 965.9244555301 161.0335026228 34.0755444699 155.8698903629
Asia/EasternAsia/CHN 0.0000000000 316.9033929856 820.6724623682 4.8937621785
Asia/EasternAsia/JPN 0.0000000000 321.7971551642 820.6724623682 77.6056312017
Asia/EasternAsia/KOR 0.0000000000 399.4027863659 820.6724623682 23.3148405093
Asia/SouthEasternAsia/IDN 820.6724623682 316.9033929856 127.2567177137 11.9383962855
Asia/SouthEasternAsia/MYS 820.6724623682 328.8417892712 127.2567177137 42.5260761089
Asia/SouthEasternAsia/PHL 820.6724623682 371.3678653801 127.2567177137 13.5878540824
Asia/SouthEasternAsia/SGP 820.6724623682 384.9557194624 127.2567177137 15.8787670814
Asia/SouthEasternAsia/THA 820.6724623682 400.8344865438 127.2567177137 21.8831403313
Asia/WesternAsia/IND 947.9291800820 316.9033929856 52.0708199180 56.7071735730
Asia/WesternAsia/TUR 947.9291800820 373.6105665587 52.0708199180 49.1070603165
AustraliaandNewZealand/NZL 0.0000000000 422.7176268752 1000.0000000000 1.9028788896
Europe/EasternEurope/BGR 0.0000000000 424.6205057647 110.0137500117 26.7914229358
Europe/EasternEurope/CZE 0.0000000000 451.4119287005 110.0137500117 58.4864964686
Europe/EasternEurope/HUN 0.0000000000 509.8984251691 110.0137500117 31.7266950805
Europe/EasternEurope/POL 0.0000000000 541.6251202495 110.0137500117 156.6388325980
Europe/EasternEurope/ROU 0.0000000000 698.2639528476 110.0137500117 53.1212724875
Europe/EasternEurope/RUS 0.0000000000 751.3852253351 110.0137500117 145.2907997151
Europe/EasternEurope/SVK 0.0000000000 896.6760250501 110.0137500117 67.4266154814
Europe/EasternEurope/UKR 0.0000000000 964.1026405315 110.0137500117 35.8973594685
Europe/NorthernEurope/DNK 110.0137500117 424.6205057647 157.5070191673 54.7359159831
Europe/NorthernEurope/EST 110.0137500117 479.3564217478 157.5070191673 10.0383526106
Europe/NorthernEurope/FIN 110.0137500117 489.3947743585 157.5070191673 86.1200415777
Europe/NorthernEurope/GBR 110.0137500117 575.5148159362 157.5070191673 187.9712025825
Europe/NorthernEurope/IRL 110.0137500117 763.4860185187 157.5070191673 11.0910272012
Europe/NorthernEurope/LTU 110.0137500117 774.5770457199 157.5070191673 20.2565577485
Europe/NorthernEurope/LVA 110.0137500117 794.8336034684 157.5070191673 10.9963142331
Europe/NorthernEurope/NOR 110.0137500117 805.8299177016 157.5070191673 56.0849362028
Europe/NorthernEurope/SWE 110.0137500117 861.9148539044 157.5070191673 138.0851460956
Europe/SouthernEurope/ESP 267.5207691790 424.6205057647 197.3186917248 167.0719973926
Europe/SouthernEurope/GRC 267.5207691790 591.6925031573 197.3186917248 31.5581580846
Europe/SouthernEurope/HRV 267.5207691790 623.2506612420 197.3186917248 11.7180997705
Europe/SouthernEurope/ITA 267.5207691790 634.9687610125 197.3186917248 309.1324376917
Europe/SouthernEurope/PRT 267.5207691790 944.1011987042 197.3186917248 47.5927747644
Europe/SouthernEurope/SVN 267.5207691790 991.6939734685 197.3186917248 8.3060265315
Europe/WesternEurope/AUS 464.8394609038 424.6205057647 535.1605390962 30.9876403502
Europe/WesternEurope/CHE 464.8394609038 455.6081461149 535.1605390962 51.5986910028
Europe/WesternEurope/DEU 464.8394609038 507.2068371177 535.1605390962 304.4999760721
Europe/WesternEurope/FRA 464.8394609038 811.7068131898 535.1605390962 136.9474174400
Europe/WesternEurope/NLD 464.8394609038 948.6542306299 535.1605390962 51.3457693701

Africa/NorthernAfrica/DZA 0.0000000000 0.0000000000 1000.0000000000 11.5235617500
Africa/NorthernAfrica/EGY 0.0000000000 11.5235617500 1000.0000000000 2.7908184928
Africa/NorthernAfrica/MAR 0.0000000000 14.3143802428 1000.0000000000 3.9189743580
Africa/NorthernAfrica/TUN 0.0000000000 18.2333546007 1000.0000000000 2.1721108815
America/NorthernAmerica/CAN 0.0000000000 20.4054654822 960.8202738600 49.9653360617
America/NorthernAmerica/MEX 0.0000000000 70.3708015439 960.8202738600 1.7268487910
America/NorthernAmerica/USA 0.0000000000 72.0976503349 960.8202738600 238.9544312871
America/SouthernAmerica/ARG 960.8202738600 20.4054654822 39.1797261400 102.0909469410
America/SouthernAmerica/CHL 960.8202738600 122.4964124232 39.1797261400 36.4478069717
America/SouthernAmerica/COL 960.8202738600 158.9442193950 39.1797261400 152.1078622270
Asia/EasternAsia/CHN 0.0000000000 311.0520816219 758.2771932388 7.5693743818
Asia/EasternAsia/JPN 0.0000000000 318.6214560038 758.2771932388 76.1857714116
Asia/EasternAsia/KOR 0.0000000000 394.8072274154 758.2771932388 21.4026661523
Asia/SouthEasternAsia/IDN 758.2771932388 311.0520816219 170.0256400911 23.4415662364
Asia/SouthEasternAsia/MYS 758.2771932388 334.4936478583 170.0256400911 36.1613434849
Asia/SouthEasternAsia/PHL 758.2771932388 370.6549913433 170.0256400911 14.0131068590
Asia/SouthEasternAsia/SGP 758.2771932388 384.6680982023 170.0256400911 17.7645960963
Asia/SouthEasternAsia/THA 758.2771932388 402.4326942985 170.0256400911 13.7771992691
Asia/WesternAsia/IND 928.3028333300 311.0520816219 71.6971666700 59.3464003276
Asia/WesternAsia/TUR 928.3028333300 370.3984819495 71.6971666700 45.8114116182
AustraliaandNewZealand/NZL 0.0000000000 416.2098935677 1000.0000000000 2.1507083394
Europe/EasternEurope/BGR 0.0000000000 418.3606019071 116.9834928854 32.9739991307
Europe/EasternEurope/CZE 0.0000000000 451.3346010378 116.9834928854 53.1381526838
Europe/EasternEurope/HUN 0.0000000000 504.4727537216 116.9834928854 31.4964748489
Europe/EasternEurope/POL 0.0000000000 535.9692285705 116.9834928854 155.8254219220
Europe/EasternEurope/ROU 0.0000000000 691.7946504925 116.9834928854 54.5717806907
Europe/EasternEurope/RUS 0.0000000000 746.3664311833 116.9834928854 148.1144169939
Europe/EasternEurope/SVK 0.0000000000 894.4808481772 116.9834928854 67.7958051162
Europe/EasternEurope/UKR 0.0000000000 962.2766532934 116.9834928854 37.7233467066
Europe/NorthernEurope/DNK 116.9834928854 418.3606019071 148.7688913530 53.7414357823
Europe/NorthernEurope/EST 116.9834928854 472.1020376894 148.7688913530 9.0597875570
Europe/NorthernEurope/FIN 116.9834928854 481.1618252464 148.7688913530 79.1695744333
Europe/NorthernEurope/GBR 116.9834928854 560.3313996797 148.7688913530 193.5096411075
Europe/NorthernEurope/IRL 116.9834928854 753.8410407872 148.7688913530 13.3812067541
Europe/NorthernEurope/LTU 116.9834928854 767.2222475413 148.7688913530 24.4549408877
Europe/NorthernEurope/LVA 116.9834928854 791.6771884290 148.7688913530 12.6352874659
Europe/NorthernEurope/NOR 116.9834928854 804.3124758949 148.7688913530 52.0023895502
Europe/NorthernEurope/SWE 116.9834928854 856.3148654451 148.7688913530 143.6851345549
Europe/SouthernEurope/ESP 265.7523842384 418.3606019071 200.8468115814 159.8628148738
Europe/SouthernEurope/GRC 265.7523842384 578.2234167808 200.8468115814 32.5229411180
Europe/SouthernEurope/HRV 265.7523842384 610.7463578988 200.8468115814 12.0039515230
Europe/SouthernEurope/ITA 265.7523842384 622.7503094219 200.8468115814 321.5678597851
Europe/SouthernEurope/PRT 265.7523842384 944.3181692070 200.8468115814 46.7488844325
Europe/SouthernEurope/SVN 265.7523842384 991.0670536395 200.8468115814 8.9329463605
Europe/WesternEurope/AUS 466.5991958198 418.3606019071 533.4008041802 31.6052223443
Europe/WesternEurope/CHE 466.5991958198 449.9658242513 533.4008041802 51.7931483333
Europe/WesternEurope/DEU 466.5991958198 501.7589725847 533.4008041802 295.0303435041
Europe/WesternEurope/FRA 466.5991958198 796.7893160888 533.4008041802 149.5007092428
Europe/WesternEurope/NLD 466.5991958198 946.2900253315 533.4008041802 53.7099746685

Africa/NorthernAfrica/DZA 0.0000000000 0.0000000000 1000.0000000000 12.3849503645
Africa/NorthernAfrica/EGY 0.0000000000 12.3849503645 1000.0000000000 2.9649999698
Africa/NorthernAfrica/MAR 0.0000000000 15.3499503343 1000.0000000000 4.2264292853
Africa/NorthernAfrica/TUN 0.0000000000 19.5763796196 1000.0000000000 2.1826872279
America/NorthernAmerica/CAN 0.0000000000 21.7590668476 970.9746103060 47.6231274935
America/NorthernAmerica/MEX 0.0000000000 69.3821943411 970.9746103060 2.1959743445
America/NorthernAmerica/USA 0.0000000000 71.5781686856 970.9746103060 220.2658982044
America/SouthernAmerica/ARG 970.9746103060 21.7590668476 29.0253896940 136.8945608575
America/SouthernAmerica/CHL 970.9746103060 158.6536277051 29.0253896940 63.4734227195
America/SouthernAmerica/COL 970.9746103060 222.1270504246 29.0253896940 69.7170164654
Asia/EasternAsia/CHN 0.0000000000 291.8440668900 761.5469144726 7.3370949836
Asia/EasternAsia/JPN 0.0000000000 299.1811618736 761.5469144726 81.5679322688
Asia/EasternAsia/KOR 0.0000000000 380.7490941424 761.5469144726 21.3680681594
Asia/SouthEasternAsia/IDN 761.5469144726 291.8440668900 160.0901726287 9.5018729027
Asia/SouthEasternAsia/MYS 761.5469144726 301.3459397927 160.0901726287 50.5933158118
Asia/SouthEasternAsia/PHL 761.5469144726 351.9392556045 160.0901726287 13.5983999725
Asia/SouthEasternAsia/SGP 761.5469144726 365.5376555770 160.0901726287 17.3910885975
Asia/SouthEasternAsia/THA 761.5469144726 382.9287441745 160.0901726287 19.1884181274
Asia/WesternAsia/IND 921.6370871014 291.8440668900 78.3629128986 62.0411599140
Asia/WesternAsia/TUR 921.6370871014 353.8852268040 78.3629128986 48.2319354978
AustraliaandNewZealand/NZL 0.0000000000 402.1171623019 1000.0000000000 2.3370256616
Europe/EasternEurope/BGR 0.0000000000 404.4541879635 125.6085795851 33.2242242513
Europe/EasternEurope/CZE 0.0000000000 437.6784122148 125.6085795851 55.5833718417
Europe/EasternEurope/HUN 0.0000000000 493.2617840565 125.6085795851 29.5797303313
Europe/EasternEurope/POL 0.0000000000 522.8415143878 125.6085795851 139.9274288231
Europe/EasternEurope/ROU 0.0000000000 662.7689432108 125.6085795851 59.5644569893
Europe/EasternEurope/RUS 0.0000000000 722.3334002001 125.6085795851 161.4622247979
Europe/EasternEurope/SVK 0.0000000000 883.7956249980 125.6085795851 71.9092339209
Europe/EasternEurope/UKR 0.0000000000 955.7048589190 125.6085795851 44.2951410810
Europe/NorthernEurope/DNK 125.6085795851 404.4541879635 137.4932992673 58.2498911003
Europe/NorthernEurope/EST 125.6085795851 462.7040790638 137.4932992673 10.4506618658
Europe/NorthernEurope/FIN 125.6085795851 473.1547409296 137.4932992673 76.0023766713
Europe/NorthernEurope/GBR 125.6085795851 549.1571176009 137.4932992673 197.1712440362
Europe/NorthernEurope/IRL 125.6085795851 746.3283616371 137.4932992673 15.4828071363
Europe/NorthernEurope/LTU 125.6085795851 761.8111687735 137.4932992673 30.5287615151
Europe/NorthernEurope/LVA 125.6085795851 792.3399302886 137.4932992673 13.9658223473
Europe/NorthernEurope/NOR 125.6085795851 806.3057526359 137.4932992673 55.3568322744
Europe/NorthernEurope/SWE 125.6085795851 861.6625849103 137.4932992673 138.3374150897
Europe/SouthernEurope/ESP 263.1018788524 404.4541879635 198.4026953420 159.6287970871
Europe/SouthernEurope/GRC 263.1018788524 564.0829850506 198.4026953420 37.1825625940
Europe/SouthernEurope/HRV 263.1018788524 601.2655476446 198.4026953420 14.1182355460
Europe/SouthernEurope/ITA 263.1018788524 615.3837831906 198.4026953420 325.5411966490
Europe/SouthernEurope/PRT 263.1018788524 940.9249798396 198.4026953420 48.7113799505
Europe/SouthernEurope/SVN 263.1018788524 989.6363597901 198.4026953420 10.3636402099
Europe/WesternEurope/AUS 461.5045741944 404.4541879635 538.4954258056 33.6266350513
Europe/WesternEurope/CHE 461.5045741944 438.0808230148 538.4954258056 52.0611515695
Europe/WesternEurope/DEU 461.5045741944 490.1419745843 538.4954258056 264.0290874442
Europe/WesternEurope/FRA 461.5045741944 754.1710620285 538.4954258056 187.7543612344
Europe/WesternEurope/NLD 461.5045741944 941.9254232629 538.4954258056 58.0745767371

Africa/NorthernAfrica/DZA 0.0000000000 0.0000000000 1000.0000000000 11.0614746416
Africa/NorthernAfrica/EGY 0.0000000000 11.0614746416 1000.0000000000 2.2669741202
Africa/NorthernAfrica/MAR 0.0000000000 13.3284487617 1000.0000000000 3.5311982183
Africa/NorthernAfrica/TUN 0.0000000000 16.8596469800 1000.0000000000 1.8326614765
America/NorthernAmerica/CAN 0.0000000000 18.6923084565 979.3950530724 47.9850775249
America/NorthernAmerica/MEX 0.0000000000 66.6773859814 979.3950530724 4.9855391463
America/NorthernAmerica/USA 0.0000000000 71.6629251276 979.3950530724 221.1171386616
America/SouthernAmerica/ARG 979.3950530724 18.6923084565 20.6049469276 137.2169136191
America/SouthernAmerica/CHL 979.3950530724 155.9092220756 20.6049469276 72.5646486229
America/SouthernAmerica/COL 979.3950530724 228.4738706985 20.6049469276 64.3061930907
Asia/EasternAsia/CHN 0.0000000000 292.7800637892 757.1764123193 8.9165373701
Asia/EasternAsia/JPN 0.0000000000 301.6966011593 757.1764123193 68.6011945436
Asia/EasternAsia/KOR 0.0000000000 370.2977957029 757.1764123193 25.0805987262
Asia/SouthEasternAsia/IDN 757.1764123193 292.7800637892 156.1508137920 10.7867483903
Asia/SouthEasternAsia/MYS 757.1764123193 303.5668121795 156.1508137920 48.4736719551
Asia/SouthEasternAsia/PHL 757.1764123193 352.0404841346 156.1508137920 4.9882479051
Asia/SouthEasternAsia/SGP 757.1764123193 357.0287320396 156.1508137920 14.0510466904
Asia/SouthEasternAsia/THA 757.1764123193 371.0797787301 156.1508137920 24.2986156990
Asia/WesternAsia/IND 913.3272261113 292.7800637892 86.6727738887 57.2345220047
Asia/WesternAsia/TUR 913.3272261113 350.0145857939 86.6727738887 45.3638086352
AustraliaandNewZealand/NZL 0.0000000000 395.3783944291 1000.0000000000 2.2747429979
Europe/EasternEurope/BGR 0.0000000000 397.6531374270 121.4499514924 32.8986588564
Europe/EasternEurope/CZE 0.0000000000 430.5517962834 121.4499514924 88.2794972834
Europe/EasternEurope/HUN 0.0000000000 518.8312935668 121.4499514924 37.6455670893
Europe/EasternEurope/POL 0.0000000000 556.4768606561 121.4499514924 120.2314337312
Europe/EasternEurope/ROU 0.0000000000 676.7082943873 121.4499514924 57.0554419019
Europe/EasternEurope/RUS 0.0000000000 733.7637362892 121.4499514924 169.5057289426
Europe/EasternEurope/SVK 0.0000000000 903.2694652318 121.4499514924 64.8324547545
Europe/EasternEurope/UKR 0.0000000000 968.1019199863 121.4499514924 31.8980800137
Europe/NorthernEurope/DNK 121.4499514924 397.6531374270 140.0825930965 51.5011789189
Europe/NorthernEurope/EST 121.4499514924 449.1543163459 140.0825930965 11.3667306515
Europe/NorthernEurope/FIN 121.4499514924 460.5210469974 140.0825930965 76.3140580190
Europe/NorthernEurope/GBR 121.4499514924 536.8351050163 140.0825930965 214.2093073983
Europe/NorthernEurope/IRL 121.4499514924 751.0444124147 140.0825930965 16.2380184274
Europe/NorthernEurope/LTU 121.4499514924 767.2824308421 140.0825930965 29.3426852728
Europe/NorthernEurope/LVA 121.4499514924 796.6251161149 140.0825930965 14.9703948548
Europe/NorthernEurope/NOR 121.4499514924 811.5955109697 140.0825930965 52.9047169003
Europe/NorthernEurope/SWE 121.4499514924 864.5002278700 140.0825930965 135.4997721300
Europe/SouthernEurope/ESP 261.5325445889 397.6531374270 199.8405988801 189.4705541997
Europe/SouthernEurope/GRC 261.5325445889 587.1236916267 199.8405988801 38.0628888531
Europe/SouthernEurope/HRV 261.5325445889 625.1865804798 199.8405988801 12.9018891316
Europe/SouthernEurope/ITA 261.5325445889 638.0884696114 199.8405988801 307.8062876716
Europe/SouthernEurope/PRT 261.5325445889 945.8947572830 199.8405988801 45.0683146191
Europe/SouthernEurope/SVN 261.5325445889 990.9630719021 199.8405988801 9.0369280979
Europe/WesternEurope/AUS 461.3731434690 397.6531374270 538.6268565310 32.1671032640
Europe/WesternEurope/CHE 461.3731434690 429.8202406910 538.6268565310 48.4868485142
Europe/WesternEurope/DEU 461.3731434690 478.3070892051 538.6268565310 268.6546610839
Europe/WesternEurope/FRA 461.3731434690 746.9617502890 538.6268565310 177.5368785251
Europe/WesternEurope/NLD 461.3731434690 924.4986288141 538.6268565310 75.5013711859

Africa/NorthernAfrica/DZA 0.0000000000 0.0000000000 1000.0000000000 10.9092509722
Africa/NorthernAfrica/EGY 0.0000000000 10.9092509722 1000.0000000000 3.0346587684
Africa/NorthernAfrica/MAR 0.0000000000 13.9439097407 1000.0000000000 3.5591007887
Africa/NorthernAfrica/TUN 0.0000000000 17.5030105294 1000.0000000000 1.9667051237
America/NorthernAmerica/CAN 0.0000000000 19.4697156531 978.9362413677 46.3304415884
America/NorthernAmerica/MEX 0.0000000000 65.8001572415 978.9362413677 5.8525817430
America/NorthernAmerica/USA 0.0000000000 71.6527389845 978.9362413677 225.7469114091
America/SouthernAmerica/ARG 978.9362413677 19.4697156531 21.0637586323 163.1729089272
America/SouthernAmerica/CHL 978.9362413677 182.6426245803 21.0637586323 87.8985453885
America/SouthernAmerica/COL 978.9362413677 270.5411699688 21.0637586323 26.8584804248
Asia/EasternAsia/CHN 0.0000000000 297.3996503936 761.7527277460 11.0059374117
Asia/EasternAsia/JPN 0.0000000000 308.4055878053 761.7527277460 76.0196699611
Asia/EasternAsia/KOR 0.0000000000 384.4252577664 761.7527277460 26.3017870543
Asia/SouthEasternAsia/IDN 761.7527277460 297.3996503936 152.0433693816 7.5857874544
Asia/SouthEasternAsia/MYS 761.7527277460 304.9854378480 152.0433693816 52.6790592435
Asia/SouthEasternAsia/PHL 761.7527277460 357.6644970914 152.0433693816 8.0499853573
Asia/SouthEasternAsia/SGP 761.7527277460 365.7144824487 152.0433693816 16.7998472940
Asia/SouthEasternAsia/THA 761.7527277460 382.5143297427 152.0433693816 28.2127150779
Asia/WesternAsia/IND 913.7960971276 297.3996503936 86.2039028724 50.9587364879
Asia/WesternAsia/TUR 913.7960971276 348.3583868815 86.2039028724 62.3686579391
AustraliaandNewZealand/NZL 0.0000000000 410.7270448206 1000.0000000000 2.4307964445
Europe/EasternEurope/BGR 0.0000000000 413.1578412651 138.7535376110 30.9926738463
Europe/EasternEurope/CZE 0.0000000000 444.1505151114 138.7535376110 137.9187056539
Europe/EasternEurope/HUN 0.0000000000 582.0692207653 138.7535376110 26.7123769049
Europe/EasternEurope/POL 0.0000000000 608.7815976702 138.7535376110 120.6737679264
Europe/EasternEurope/ROU 0.0000000000 729.4553655966 138.7535376110 49.6259439540
Europe/EasternEurope/RUS 0.0000000000 779.0813095506 138.7535376110 134.9189195816
Europe/EasternEurope/SVK 0.0000000000 914.0002291322 138.7535376110 63.2619731875
Europe/EasternEurope/UKR 0.0000000000 977.2622023198 138.7535376110 22.7377976802
Europe/NorthernEurope/DNK 138.7535376110 413.1578412651 147.7626698532 45.5622743430
Europe/NorthernEurope/EST 138.7535376110 458.7201156081 147.7626698532 9.1258626925
Europe/NorthernEurope/FIN 138.7535376110 467.8459783006 147.7626698532 73.8981716281
Europe/NorthernEurope/GBR 138.7535376110 541.7441499287 147.7626698532 233.0568582989
Europe/NorthernEurope/IRL 138.7535376110 774.8010082276 147.7626698532 18.4864471945
Europe/NorthernEurope/LTU 138.7535376110 793.2874554221 147.7626698532 26.8076488593
Europe/NorthernEurope/LVA 138.7535376110 820.0951042814 147.7626698532 11.7898381670
Europe/NorthernEurope/NOR 138.7535376110 831.8849424485 147.7626698532 50.9602533411
Europe/NorthernEurope/SWE 138.7535376110 882.8451957896 147.7626698532 117.1548042104
Europe/SouthernEurope/ESP 286.5162074642 413.1578412651 209.0055368674 177.0732742924
Europe/SouthernEurope/GRC 286.5162074642 590.2311155575 209.0055368674 36.2987566252
Europe/SouthernEurope/HRV 286.5162074642 626.5298721827 209.0055368674 11.6539704392
Europe/SouthernEurope/ITA 286.5162074642 638.1838426219 209.0055368674 311.6569615030
Europe/SouthernEurope/PRT 286.5162074642 949.8408041249 209.0055368674 41.2827540030
Europe/SouthernEurope/SVN 286.5162074642 991.1235581279 209.0055368674 8.8764418721
Europe/WesternEurope/AUS 495.5217443316 413.1578412651 504.4782556684 31.1139975351
Europe/WesternEurope/CHE 495.5217443316 444.2718388002 504.4782556684 57.1421932690
Europe/WesternEurope/DEU 495.5217443316 501.4140320691 504.4782556684 247.3485310687
Europe/WesternEurope/FRA 495.5217443316 748.7625631378 504.4782556684 173.5463086789
Europe/WesternEurope/NLD 495.5217443316 922.3088718166 504.4782556684 77.6911281834

