new coffee 20
Africa/NorthernAfrica/DZA 695.3083465418 934.9114562727 177.4533183182 65.0885437273
Africa/NorthernAfrica/EGY 929.8318534089 969.3276233798 40.6134445795 30.6723766202
Africa/NorthernAfrica/MAR 872.7616648600 934.9114562727 57.0701885489 65.0885437273
Africa/NorthernAfrica/TUN 929.8318534089 934.9114562727 40.6134445795 34.4161671070
America/NorthernAmerica/CAN 576.3014899089 604.6272922841 91.3990763495 391.8488417538
America/NorthernAmerica/MEX 576.3014899089 996.4761340379 91.3990763495 3.5238659621
America/NorthernAmerica/USA 0.0000000000 604.6272922841 576.3014899089 395.3727077159
America/SouthernAmerica/ARG 667.7005662584 604.6272922841 27.6077802834 307.8249525445
America/SouthernAmerica/CHL 667.7005662584 912.4522448286 27.6077802834 87.5297310122
America/SouthernAmerica/COL 667.7005662584 999.9819758408 27.6077802834 0.0180241592
Asia/EasternAsia/CHN 954.5115586760 877.0890265243 45.4884413240 31.9803725496
Asia/EasternAsia/JPN 695.3083465418 604.6272922841 259.2032121342 304.4421067898
Asia/EasternAsia/KOR 954.5115586760 604.6272922841 45.4884413240 272.4617342402
Asia/SouthEasternAsia/IDN 900.0609989984 909.0693990739 2.5852028179 18.8685828366
Asia/SouthEasternAsia/MYS 800.6823684811 909.0693990739 99.3786305174 25.8420571989
Asia/SouthEasternAsia/PHL 900.0609989984 927.9379819104 2.5852028179 5.3567172129
Asia/SouthEasternAsia/SGP 695.3083465418 909.0693990739 105.3740219393 25.8420571989
Asia/SouthEasternAsia/THA 900.0609989984 933.2946991233 2.5852028179 1.6167571495
Asia/WesternAsia/IND 996.5556718173 909.0693990739 3.4443281827 25.8420571989
Asia/WesternAsia/TUR 902.6462018164 909.0693990739 93.9094700009 25.8420571989
AustraliaandNewZealand/NZL 970.4452979884 934.9114562727 29.5547020116 65.0885437273
Europe/EasternEurope/BGR 964.3669137578 583.3961035230 18.2680228590 21.2311887611
Europe/EasternEurope/CZE 871.1390360126 447.4542269211 69.2782712893 93.4491471301
Europe/EasternEurope/HUN 940.4173073019 447.4542269211 59.5826926981 93.4491471301
Europe/EasternEurope/POL 871.1390360126 298.1660380467 128.8609639874 149.2881888744
Europe/EasternEurope/ROU 964.3669137578 540.9033740512 35.6330862422 42.4927294718
Europe/EasternEurope/RUS 920.3813622250 540.9033740512 43.9855515328 63.7239182328
Europe/EasternEurope/SVK 871.1390360126 540.9033740512 49.2423262125 63.7239182328
Europe/EasternEurope/UKR 982.6349366168 583.3961035230 17.3650633832 21.2311887611
Europe/NorthernEurope/DNK 729.0000076547 411.1363210796 142.1390283578 91.9408222203
Europe/NorthernEurope/EST 820.2815865001 503.0771432999 50.8574495125 33.2843445710
Europe/NorthernEurope/FIN 729.0000076547 298.1660380467 142.1390283578 112.9702830329
Europe/NorthernEurope/GBR 542.2962453956 298.1660380467 186.7037622592 174.9706892990
Europe/NorthernEurope/IRL 820.2815865001 568.3218270060 30.4016403767 36.3054652781
Europe/NorthernEurope/LTU 820.2815865001 536.3614878710 50.8574495125 31.9603391350
Europe/NorthernEurope/LVA 850.6832268768 568.3218270060 20.4558091357 36.3054652781
Europe/NorthernEurope/NOR 729.0000076547 503.0771432999 91.2815788453 101.5501489842
Europe/NorthernEurope/SWE 542.2962453956 473.1367273457 186.7037622592 131.4905649384
Europe/SouthernEurope/ESP 782.9214979136 0.0000000000 217.0785020864 185.9299110080
Europe/SouthernEurope/GRC 875.8601595872 185.9299110080 62.2339209249 112.2361270387
Europe/SouthernEurope/HRV 938.0940805122 185.9299110080 61.9059194878 72.1623433456
Europe/SouthernEurope/ITA 542.2962453956 0.0000000000 240.6252525180 298.1660380467
Europe/SouthernEurope/PRT 782.9214979136 185.9299110080 92.9386616737 112.2361270387
Europe/SouthernEurope/SVN 938.0940805122 258.0922543537 61.9059194878 40.0737836930
Europe/WesternEurope/AUS 412.0949776950 483.1219672978 130.2012677006 121.5053249863
Europe/WesternEurope/CHE 279.9612166581 483.1219672978 132.1337610368 121.5053249863
Europe/WesternEurope/DEU 0.0000000000 0.0000000000 542.2962453956 311.1130621285
Europe/WesternEurope/FRA 0.0000000000 311.1130621285 279.9612166581 293.5142301556
Europe/WesternEurope/NLD 279.9612166581 311.1130621285 262.3350287374 172.0089051693

Africa/NorthernAfrica/DZA 729.7413145546 943.3332611507 141.8591909278 56.6667388493
Africa/NorthernAfrica/EGY 926.3612132121 978.3432551643 40.0539340424 21.6567448357
Africa/NorthernAfrica/MAR 871.6005054824 943.3332611507 54.7607077297 56.6667388493
Africa/NorthernAfrica/TUN 926.3612132121 943.3332611507 40.0539340424 35.0099940136
America/NorthernAmerica/CAN 617.2793415868 577.9942597205 90.8245049442 401.9206722934
America/NorthernAmerica/MEX 617.2793415868 979.9149320139 90.8245049442 20.0850679861
America/NorthernAmerica/USA 0.0000000000 577.9942597205 617.2793415868 422.0057402795
America/SouthernAmerica/ARG 708.1038465310 577.9942597205 21.6374680235 334.6419610222
America/SouthernAmerica/CHL 708.1038465310 912.6362207427 21.6374680235 87.2473455912
America/SouthernAmerica/COL 708.1038465310 999.8835663339 21.6374680236 0.1164336661
Asia/EasternAsia/CHN 996.5928409267 854.3222481708 3.4071590733 53.1582916134
Asia/EasternAsia/JPN 729.7413145546 577.9942597205 270.2586854454 276.3279884502
Asia/EasternAsia/KOR 729.7413145546 854.3222481708 266.8515263721 53.1582916134
Asia/SouthEasternAsia/IDN 903.3413639408 907.4805397842 26.4542529012 35.8527213665
Asia/SouthEasternAsia/MYS 842.6602244597 907.4805397842 60.6811394811 35.8527213665
Asia/SouthEasternAsia/PHL 929.7956168420 907.4805397842 13.3269471053 35.2373413674
Asia/SouthEasternAsia/SGP 729.7413145546 907.4805397842 112.9189099052 35.8527213665
Asia/SouthEasternAsia/THA 929.7956168420 942.7178811516 13.3269471053 0.6153799991
Asia/WesternAsia/IND 993.8027007643 907.4805397842 6.1972992357 35.8527213665
Asia/WesternAsia/TUR 943.1225639474 907.4805397842 50.6801368170 35.8527213665
AustraliaandNewZealand/NZL 966.4151472545 943.3332611507 33.5848527455 56.6667388493
Europe/EasternEurope/BGR 986.9434743474 519.1090715036 13.0565256526 30.3832180506
Europe/EasternEurope/CZE 892.9477552009 427.8358003392 58.8295301665 91.2732711644
Europe/EasternEurope/HUN 951.7772853674 427.8358003392 48.2227146326 91.2732711644
Europe/EasternEurope/POL 892.9477552009 267.3825078548 107.0522447991 160.4532924844
Europe/EasternEurope/ROU 937.8861957045 553.1654918091 49.0572786429 24.8287679115
Europe/EasternEurope/RUS 937.8861957045 519.1090715036 49.0572786429 34.0564203055
Europe/EasternEurope/SVK 892.9477552009 519.1090715036 44.9384405036 58.8851882170
Europe/EasternEurope/UKR 986.9434743474 549.4922895541 13.0565256526 28.5019701664
Europe/NorthernEurope/DNK 744.0247723691 388.2459747049 148.9229828318 84.6309737922
Europe/NorthernEurope/EST 838.1363380159 472.8769484971 54.8114171850 33.6724415153
Europe/NorthernEurope/FIN 744.0247723691 267.3825078548 148.9229828318 120.8634668502
Europe/NorthernEurope/GBR 552.3803438580 267.3825078548 191.6444285111 170.7456072157
Europe/NorthernEurope/IRL 838.1363380159 538.4567613363 29.5498912720 39.5374983843
Europe/NorthernEurope/LTU 838.1363380159 506.5493900124 54.8114171850 31.9073713239
Europe/NorthernEurope/LVA 867.6862292879 538.4567613363 25.2615259130 39.5374983843
Europe/NorthernEurope/NOR 744.0247723691 472.8769484971 94.1115656468 105.1173112234
Europe/NorthernEurope/SWE 552.3803438580 438.1281150705 191.6444285111 139.8661446501
Europe/SouthernEurope/ESP 780.5705502737 0.0000000000 219.4294497263 170.5506589361
Europe/SouthernEurope/GRC 869.1398489663 170.5506589361 63.4389272433 96.8318489186
Europe/SouthernEurope/HRV 932.5787762096 170.5506589361 67.4212237904 67.4306563206
Europe/SouthernEurope/ITA 552.3803438580 0.0000000000 228.1902064157 267.3825078548
Europe/SouthernEurope/PRT 780.5705502737 170.5506589361 88.5692986926 96.8318489186
Europe/SouthernEurope/SVN 932.5787762096 237.9813152568 67.4212237904 29.4011925980
Europe/WesternEurope/AUS 438.1220335143 430.9676356074 114.2583103437 147.0266241132
Europe/WesternEurope/CHE 438.1220335143 319.0330772995 114.2583103437 111.9345583079
Europe/WesternEurope/DEU 0.0000000000 0.0000000000 552.3803438580 319.0330772995
Europe/WesternEurope/FRA 0.0000000000 319.0330772995 292.2963091997 258.9611824210
Europe/WesternEurope/NLD 292.2963091997 319.0330772995 145.8257243145 258.9611824210

Africa/NorthernAfrica/DZA 715.6077596658 929.4331995999 170.7484227529 70.5668004001
Africa/NorthernAfrica/EGY 939.4775858374 971.8537244520 31.3694618775 28.1462755480
Africa/NorthernAfrica/MAR 886.3561824187 929.4331995999 53.1214034187 70.5668004001
Africa/NorthernAfrica/TUN 939.4775858374 929.4331995999 31.3694618775 42.4205248521
America/NorthernAmerica/CAN 590.4950960597 576.8845520387 105.1929978468 410.0157007678
America/NorthernAmerica/MEX 590.4950960597 986.9002528065 105.1929978468 13.0997471935
America/NorthernAmerica/USA 0.0000000000 576.8845520387 590.4950960597 423.1154479613
America/SouthernAmerica/ARG 695.6880939066 576.8845520387 19.9196657592 337.1644295054
America/SouthernAmerica/CHL 695.6880939066 914.0489815440 19.9196657592 85.8663937368
America/SouthernAmerica/COL 695.6880939066 999.9153752809 19.9196657593 0.0846247191
Asia/EasternAsia/CHN 981.1883622355 853.1974935982 18.8116377645 44.7471213345
Asia/EasternAsia/JPN 715.6077596658 576.8845520387 284.3922403342 276.3129415595
Asia/EasternAsia/KOR 715.6077596658 853.1974935982 265.5806025697 44.7471213345
Asia/SouthEasternAsia/IDN 862.7804194576 897.9446149327 9.9343010589 31.4885846673
Asia/SouthEasternAsia/MYS 805.5658289204 897.9446149327 57.2145905372 31.4885846673
Asia/SouthEasternAsia/PHL 872.7147205165 897.9446149327 46.8870169121 31.4885846673
Asia/SouthEasternAsia/SGP 715.6077596658 897.9446149327 89.9580692546 31.4885846673
Asia/SouthEasternAsia/THA 919.6017374286 897.9446149327 5.4693909054 31.4885846673
Asia/WesternAsia/IND 991.8454683909 897.9446149327 8.1545316091 31.4885846673
Asia/WesternAsia/TUR 925.0711283340 897.9446149327 66.7743400569 31.4885846673
AustraliaandNewZealand/NZL 970.8470477149 929.4331995999 29.1529522851 70.5668004001
Europe/EasternEurope/BGR 978.5050071093 510.2623246568 21.4949928907 28.3904674226
Europe/EasternEurope/CZE 882.7165231082 422.0198931257 57.6167407181 88.2424315310
Europe/EasternEurope/HUN 940.3332638262 422.0198931257 59.6667361738 88.2424315310
Europe/EasternEurope/POL 882.7165231082 273.3829296070 117.2834768918 148.6369635187
Europe/EasternEurope/ROU 926.5304302115 524.9217666726 51.9745768978 51.9627853661
Europe/EasternEurope/RUS 926.5304302115 510.2623246568 51.9745768978 14.6594420158
Europe/EasternEurope/SVK 882.7165231082 510.2623246568 43.8139071034 66.6222273819
Europe/EasternEurope/UKR 978.5050071093 538.6527920793 21.4949928907 38.2317599593
Europe/NorthernEurope/DNK 729.4955804350 386.9348008535 153.2209426732 84.1990636606
Europe/NorthernEurope/EST 818.7634130428 471.1338645141 63.9531100653 29.2578053109
Europe/NorthernEurope/FIN 729.4955804350 273.3829296070 153.2209426732 113.5518712464
Europe/NorthernEurope/GBR 535.8851467188 273.3829296070 193.6104337162 184.5340350803
Europe/NorthernEurope/IRL 818.7634130428 539.6456954593 29.5009540400 37.2388565794
Europe/NorthernEurope/LTU 818.7634130428 500.3916698250 63.9531100653 39.2540256343
Europe/NorthernEurope/LVA 848.2643670828 539.6456954593 34.4521560253 37.2388565794
Europe/NorthernEurope/NOR 729.4955804350 471.1338645141 89.2678326079 105.7506875246
Europe/NorthernEurope/SWE 535.8851467188 457.9169646874 193.6104337162 118.9675873513
Europe/SouthernEurope/ESP 783.9216105354 0.0000000000 216.0783894646 178.3190304725
Europe/SouthernEurope/GRC 880.9113349441 178.3190304725 51.9399664887 95.0638991346
Europe/SouthernEurope/HRV 932.8513014328 178.3190304725 67.1486985672 63.1827053311
Europe/SouthernEurope/ITA 535.8851467188 0.0000000000 248.0364638166 273.3829296070
Europe/SouthernEurope/PRT 783.9216105354 178.3190304725 96.9897244087 95.0638991346
Europe/SouthernEurope/SVN 932.8513014328 241.5017358036 67.1486985672 31.8811938035
Europe/WesternEurope/AUS 296.2107078768 503.5141934370 239.6744388420 73.3703586016
Europe/WesternEurope/CHE 446.2233736984 321.8504100726 89.6617730204 181.6637833644
Europe/WesternEurope/DEU 0.0000000000 0.0000000000 535.8851467188 321.8504100726
Europe/WesternEurope/FRA 0.0000000000 321.8504100726 296.2107078768 255.0341419661
Europe/WesternEurope/NLD 296.2107078768 321.8504100726 150.0126658216 181.6637833644

Africa/NorthernAfrica/DZA 718.4193090158 921.7056222544 178.1515865139 78.2943777456
Africa/NorthernAfrica/EGY 946.1378596019 965.3212501113 32.7506452942 34.6787498887
Africa/NorthernAfrica/MAR 896.5708955297 921.7056222544 49.5669640723 78.2943777456
Africa/NorthernAfrica/TUN 946.1378596019 921.7056222544 32.7506452942 43.6156278569
America/NorthernAmerica/CAN 598.7034285384 563.9391674562 103.3409105446 422.6141885300
America/NorthernAmerica/MEX 598.7034285384 986.5533559863 103.3409105446 13.4466440137
America/NorthernAmerica/USA 0.0000000000 563.9391674562 598.7034285384 436.0608325438
America/SouthernAmerica/ARG 702.0443390830 563.9391674562 16.3749699328 341.8784075078
America/SouthernAmerica/CHL 702.0443390830 905.8175749640 16.3749699328 94.0006345837
America/SouthernAmerica/COL 702.0443390830 999.8182095478 16.3749699328 0.1817904522
Asia/EasternAsia/CHN 982.8205323880 848.4062629027 17.1794676120 43.9752233786
Asia/EasternAsia/JPN 718.4193090158 563.9391674562 281.5806909842 284.4670954465
Asia/EasternAsia/KOR 718.4193090158 848.4062629027 264.4012233721 43.9752233786
Asia/SouthEasternAsia/IDN 902.2378757277 892.3814862813 10.4486865449 29.3241359731
Asia/SouthEasternAsia/MYS 821.0782659691 892.3814862813 81.1596097586 29.3241359731
Asia/SouthEasternAsia/PHL 912.6865622726 892.3814862813 26.5388765473 28.2081770793
Asia/SouthEasternAsia/SGP 718.4193090158 892.3814862813 102.6589569533 29.3241359731
Asia/SouthEasternAsia/THA 912.6865622726 920.5896633606 26.5388765473 1.1159588938
Asia/WesternAsia/IND 990.6438599542 892.3814862813 9.3561400458 29.3241359731
Asia/WesternAsia/TUR 939.2254388199 892.3814862813 51.4184211343 29.3241359731
AustraliaandNewZealand/NZL 978.8885048962 921.7056222544 21.1114951038 78.2943777456
Europe/EasternEurope/BGR 975.7010742482 483.3302249928 24.2989257518 40.3320979459
Europe/EasternEurope/CZE 860.1502972990 401.2617048063 61.5965367297 82.0685201865
Europe/EasternEurope/HUN 921.7468340287 401.2617048063 78.2531659713 82.0685201865
Europe/EasternEurope/POL 860.1502972990 267.4424908196 139.8497027010 133.8192139867
Europe/EasternEurope/ROU 910.0931210485 483.3302249928 65.6079531997 80.6089424634
Europe/EasternEurope/RUS 860.1502972990 538.8432446328 49.9428237495 25.0959228234
Europe/EasternEurope/SVK 860.1502972990 483.3302249928 49.9428237495 55.5130196400
Europe/EasternEurope/UKR 975.7010742482 523.6623229388 24.2989257518 40.2768445174
Europe/NorthernEurope/DNK 706.1867983580 369.2098104302 153.9634989410 80.8822745609
Europe/NorthernEurope/EST 787.8973443632 450.0920849911 30.6849920263 65.8240670279
Europe/NorthernEurope/FIN 706.1867983580 267.4424908196 153.9634989410 101.7673196106
Europe/NorthernEurope/GBR 530.4826037902 267.4424908196 175.7041945678 179.1770571090
Europe/NorthernEurope/IRL 787.8973443632 515.9161520190 38.1370543498 48.0230154372
Europe/NorthernEurope/LTU 818.5823363895 450.0920849911 41.5679609094 65.8240670279
Europe/NorthernEurope/LVA 826.0343987130 515.9161520190 34.1158985860 48.0230154372
Europe/NorthernEurope/NOR 706.1867983580 450.0920849911 81.7105460052 113.8470824651
Europe/NorthernEurope/SWE 530.4826037902 446.6195479286 175.7041945678 117.3196195276
Europe/SouthernEurope/ESP 775.9398385515 0.0000000000 224.0601614485 173.8292710869
Europe/SouthernEurope/GRC 881.8311092946 173.8292710869 50.1013377943 93.6132197327
Europe/SouthernEurope/HRV 931.9324470889 173.8292710869 68.0675529111 60.0943605683
Europe/SouthernEurope/ITA 530.4826037902 0.0000000000 245.4572347612 267.4424908196
Europe/SouthernEurope/PRT 775.9398385515 173.8292710869 105.8912707431 93.6132197327
Europe/SouthernEurope/SVN 931.9324470889 233.9236316553 68.0675529111 33.5188591643
Europe/WesternEurope/AUS 396.6258702728 429.7750549283 133.8567335175 134.1641125280
Europe/WesternEurope/CHE 278.6559304045 429.7750549283 117.9699398682 134.1641125280
Europe/WesternEurope/DEU 0.0000000000 0.0000000000 530.4826037902 308.6386315585
Europe/WesternEurope/FRA 0.0000000000 308.6386315585 278.6559304045 255.3005358977
Europe/WesternEurope/NLD 278.6559304045 308.6386315585 251.8266733857 121.1364233698

Africa/NorthernAfrica/DZA 721.5555002715 925.3820732747 173.6842774667 74.6179267253
Africa/NorthernAfrica/EGY 948.8513658880 972.3305570470 30.5441509320 27.6694429530
Africa/NorthernAfrica/MAR 895.2397777382 925.3820732747 53.6115881497 74.6179267253
Africa/NorthernAfrica/TUN 948.8513658880 925.3820732747 30.5441509320 46.9484837724
America/NorthernAmerica/CAN 604.7374859675 543.1531140174 99.9493862583 447.2340342105
America/NorthernAmerica/MEX 604.7374859675 990.3871482279 99.9493862583 9.6128517721
America/NorthernAmerica/USA 0.0000000000 543.1531140174 604.7374859675 456.8468859826
America/SouthernAmerica/ARG 704.6868722258 543.1531140174 16.8686280458 347.3382704154
America/SouthernAmerica/CHL 704.6868722258 890.4913844328 16.8686280458 103.7196191199
America/SouthernAmerica/COL 704.6868722258 994.2110035526 16.8686280458 5.7889964474
Asia/EasternAsia/CHN 985.5005019038 848.0304091913 14.4994980962 44.6969173445
Asia/EasternAsia/JPN 721.5555002715 543.1531140174 278.4444997285 304.8772951739
Asia/EasternAsia/KOR 721.5555002715 848.0304091913 263.9450016323 44.6969173445
Asia/SouthEasternAsia/IDN 847.4084208577 892.7273265358 35.7903054682 32.6547467389
Asia/SouthEasternAsia/MYS 772.1462336298 892.7273265358 75.2621872279 32.6547467389
Asia/SouthEasternAsia/PHL 883.1987263259 892.7273265358 39.7355426575 32.6547467389
Asia/SouthEasternAsia/SGP 721.5555002715 892.7273265358 50.5907333582 32.6547467389
Asia/SouthEasternAsia/THA 922.9342689834 892.7273265358 1.7723029612 32.6547467389
Asia/WesternAsia/IND 985.1776319379 892.7273265358 14.8223680621 32.6547467389
Asia/WesternAsia/TUR 924.7065719446 892.7273265358 60.4710599933 32.6547467389
AustraliaandNewZealand/NZL 979.3955168200 925.3820732747 20.6044831800 74.6179267253
Europe/EasternEurope/BGR 918.0441259436 512.9455113740 44.3450121427 30.2076026434
Europe/EasternEurope/CZE 858.5656096407 375.4121963790 63.5999949545 68.9552546537
Europe/EasternEurope/HUN 922.1656045952 375.4121963790 77.8343954048 68.9552546537
Europe/EasternEurope/POL 858.5656096407 259.9461986124 141.4343903593 115.4659977666
Europe/EasternEurope/ROU 918.0441259436 444.3674510327 81.9558740564 68.5780603413
Europe/EasternEurope/RUS 858.5656096407 488.7010910977 59.4785163029 54.4520229197
Europe/EasternEurope/SVK 858.5656096407 444.3674510327 59.4785163029 44.3336400650
Europe/EasternEurope/UKR 962.3891380863 512.9455113740 37.6108619137 30.2076026434
Europe/NorthernEurope/DNK 704.4257480973 355.0908125404 154.1398615435 79.1400697380
Europe/NorthernEurope/EST 778.2040592015 434.2308822784 32.3256555712 61.5621569959
Europe/NorthernEurope/FIN 704.4257480973 259.9461986124 154.1398615435 95.1446139280
Europe/NorthernEurope/GBR 529.8087533398 259.9461986124 174.6169947575 174.7978162405
Europe/NorthernEurope/IRL 778.2040592015 495.7930392744 35.0516178635 47.3600747430
Europe/NorthernEurope/LTU 810.5297147728 434.2308822784 48.0358948680 61.5621569959
Europe/NorthernEurope/LVA 813.2556770650 495.7930392744 45.3099325757 47.3600747430
Europe/NorthernEurope/NOR 704.4257480973 434.2308822784 73.7783111043 108.9222317389
Europe/NorthernEurope/SWE 529.8087533398 434.7440148528 174.6169947575 108.4090991645
Europe/SouthernEurope/ESP 785.0471463798 0.0000000000 214.9528536202 158.6848560375
Europe/SouthernEurope/GRC 884.4909781926 158.6848560375 55.5148915796 101.2613425748
Europe/SouthernEurope/HRV 940.0058697722 158.6848560375 59.9941302278 64.3312101552
Europe/SouthernEurope/ITA 529.8087533398 0.0000000000 255.2383930401 259.9461986124
Europe/SouthernEurope/PRT 785.0471463798 158.6848560375 99.4438318128 101.2613425748
Europe/SouthernEurope/SVN 940.0058697722 223.0160661927 59.9941302278 36.9301324197
Europe/WesternEurope/AUS 410.8114652845 431.1346736447 118.9972880553 112.0184403727
Europe/WesternEurope/CHE 410.8114652845 293.0405070006 118.9972880553 138.0941666441
Europe/WesternEurope/DEU 0.0000000000 0.0000000000 529.8087533398 293.0405070006
Europe/WesternEurope/FRA 0.0000000000 293.0405070006 267.3751868308 250.1126070168
Europe/WesternEurope/NLD 267.3751868308 293.0405070006 143.4362784537 250.1126070168

Africa/NorthernAfrica/DZA 709.4847263404 938.3276373281 153.6942664312 61.6723626719
Africa/NorthernAfrica/EGY 920.1742760750 984.9007253212 45.9667833604 15.0992746788
Africa/NorthernAfrica/MAR 863.1789927716 938.3276373281 56.9952833035 61.6723626719
Africa/NorthernAfrica/TUN 920.1742760750 938.3276373281 45.9667833604 46.5730879931
America/NorthernAmerica/CAN 562.5137119380 578.9051801394 129.2162919103 404.0997302139
America/NorthernAmerica/MEX 562.5137119380 983.0049103533 129.2162919103 16.9950896467
America/NorthernAmerica/USA 0.0000000000 578.9051801394 562.5137119380 421.0948198606
America/SouthernAmerica/ARG 691.7300038483 578.9051801394 17.7547224920 265.0447699386
America/SouthernAmerica/CHL 691.7300038483 843.9499500780 17.7547224920 122.4597822568
America/SouthernAmerica/COL 691.7300038483 966.4097323348 17.7547224920 33.5902676652
Asia/EasternAsia/CHN 973.7693089680 869.0010735892 26.2306910320 39.9876646216
Asia/EasternAsia/JPN 709.4847263404 578.9051801394 290.5152736596 290.0958934498
Asia/EasternAsia/KOR 709.4847263404 869.0010735892 264.2845826276 39.9876646216
Asia/SouthEasternAsia/IDN 854.5179523267 908.9887382108 25.3549478345 29.3388991173
Asia/SouthEasternAsia/MYS 765.3731397258 908.9887382108 89.1448126009 29.3388991173
Asia/SouthEasternAsia/PHL 879.8729001612 908.9887382108 40.3472862976 29.3388991173
Asia/SouthEasternAsia/SGP 709.4847263404 908.9887382108 55.8884133855 29.3388991173
Asia/SouthEasternAsia/THA 920.2201864587 908.9887382108 3.7288051709 29.3388991173
Asia/WesternAsia/IND 990.4442705442 908.9887382108 9.5557294558 29.3388991173
Asia/WesternAsia/TUR 923.9489916296 908.9887382108 66.4952789146 29.3388991173
AustraliaandNewZealand/NZL 966.1410594355 938.3276373281 33.8589405645 61.6723626719
Europe/EasternEurope/BGR 908.8311505991 531.6449152149 42.3322921411 47.2602649245
Europe/EasternEurope/CZE 851.2981504111 379.9889942240 70.7615227815 70.2798088449
Europe/EasternEurope/HUN 922.0596731925 379.9889942240 77.9403268075 70.2798088449
Europe/EasternEurope/POL 851.2981504111 276.7197707592 148.7018495889 103.2692234648
Europe/EasternEurope/ROU 908.8311505991 450.2688030690 91.1688494009 81.3761121459
Europe/EasternEurope/RUS 851.2981504111 498.6075989397 57.5330001881 80.2975811997
Europe/EasternEurope/SVK 851.2981504111 450.2688030690 57.5330001881 48.3387958708
Europe/EasternEurope/UKR 951.1634427402 531.6449152149 48.8365572598 47.2602649245
Europe/NorthernEurope/DNK 696.5034424348 372.1950025927 154.7947079762 81.9491905698
Europe/NorthernEurope/EST 762.4840780903 454.1441931625 35.7974379924 72.8473363638
Europe/NorthernEurope/FIN 696.5034424348 276.7197707592 154.7947079762 95.4752318335
Europe/NorthernEurope/GBR 528.6257051938 276.7197707592 167.8777372410 182.8699274231
Europe/NorthernEurope/IRL 762.4840780903 526.9915295262 43.8527030139 51.9136506132
Europe/NorthernEurope/LTU 798.2815160827 454.1441931625 53.0166343283 72.8473363638
Europe/NorthernEurope/LVA 806.3367811041 526.9915295262 44.9613693069 51.9136506132
Europe/NorthernEurope/NOR 696.5034424348 454.1441931625 65.9806356554 124.7609869769
Europe/NorthernEurope/SWE 528.6257051938 459.5896981823 167.8777372410 119.3154819571
Europe/SouthernEurope/ESP 786.8207605959 0.0000000000 213.1792394041 166.0801489106
Europe/SouthernEurope/GRC 885.6770118552 166.0801489106 57.5461772456 110.6396218486
Europe/SouthernEurope/HRV 943.2231891008 166.0801489106 56.7768108992 67.7798802016
Europe/SouthernEurope/ITA 528.6257051938 0.0000000000 258.1950554020 276.7197707592
Europe/SouthernEurope/PRT 786.8207605959 166.0801489106 98.8562512594 110.6396218486
Europe/SouthernEurope/SVN 943.2231891008 233.8600291122 56.7768108992 42.8597416470
Europe/WesternEurope/AUS 398.4085656322 438.8626553118 130.2171395616 140.0425248276
Europe/WesternEurope/CHE 261.3834483851 438.8626553118 137.0251172472 140.0425248276
Europe/WesternEurope/DEU 0.0000000000 0.0000000000 528.6257051938 303.2288837222
Europe/WesternEurope/FRA 0.0000000000 303.2288837222 261.3834483851 275.6762964173
Europe/WesternEurope/NLD 261.3834483851 303.2288837222 267.2422568088 135.6337715896

Africa/NorthernAfrica/DZA 702.1887931370 934.8866129508 167.4952712866 65.1133870492
Africa/NorthernAfrica/EGY 928.0047982023 975.7538013283 40.9448970144 24.2461986717
Africa/NorthernAfrica/MAR 869.6840644236 934.8866129508 58.3207337788 65.1133870492
Africa/NorthernAfrica/TUN 928.0047982023 934.8866129508 40.9448970144 40.8671883775
America/NorthernAmerica/CAN 573.5211441626 559.1821596563 115.9376936388 428.1664589717
America/NorthernAmerica/MEX 573.5211441626 987.3486186280 115.9376936388 12.6513813720
America/NorthernAmerica/USA 0.0000000000 559.1821596563 573.5211441626 440.8178403437
America/SouthernAmerica/ARG 689.4588378014 559.1821596563 12.7299553356 242.7719214858
America/SouthernAmerica/CHL 689.4588378014 801.9540811421 12.7299553356 140.1004302598
America/SouthernAmerica/COL 689.4588378014 942.0545114019 12.7299553356 57.9454885981
Asia/EasternAsia/CHN 968.4697384023 853.9990704990 31.5302615977 41.8063862450
Asia/EasternAsia/JPN 702.1887931370 559.1821596563 297.8112068630 294.8169108427
Asia/EasternAsia/KOR 702.1887931370 853.9990704990 266.2809452653 41.8063862450
Asia/SouthEasternAsia/IDN 853.6855048742 895.8054567440 17.7942620944 39.0811562068
Asia/SouthEasternAsia/MYS 776.5791734758 895.8054567440 77.1063313984 39.0811562068
Asia/SouthEasternAsia/PHL 871.4797669686 895.8054567440 66.4463403440 39.0811562068
Asia/SouthEasternAsia/SGP 702.1887931370 895.8054567440 74.3903803388 39.0811562068
Asia/SouthEasternAsia/THA 937.9261073126 895.8054567440 2.9954882752 39.0811562068
Asia/WesternAsia/IND 993.3515679988 895.8054567440 6.6484320012 39.0811562068
Asia/WesternAsia/TUR 940.9215955878 895.8054567440 52.4299724110 39.0811562068
AustraliaandNewZealand/NZL 968.9496952168 934.8866129508 31.0503047832 65.1133870492
Europe/EasternEurope/BGR 919.2339534850 509.7915195286 39.6109923332 49.3906401277
Europe/EasternEurope/CZE 858.9114071736 363.6493625599 69.4266314839 65.9389938417
Europe/EasternEurope/HUN 928.3380386575 363.6493625599 71.6619613425 65.9389938417
Europe/EasternEurope/POL 858.9114071736 256.7178266637 141.0885928264 106.9315358962
Europe/EasternEurope/ROU 919.2339534850 429.5883564016 80.7660465150 80.2031631270
Europe/EasternEurope/RUS 858.9114071736 470.1609151699 60.3225463114 89.0212444864
Europe/EasternEurope/SVK 858.9114071736 429.5883564016 60.3225463114 40.5725587683
Europe/EasternEurope/UKR 958.8449458182 509.7915195286 41.1550541818 49.3906401277
Europe/NorthernEurope/DNK 712.3121349144 342.4559307886 146.5992722592 78.3677953789
Europe/NorthernEurope/EST 712.3121349144 522.2144319947 81.3401511605 36.9677276616
Europe/NorthernEurope/FIN 712.3121349144 256.7178266637 146.5992722592 85.7381041249
Europe/NorthernEurope/GBR 538.5506783158 256.7178266637 173.7614565986 181.1497665348
Europe/NorthernEurope/IRL 793.6522860749 481.2480251725 65.2591210987 37.5085165554
Europe/NorthernEurope/LTU 793.6522860749 420.8237261675 65.2591210987 60.4242990050
Europe/NorthernEurope/LVA 793.6522860749 518.7565417278 65.2591210987 40.4256179285
Europe/NorthernEurope/NOR 712.3121349144 420.8237261675 81.3401511605 101.3907058272
Europe/NorthernEurope/SWE 538.5506783158 437.8675931985 173.7614565986 121.3145664578
Europe/SouthernEurope/ESP 783.3394741477 0.0000000000 216.6605258523 155.2223980947
Europe/SouthernEurope/GRC 874.8493906041 155.2223980947 64.8359351092 101.4954285690
Europe/SouthernEurope/HRV 939.6853257133 155.2223980947 60.3146742867 63.0713363811
Europe/SouthernEurope/ITA 538.5506783158 0.0000000000 244.7887958319 256.7178266637
Europe/SouthernEurope/PRT 783.3394741477 155.2223980947 91.5099164564 101.4954285690
Europe/SouthernEurope/SVN 939.6853257133 218.2937344758 60.3146742867 38.4240921879
Europe/WesternEurope/AUS 417.6388780253 423.6716167253 120.9118002905 135.5105429310
Europe/WesternEurope/CHE 277.9004244609 423.6716167253 139.7384535644 135.5105429310
Europe/WesternEurope/DEU 0.0000000000 0.0000000000 538.5506783158 291.1464086193
Europe/WesternEurope/FRA 0.0000000000 291.1464086193 277.9004244609 268.0357510370
Europe/WesternEurope/NLD 277.9004244609 291.1464086193 260.6502538549 132.5252081061

Africa/NorthernAfrica/DZA 714.1404653775 928.5116924207 183.4319921602 71.4883075793
Africa/NorthernAfrica/EGY 950.8588723484 958.2209111802 20.5984882053 41.7790888198
Africa/NorthernAfrica/MAR 897.5724575376 928.5116924207 53.2864148108 71.4883075793
Africa/NorthernAfrica/TUN 950.8588723484 928.5116924207 20.5984882053 29.7092187595
America/NorthernAmerica/CAN 586.7382726805 570.5317800470 113.1613217629 411.2931321602
America/NorthernAmerica/MEX 586.7382726805 981.8249122073 113.1613217629 18.1750877927
America/NorthernAmerica/USA 0.0000000000 570.5317800470 586.7382726805 429.4682199530
America/SouthernAmerica/ARG 699.8995944434 570.5317800470 14.2408709340 265.1149178376
America/SouthernAmerica/CHL 699.8995944434 835.6466978846 14.2408709340 140.0247791700
America/SouthernAmerica/COL 699.8995944434 975.6714770546 14.2408709340 24.3285229454
Asia/EasternAsia/CHN 954.8110412902 840.6384665292 45.1889587098 43.6763149085
Asia/EasternAsia/JPN 714.1404653775 570.5317800470 285.8595346225 270.1066864822
Asia/EasternAsia/KOR 714.1404653775 840.6384665292 240.6705759128 43.6763149085
Asia/SouthEasternAsia/IDN 856.8514750889 884.3147814378 17.8337501583 44.1969109829
Asia/SouthEasternAsia/MYS 801.9154737285 884.3147814378 54.9360013604 44.1969109829
Asia/SouthEasternAsia/PHL 874.6852252472 884.3147814378 65.1146683388 44.1969109829
Asia/SouthEasternAsia/SGP 714.1404653775 884.3147814378 87.7750083510 44.1969109829
Asia/SouthEasternAsia/THA 939.7998935860 884.3147814378 3.7634961551 44.1969109829
Asia/WesternAsia/IND 984.1910629838 884.3147814378 15.8089370162 44.1969109829
Asia/WesternAsia/TUR 943.5633897411 884.3147814378 40.6276732427 44.1969109829
AustraliaandNewZealand/NZL 971.4573605536 928.5116924207 28.5426394464 71.4883075793
Europe/EasternEurope/BGR 909.3419940713 519.1520990369 47.2040812547 51.3796810102
Europe/EasternEurope/CZE 847.1690705082 375.5570668060 75.4373227045 65.5294491917
Europe/EasternEurope/HUN 922.6063932128 375.5570668060 77.3936067872 65.5294491917
Europe/EasternEurope/POL 847.1690705082 262.0593314886 152.8309294918 113.4977353174
Europe/EasternEurope/ROU 909.3419940713 441.0865159977 90.6580059287 78.0655830392
Europe/EasternEurope/RUS 847.1690705082 481.7669405459 62.1729235631 88.7648395011
Europe/EasternEurope/SVK 847.1690705082 441.0865159977 62.1729235631 40.6804245483
Europe/EasternEurope/UKR 956.5460753260 519.1520990369 43.4539246740 51.3796810102
Europe/NorthernEurope/DNK 706.7787624688 348.5523866855 140.3903080395 72.7065883901
Europe/NorthernEurope/EST 800.2283879957 421.2589750756 46.9406825126 81.6468271219
Europe/NorthernEurope/FIN 706.7787624688 262.0593314886 140.3903080395 86.4930551969
Europe/NorthernEurope/GBR 532.7002422679 262.0593314886 174.0785202008 189.5106072193
Europe/NorthernEurope/IRL 764.4250421357 502.9058021975 44.6933458082 67.6259778495
Europe/NorthernEurope/LTU 706.7787624688 502.9058021975 57.6462796669 67.6259778495
Europe/NorthernEurope/LVA 809.1183879439 502.9058021975 38.0506825643 67.6259778495
Europe/NorthernEurope/NOR 706.7787624688 421.2589750756 93.4496255269 81.6468271219
Europe/NorthernEurope/SWE 532.7002422679 451.5699387079 174.0785202008 118.9618413391
Europe/SouthernEurope/ESP 775.0802820998 0.0000000000 224.9197179002 163.8930187779
Europe/SouthernEurope/GRC 870.7475803361 163.8930187779 72.8207348308 98.1663127107
Europe/SouthernEurope/HRV 943.5683151668 163.8930187779 56.4316848332 64.6924594076
Europe/SouthernEurope/ITA 532.7002422679 0.0000000000 242.3800398319 262.0593314886
Europe/SouthernEurope/PRT 775.0802820998 163.8930187779 95.6672982362 98.1663127107
Europe/SouthernEurope/SVN 943.5683151668 228.5854781855 56.4316848332 33.4738533031
Europe/WesternEurope/AUS 406.0663580114 432.5799607581 126.6338842566 137.9518192890
Europe/WesternEurope/CHE 261.0615575444 432.5799607581 145.0048004670 137.9518192890
Europe/WesternEurope/DEU 0.0000000000 0.0000000000 532.7002422679 282.3394738617
Europe/WesternEurope/FRA 0.0000000000 282.3394738617 261.0615575444 288.1923061853
Europe/WesternEurope/NLD 261.0615575444 282.3394738617 271.6386847235 150.2404868964

Africa/NorthernAfrica/DZA 713.0535309695 927.3856649281 178.9400094012 72.6143350719
Africa/NorthernAfrica/EGY 938.6518611610 973.7433740240 34.6864970349 26.2566259760
Africa/NorthernAfrica/MAR 891.9935403707 927.3856649281 46.6583207902 72.6143350719
Africa/NorthernAfrica/TUN 938.6518611610 927.3856649281 34.6864970349 46.3577090959
America/NorthernAmerica/CAN 585.8520437071 570.3676721490 111.2374008441 415.4393506913
America/NorthernAmerica/MEX 585.8520437071 985.8070228403 111.2374008441 14.1929771597
America/NorthernAmerica/USA 0.0000000000 570.3676721490 585.8520437071 429.6323278510
America/SouthernAmerica/ARG 697.0894445513 570.3676721490 15.9640864182 266.0208946511
America/SouthernAmerica/CHL 697.0894445513 836.3885668000 15.9640864182 125.4207204572
America/SouthernAmerica/COL 697.0894445513 961.8092872573 15.9640864182 38.1907127427
Asia/EasternAsia/CHN 958.7074071380 840.6870934720 41.2925928620 45.0392581050
Asia/EasternAsia/JPN 713.0535309695 570.3676721490 286.9464690305 270.3194213231
Asia/EasternAsia/KOR 713.0535309695 840.6870934720 245.6538761685 45.0392581050
Asia/SouthEasternAsia/IDN 875.6627577837 885.7263515770 18.9823022113 41.6593133511
Asia/SouthEasternAsia/MYS 813.2367255096 885.7263515770 62.4260322741 41.6593133511
Asia/SouthEasternAsia/PHL 894.6450599951 885.7263515770 29.9758850863 36.9379347752
Asia/SouthEasternAsia/SGP 713.0535309695 885.7263515770 100.1831945401 41.6593133511
Asia/SouthEasternAsia/THA 894.6450599951 922.6642863522 29.9758850863 4.7213785760
Asia/WesternAsia/IND 975.1797578404 885.7263515770 24.8202421596 41.6593133511
Asia/WesternAsia/TUR 924.6209450814 885.7263515770 50.5588127590 41.6593133511
AustraliaandNewZealand/NZL 973.3383581959 927.3856649281 26.6616418041 72.6143350719
Europe/EasternEurope/BGR 909.2507833471 519.7205040234 47.6432788277 50.6471681255
Europe/EasternEurope/CZE 852.9437261538 365.5928360996 77.1907625711 69.5370112284
Europe/EasternEurope/HUN 930.1344887249 365.5928360996 69.8655112751 69.5370112284
Europe/EasternEurope/POL 852.9437261538 252.3677063093 147.0562738462 113.2251297903
Europe/EasternEurope/ROU 909.2507833471 435.1298473279 90.7492166529 84.5906566955
Europe/EasternEurope/RUS 852.9437261538 476.8212585862 56.3070571933 93.5464135627
Europe/EasternEurope/SVK 852.9437261538 435.1298473279 56.3070571933 41.6914112583
Europe/EasternEurope/UKR 956.8940621748 519.7205040234 43.1059378252 50.6471681255
Europe/NorthernEurope/DNK 714.9107872535 344.0184247157 138.0329389002 79.4997215604
Europe/NorthernEurope/EST 812.7933059234 423.5181462761 40.1504202304 81.3825070297
Europe/NorthernEurope/FIN 714.9107872535 252.3677063093 138.0329389002 91.6507184064
Europe/NorthernEurope/GBR 526.9834302149 252.3677063093 187.9273570387 205.3603772554
Europe/NorthernEurope/IRL 774.4790530416 504.9006533058 41.6384148444 65.4670188431
Europe/NorthernEurope/LTU 714.9107872535 504.9006533058 59.5682657881 65.4670188431
Europe/NorthernEurope/LVA 816.1174678860 504.9006533058 36.8262582678 65.4670188431
Europe/NorthernEurope/NOR 714.9107872535 423.5181462761 97.8825186698 81.3825070297
Europe/NorthernEurope/SWE 526.9834302149 457.7280835647 187.9273570387 112.6395885843
Europe/SouthernEurope/ESP 770.4578677582 0.0000000000 229.5421322418 152.3696784512
Europe/SouthernEurope/GRC 861.4046717599 152.3696784512 80.0849814733 99.9980278581
Europe/SouthernEurope/HRV 941.4896532332 152.3696784512 58.5103467668 64.4468637380
Europe/SouthernEurope/ITA 526.9834302149 0.0000000000 243.4744375434 252.3677063093
Europe/SouthernEurope/PRT 770.4578677582 152.3696784512 90.9468040016 99.9980278581
Europe/SouthernEurope/SVN 941.4896532332 216.8165421893 58.5103467668 35.5511641200
Europe/WesternEurope/AUS 395.9092625310 440.7858723257 131.0741676838 129.5817998232
Europe/WesternEurope/CHE 257.4428234452 440.7858723257 138.4664390859 129.5817998232
Europe/WesternEurope/DEU 0.0000000000 0.0000000000 526.9834302149 298.0431922034
Europe/WesternEurope/FRA 0.0000000000 298.0431922034 257.4428234452 272.3244799455
Europe/WesternEurope/NLD 257.4428234452 298.0431922034 269.5406067697 142.7426801223

Africa/NorthernAfrica/DZA 702.3293586436 940.8914480654 184.0078749782 59.1085519346
Africa/NorthernAfrica/EGY 936.7830223080 973.4542322242 29.7568038697 26.5457677758
Africa/NorthernAfrica/MAR 886.3372336218 940.8914480654 50.4457886862 59.1085519346
Africa/NorthernAfrica/TUN 936.7830223080 940.8914480654 29.7568038697 32.5627841588
America/NorthernAmerica/CAN 572.8681089569 568.1581661745 110.0287477052 426.5544617356
America/NorthernAmerica/MEX 572.8681089569 994.7126279102 110.0287477052 5.2873720898
America/NorthernAmerica/USA 0.0000000000 568.1581661745 572.8681089569 431.8418338255
America/SouthernAmerica/ARG 682.8968566621 568.1581661745 19.4325019815 214.3167899387
America/SouthernAmerica/CHL 682.8968566621 782.4749561132 19.4325019815 107.4921592657
America/SouthernAmerica/COL 682.8968566621 889.9671153789 19.4325019815 110.0328846211
Asia/EasternAsia/CHN 958.5774894485 842.6833964964 41.4225105515 46.8863083586
Asia/EasternAsia/JPN 702.3293586436 568.1581661745 297.6706413564 274.5252303219
Asia/EasternAsia/KOR 702.3293586436 842.6833964964 256.2481308049 46.8863083586
Asia/SouthEasternAsia/IDN 833.6478684682 889.5697048551 10.3571330605 51.3217432104
Asia/SouthEasternAsia/MYS 786.1804743783 889.5697048551 47.4673940899 51.3217432104
Asia/SouthEasternAsia/PHL 844.0050015287 889.5697048551 50.4650354590 48.5036548828
Asia/SouthEasternAsia/SGP 702.3293586436 889.5697048551 83.8511157347 51.3217432104
Asia/SouthEasternAsia/THA 844.0050015287 938.0733597378 50.4650354590 2.8180883276
Asia/WesternAsia/IND 932.7199098884 889.5697048551 67.2800901116 51.3217432104
Asia/WesternAsia/TUR 894.4700369877 889.5697048551 38.2498729007 51.3217432104
AustraliaandNewZealand/NZL 966.5398261777 940.8914480654 33.4601738223 59.1085519346
Europe/EasternEurope/BGR 909.1308441209 511.2754193968 42.9215435657 56.8827467777
Europe/EasternEurope/CZE 850.6204378517 359.6603868297 83.3791290348 70.0966342588
Europe/EasternEurope/HUN 933.9995668865 359.6603868297 66.0004331135 70.0966342588
Europe/EasternEurope/POL 850.6204378517 252.9736756210 149.3795621483 106.6867112087
Europe/EasternEurope/ROU 909.1308441209 429.7570210885 90.8691558791 81.5183983083
Europe/EasternEurope/RUS 850.6204378517 464.5041729864 58.5104062692 103.6539931881
Europe/EasternEurope/SVK 850.6204378517 429.7570210885 58.5104062692 34.7471518979
Europe/EasternEurope/UKR 952.0523876865 511.2754193968 47.9476123135 56.8827467777
Europe/NorthernEurope/DNK 707.7090277037 346.9273284538 142.9114101479 75.3207666888
Europe/NorthernEurope/EST 809.8019495786 422.2480951426 40.8184882731 88.7545408671
Europe/NorthernEurope/FIN 707.7090277037 252.9736756210 142.9114101479 93.9536528327
Europe/NorthernEurope/GBR 528.5061271779 252.9736756210 179.2029005258 182.3858714331
Europe/NorthernEurope/IRL 770.8419260071 511.0026360097 42.4200626102 57.1555301648
Europe/NorthernEurope/LTU 707.7090277037 511.0026360097 63.1328983034 57.1555301648
Europe/NorthernEurope/LVA 813.2619886173 511.0026360097 37.3584492344 57.1555301648
Europe/NorthernEurope/NOR 707.7090277037 422.2480951426 102.0929218749 88.7545408671
Europe/NorthernEurope/SWE 528.5061271779 435.3595470542 179.2029005258 132.7986191204
Europe/SouthernEurope/ESP 776.4218818556 0.0000000000 223.5781181444 159.7332003814
Europe/SouthernEurope/GRC 865.3239978111 159.7332003814 78.0225286619 93.2404752396
Europe/SouthernEurope/HRV 943.3465264730 159.7332003814 56.6534735270 60.6079884554
Europe/SouthernEurope/ITA 528.5061271779 0.0000000000 247.9157546777 252.9736756210
Europe/SouthernEurope/PRT 776.4218818556 159.7332003814 88.9021159555 93.2404752396
Europe/SouthernEurope/SVN 943.3465264730 220.3411888368 56.6534735270 32.6324867843
Europe/WesternEurope/AUS 385.3893025287 457.2474219557 143.1168246492 110.9107442188
Europe/WesternEurope/CHE 385.3893025287 311.0601534229 143.1168246492 146.1872685328
Europe/WesternEurope/DEU 0.0000000000 0.0000000000 528.5061271779 311.0601534229
Europe/WesternEurope/FRA 0.0000000000 311.0601534229 253.9602237289 257.0980127516
Europe/WesternEurope/NLD 253.9602237289 311.0601534229 131.4290787998 257.0980127516

Africa/NorthernAfrica/DZA 705.0417229977 935.7334013327 177.7481862416 64.2665986673
Africa/NorthernAfrica/EGY 938.5669092350 975.5895582289 31.0155011040 24.4104417711
Africa/NorthernAfrica/MAR 882.7899092393 935.7334013327 55.7769999957 64.2665986673
Africa/NorthernAfrica/TUN 938.5669092350 935.7334013327 31.0155011040 39.8561568962
America/NorthernAmerica/CAN 572.2794998554 582.7584385796 113.6751895342 409.9780487266
America/NorthernAmerica/MEX 572.2794998554 992.7364873062 113.6751895342 7.2635126938
America/NorthernAmerica/USA 0.0000000000 582.7584385796 572.2794998554 417.2415614204
America/SouthernAmerica/ARG 685.9546893897 582.7584385796 19.0870336081 203.6839270456
America/SouthernAmerica/CHL 685.9546893897 786.4423656253 19.0870336081 106.8050417558
America/SouthernAmerica/COL 685.9546893897 893.2474073810 19.0870336081 106.7525926190
Asia/EasternAsia/CHN 946.6927986260 839.5923062211 53.3072013740 49.9314961519
Asia/EasternAsia/JPN 705.0417229977 582.7584385796 294.9582770023 256.8338676414
Asia/EasternAsia/KOR 705.0417229977 839.5923062211 241.6510756283 49.9314961519
Asia/SouthEasternAsia/IDN 880.6447048233 889.5238023729 20.4527473975 42.6320803408
Asia/SouthEasternAsia/MYS 789.0878994315 889.5238023729 91.5568053918 46.2095989598
Asia/SouthEasternAsia/PHL 901.0974522208 889.5238023729 22.5199532509 42.6320803408
Asia/SouthEasternAsia/SGP 705.0417229977 889.5238023729 84.0461764337 46.2095989598
Asia/SouthEasternAsia/THA 880.6447048233 932.1558827138 42.9727006484 3.5775186189
Asia/WesternAsia/IND 966.1305926319 889.5238023729 33.8694073681 46.2095989598
Asia/WesternAsia/TUR 923.6174054717 889.5238023729 42.5131871601 46.2095989598
AustraliaandNewZealand/NZL 969.5824103390 935.7334013327 30.4175896610 64.2665986673
Europe/EasternEurope/BGR 917.6046364796 519.8396611149 39.3521660137 62.9187774647
Europe/EasternEurope/CZE 839.1010681201 358.9199244831 93.7366128068 71.1711412341
Europe/EasternEurope/HUN 932.8376809269 358.9199244831 67.1623190731 71.1711412341
Europe/EasternEurope/POL 839.1010681201 263.8039613445 160.8989318799 95.1159631386
Europe/EasternEurope/ROU 917.6046364796 430.0910657172 82.3953635204 89.7485953977
Europe/EasternEurope/RUS 839.1010681201 468.7619205022 78.5035683595 113.9965180774
Europe/EasternEurope/SVK 839.1010681201 430.0910657172 78.5035683595 38.6708547850
Europe/EasternEurope/UKR 956.9568024934 519.8396611149 43.0431975066 62.9187774647
Europe/NorthernEurope/DNK 630.4948505939 443.7693680441 70.0398692629 138.9890705355
Europe/NorthernEurope/EST 799.0219501568 443.7693680441 40.0791179633 78.7615404724
Europe/NorthernEurope/FIN 539.5940355043 443.7693680441 90.9008150896 138.9890705355
Europe/NorthernEurope/GBR 539.5940355043 263.8039613445 178.0541291630 179.9654066996
Europe/NorthernEurope/IRL 761.4539468641 522.5309085165 37.3491389609 60.2275300631
Europe/NorthernEurope/LTU 700.5347198568 522.5309085165 60.9192270073 60.2275300631
Europe/NorthernEurope/LVA 798.8030858250 522.5309085165 40.2979822951 60.2275300631
Europe/NorthernEurope/NOR 700.5347198568 443.7693680441 98.4872302999 78.7615404724
Europe/NorthernEurope/SWE 717.6481646673 263.8039613445 121.4529034528 179.9654066996
Europe/SouthernEurope/ESP 784.8229347141 0.0000000000 215.1770652859 167.6183329806
Europe/SouthernEurope/GRC 874.8712049628 167.6183329806 69.0682113048 96.1856283639
Europe/SouthernEurope/HRV 943.9394162677 167.6183329806 56.0605837323 63.5976689069
Europe/SouthernEurope/ITA 539.5940355043 0.0000000000 245.2288992098 263.8039613445
Europe/SouthernEurope/PRT 784.8229347141 167.6183329806 90.0482702487 96.1856283639
Europe/SouthernEurope/SVN 943.9394162677 231.2160018875 56.0605837323 32.5879594570
Europe/WesternEurope/AUS 396.3250170935 453.2982697886 143.2690184108 129.4601687910
Europe/WesternEurope/CHE 396.3250170935 322.3621100920 143.2690184108 130.9361596966
Europe/WesternEurope/DEU 0.0000000000 0.0000000000 539.5940355043 322.3621100920
Europe/WesternEurope/FRA 0.0000000000 322.3621100920 261.7857108513 260.3963284876
Europe/WesternEurope/NLD 261.7857108513 322.3621100920 134.5393062422 260.3963284876

Africa/NorthernAfrica/DZA 687.4149419263 928.0956935256 192.3885030838 71.9043064744
Africa/NorthernAfrica/EGY 938.7986830061 973.9926147432 33.1756960617 26.0073852568
Africa/NorthernAfrica/MAR 879.8034450102 928.0956935256 58.9952379959 71.9043064744
Africa/NorthernAfrica/TUN 938.7986830061 928.0956935256 33.1756960617 45.8969212176
America/NorthernAmerica/CAN 561.8374663102 597.4310458511 107.0231517785 394.8546636746
America/NorthernAmerica/MEX 561.8374663102 992.2857095257 107.0231517785 7.7142904743
America/NorthernAmerica/USA 0.0000000000 597.4310458511 561.8374663102 402.5689541489
America/SouthernAmerica/ARG 668.8606180887 597.4310458511 18.5543238377 240.1063649304
America/SouthernAmerica/CHL 668.8606180887 837.5374107815 18.5543238377 119.3728630160
America/SouthernAmerica/COL 668.8606180887 956.9102737975 18.5543238377 43.0897262025
Asia/EasternAsia/CHN 940.2203632891 808.9165059573 59.7796367109 50.0772890299
Asia/EasternAsia/JPN 687.4149419263 597.4310458511 252.8054213627 261.5627491361
Asia/EasternAsia/KOR 940.2203632891 597.4310458511 59.7796367109 211.4854601062
Asia/SouthEasternAsia/IDN 822.5445463339 858.9937949872 70.2578087159 69.1018985384
Asia/SouthEasternAsia/MYS 743.0750312554 858.9937949872 79.4695150785 69.1018985384
Asia/SouthEasternAsia/PHL 892.8023550498 858.9937949872 38.3232769976 64.3629532260
Asia/SouthEasternAsia/SGP 687.4149419263 858.9937949872 55.6600893291 69.1018985384
Asia/SouthEasternAsia/THA 892.8023550498 923.3567482132 38.3232769976 4.7389453124
Asia/WesternAsia/IND 931.1256320475 898.0310597629 68.8743679525 30.0646337626
Asia/WesternAsia/TUR 931.1256320475 858.9937949872 68.8743679525 39.0372647758
AustraliaandNewZealand/NZL 971.9743790678 928.0956935256 28.0256209322 71.9043064744
Europe/EasternEurope/BGR 907.4655515859 534.5112564697 43.1597881645 62.9197893814
Europe/EasternEurope/CZE 938.4938192762 277.3799205309 61.5061807238 121.4121234253
Europe/EasternEurope/HUN 831.2166288095 398.7920439562 82.2608775506 59.7446360955
Europe/EasternEurope/POL 831.2166288095 277.3799205309 107.2771904667 121.4121234253
Europe/EasternEurope/ROU 907.4655515859 458.5366800517 92.5344484141 75.9745764180
Europe/EasternEurope/RUS 831.2166288095 458.5366800517 76.2489227764 138.8943657993
Europe/EasternEurope/SVK 913.4775063601 398.7920439562 86.5224936399 59.7446360955
Europe/EasternEurope/UKR 950.6253397504 534.5112564697 49.3746602496 62.9197893814
Europe/NorthernEurope/DNK 620.8833641136 459.9325128526 124.8118021623 75.0960342134
Europe/NorthernEurope/EST 745.6951662759 459.9325128526 41.3114362136 84.8690383505
Europe/NorthernEurope/FIN 534.5946935476 459.9325128526 86.2886705660 137.4985329985
Europe/NorthernEurope/GBR 534.5946935476 277.3799205309 181.9470576786 182.5525923217
Europe/NorthernEurope/IRL 745.6951662759 544.8015512031 40.6335982980 52.6294946479
Europe/NorthernEurope/LTU 787.0066024895 459.9325128526 44.2100263200 84.8690383505
Europe/NorthernEurope/LVA 786.3287645739 544.8015512031 44.8878642356 52.6294946479
Europe/NorthernEurope/NOR 620.8833641136 535.0285470660 124.8118021623 62.4024987851
Europe/NorthernEurope/SWE 716.5417512262 277.3799205309 114.6748775834 182.5525923217
Europe/SouthernEurope/ESP 778.8419417903 0.0000000000 221.1580582097 173.0912144640
Europe/SouthernEurope/GRC 870.2390238843 173.0912144640 74.3636516100 104.2887060669
Europe/SouthernEurope/HRV 944.6026754943 173.0912144640 55.3973245057 67.2599226283
Europe/SouthernEurope/ITA 534.5946935476 0.0000000000 244.2472482427 277.3799205309
Europe/SouthernEurope/PRT 778.8419417903 173.0912144640 91.3970820940 104.2887060669
Europe/SouthernEurope/SVN 944.6026754943 240.3511370924 55.3973245057 37.0287834385
Europe/WesternEurope/AUS 449.5067967330 316.1020410905 85.0878968146 281.3290047606
Europe/WesternEurope/CHE 249.3793529405 496.1204921237 200.1274437925 101.3105537274
Europe/WesternEurope/DEU 0.0000000000 0.0000000000 534.5946935476 316.1020410905
Europe/WesternEurope/FRA 0.0000000000 316.1020410905 249.3793529405 281.3290047606
Europe/WesternEurope/NLD 249.3793529405 316.1020410905 200.1274437925 180.0184510332

Africa/NorthernAfrica/DZA 675.9737661032 917.5454542375 190.8090217079 82.4545457625
Africa/NorthernAfrica/EGY 915.5564967578 953.0949387008 62.3417934867 46.9050612992
Africa/NorthernAfrica/MAR 866.7827878111 917.5454542375 48.7737089468 82.4545457625
Africa/NorthernAfrica/TUN 915.5564967578 917.5454542375 62.3417934867 35.5494844633
America/NorthernAmerica/CAN 552.9900506519 601.8057336757 104.6863973256 389.5754453986
America/NorthernAmerica/MEX 552.9900506519 991.3811790743 104.6863973256 8.6188209257
America/NorthernAmerica/USA 0.0000000000 601.8057336757 552.9900506519 398.1942663243
America/SouthernAmerica/ARG 657.6764479775 601.8057336757 18.2973181257 227.1138194223
America/SouthernAmerica/CHL 657.6764479775 828.9195530981 18.2973181257 113.3991474250
America/SouthernAmerica/COL 657.6764479775 942.3187005230 18.2973181257 57.6812994770
Asia/EasternAsia/CHN 892.6955201009 848.5075961126 48.9490025132 69.0378581249
Asia/EasternAsia/JPN 675.9737661032 601.8057336757 265.6707565110 246.7018624369
Asia/EasternAsia/KOR 675.9737661032 848.5075961126 216.7217539977 69.0378581249
Asia/SouthEasternAsia/IDN 941.6445226142 739.6999388440 17.8949457031 53.3054094663
Asia/SouthEasternAsia/MYS 941.6445226142 647.9175680298 58.3554773858 91.7823708143
Asia/SouthEasternAsia/PHL 959.5394683173 739.6999388440 40.4605316827 53.3054094663
Asia/SouthEasternAsia/SGP 941.6445226142 601.8057336757 58.3554773858 46.1118343540
Asia/SouthEasternAsia/THA 941.6445226142 793.0053483103 58.3554773858 31.6257516260
Asia/WesternAsia/IND 941.6445226142 865.4856944470 58.3554773858 52.0597597904
Asia/WesternAsia/TUR 941.6445226142 824.6310999363 58.3554773858 40.8545945108
AustraliaandNewZealand/NZL 977.8982902446 917.5454542375 22.1017097554 82.4545457625
Europe/EasternEurope/BGR 897.1777823773 522.0449298253 55.6750076066 79.7608038505
Europe/EasternEurope/CZE 934.1007599972 280.8377965833 65.8992400028 114.3939599861
Europe/EasternEurope/HUN 811.8789343706 395.2317565694 76.4502284279 58.6610787962
Europe/EasternEurope/POL 811.8789343706 280.8377965833 122.2218256266 114.3939599861
Europe/EasternEurope/ROU 897.1777823773 453.8928353656 102.8222176227 68.1520944597
Europe/EasternEurope/RUS 811.8789343706 453.8928353656 85.2988480067 147.9128983101
Europe/EasternEurope/SVK 888.3291627985 395.2317565694 111.6708372015 58.6610787962
Europe/EasternEurope/UKR 952.8527899839 522.0449298253 47.1472100161 79.7608038505
Europe/NorthernEurope/DNK 610.5417137718 465.0702280212 70.1340420182 136.7355056545
Europe/NorthernEurope/EST 771.4038916933 465.0702280212 40.4750426773 81.1136650208
Europe/NorthernEurope/FIN 518.8920837661 465.0702280212 91.6496300057 136.7355056545
Europe/NorthernEurope/GBR 518.8920837661 280.8377965833 178.2714547454 184.2324314379
Europe/NorthernEurope/IRL 746.5998194867 546.1838930420 30.3640991178 55.6218406337
Europe/NorthernEurope/LTU 680.6757557900 546.1838930420 65.9240636967 55.6218406337
Europe/NorthernEurope/LVA 776.9639186045 546.1838930420 34.9150157661 55.6218406337
Europe/NorthernEurope/NOR 680.6757557900 465.0702280212 90.7281359033 81.1136650208
Europe/NorthernEurope/SWE 697.1635385115 280.8377965833 114.7153958591 184.2324314379
Europe/SouthernEurope/ESP 773.1144216630 0.0000000000 226.8855783370 174.4828965441
Europe/SouthernEurope/GRC 870.0475964262 174.4828965441 79.4453462012 106.3549000392
Europe/SouthernEurope/HRV 949.4929426273 174.4828965441 50.5070573727 66.8416119349
Europe/SouthernEurope/ITA 518.8920837661 0.0000000000 254.2223378969 280.8377965833
Europe/SouthernEurope/PRT 773.1144216630 174.4828965441 96.9331747632 106.3549000392
Europe/SouthernEurope/SVN 949.4929426273 241.3245084791 50.5070573727 39.5132881043
Europe/WesternEurope/AUS 264.7544967642 509.6809082480 254.1375870019 92.1248254277
Europe/WesternEurope/CHE 396.1015277617 331.9105836518 122.7905560043 177.7703245963
Europe/WesternEurope/DEU 0.0000000000 0.0000000000 518.8920837661 331.9105836518
Europe/WesternEurope/FRA 0.0000000000 331.9105836518 264.7544967642 269.8951500240
Europe/WesternEurope/NLD 264.7544967642 331.9105836518 131.3470309975 177.7703245963

Africa/NorthernAfrica/DZA 686.9980462786 923.3157421929 169.3009765778 76.6842578071
Africa/NorthernAfrica/EGY 912.1303905263 948.6505532030 59.8054820128 51.3494467970
Africa/NorthernAfrica/MAR 856.2990228564 923.3157421929 55.8313676698 76.6842578071
Africa/NorthernAfrica/TUN 912.1303905263 923.3157421929 59.8054820128 25.3348110101
America/NorthernAmerica/CAN 548.4799648239 605.2541369366 113.0338310710 387.0954427072
America/NorthernAmerica/MEX 548.4799648239 992.3495796438 113.0338310710 7.6504203562
America/NorthernAmerica/USA 0.0000000000 605.2541369366 548.4799648239 394.7458630634
America/SouthernAmerica/ARG 661.5137958949 605.2541369366 25.4842503838 142.4188942844
America/SouthernAmerica/CHL 661.5137958949 747.6730312210 25.4842503838 69.1320680072
America/SouthernAmerica/COL 661.5137958949 816.8050992283 25.4842503838 183.1949007717
Asia/EasternAsia/CHN 930.7981481536 828.4810874436 69.2018518464 41.1316001575
Asia/EasternAsia/JPN 686.9980462786 605.2541369366 243.8001018749 264.3585506645
Asia/EasternAsia/KOR 930.7981481536 605.2541369366 69.2018518464 223.2269505070
Asia/SouthEasternAsia/IDN 810.7696904942 869.6126876011 26.0411019455 53.7030545918
Asia/SouthEasternAsia/MYS 733.0093811007 869.6126876011 77.7603093936 53.7030545918
Asia/SouthEasternAsia/PHL 836.8107924397 869.6126876011 49.0994449242 53.7030545918
Asia/SouthEasternAsia/SGP 686.9980462786 869.6126876011 46.0113348220 53.7030545918
Asia/SouthEasternAsia/THA 885.9102373639 869.6126876011 11.9163651270 53.7030545918
Asia/WesternAsia/IND 943.8277299510 869.6126876011 56.1722700490 53.7030545918
Asia/WesternAsia/TUR 897.8266024909 869.6126876011 46.0011274602 53.7030545918
AustraliaandNewZealand/NZL 971.9358725391 923.3157421929 28.0641274609 76.6842578071
Europe/EasternEurope/BGR 890.9715152921 529.2622986741 57.5118687380 75.9918382625
Europe/EasternEurope/CZE 941.0711368816 267.5876932508 58.9288631184 127.6881950121
Europe/EasternEurope/HUN 794.6588365735 395.2758882629 75.4324601551 66.2597173901
Europe/EasternEurope/POL 794.6588365735 267.5876932508 146.4123003081 127.6881950121
Europe/EasternEurope/ROU 890.9715152921 461.5356056529 109.0284847079 67.7266930212
Europe/EasternEurope/RUS 794.6588365735 461.5356056529 96.3126787186 143.7185312837
Europe/EasternEurope/SVK 870.0912967286 395.2758882629 129.9087032714 66.2597173901
Europe/EasternEurope/UKR 948.4833840301 529.2622986741 51.5166159699 75.9918382625
Europe/NorthernEurope/DNK 602.0148215504 461.2876477685 115.9671117196 79.0744634687
Europe/NorthernEurope/EST 717.9819332700 461.2876477685 76.6769033035 43.9937044997
Europe/NorthernEurope/FIN 514.8026694593 461.2876477685 87.2121520910 143.9664891681
Europe/NorthernEurope/GBR 514.8026694593 267.5876932508 174.1670842081 193.6999545177
Europe/NorthernEurope/IRL 717.9819332700 557.4044306323 43.6987575277 47.8497063043
Europe/NorthernEurope/LTU 717.9819332700 505.2813522682 76.6769033035 52.1230783641
Europe/NorthernEurope/LVA 761.6806907977 557.4044306323 32.9781457759 47.8497063043
Europe/NorthernEurope/NOR 602.0148215504 540.3621112372 115.9671117196 64.8920256994
Europe/NorthernEurope/SWE 688.9697536675 267.5876932508 105.6890829060 193.6999545177
Europe/SouthernEurope/ESP 771.7576507895 0.0000000000 228.2423492105 158.1374520891
Europe/SouthernEurope/GRC 875.2576994705 158.1374520891 77.8073883728 109.4502411617
Europe/SouthernEurope/HRV 953.0650878433 158.1374520891 46.9349121567 67.0915470888
Europe/SouthernEurope/ITA 514.8026694593 0.0000000000 256.9549813301 267.5876932508
Europe/SouthernEurope/PRT 771.7576507895 158.1374520891 103.5000486811 109.4502411617
Europe/SouthernEurope/SVN 953.0650878433 225.2289991779 46.9349121567 42.3586940729
Europe/WesternEurope/AUS 273.3317959703 523.7945094322 241.4708734891 81.4596275044
Europe/WesternEurope/CHE 404.6117950729 310.8189826268 110.1908743864 212.9755268055
Europe/WesternEurope/DEU 0.0000000000 0.0000000000 514.8026694593 310.8189826268
Europe/WesternEurope/FRA 0.0000000000 310.8189826268 273.3317959703 294.4351543099
Europe/WesternEurope/NLD 273.3317959703 310.8189826268 131.2799991026 212.9755268055

Africa/NorthernAfrica/DZA 693.0227115168 939.5517394239 167.7947836194 60.4482605761
Africa/NorthernAfrica/EGY 913.7049808760 965.4937832584 52.7229168207 34.5062167416
Africa/NorthernAfrica/MAR 860.8174951363 939.5517394239 52.8874857397 60.4482605761
Africa/NorthernAfrica/TUN 913.7049808760 939.5517394239 52.7229168207 25.9420438345
America/NorthernAmerica/CAN 549.6503383934 597.9383101364 119.2481693209 383.2597901003
America/NorthernAmerica/MEX 549.6503383934 981.1981002367 119.2481693209 18.8018997633
America/NorthernAmerica/USA 0.0000000000 597.9383101364 549.6503383934 402.0616898636
America/SouthernAmerica/ARG 668.8985077143 597.9383101364 24.1242038025 158.6688526059
America/SouthernAmerica/CHL 668.8985077143 756.6071627423 24.1242038025 88.3336725605
America/SouthernAmerica/COL 668.8985077143 844.9408353028 24.1242038025 155.0591646971
Asia/EasternAsia/CHN 926.5646807844 836.1288167335 73.4353192156 45.1461780492
Asia/EasternAsia/JPN 693.0227115168 597.9383101364 233.5419692676 283.3366846464
Asia/EasternAsia/KOR 926.5646807844 597.9383101364 73.4353192156 238.1905065972
Asia/SouthEasternAsia/IDN 818.8464366586 881.2749947828 28.1499272736 58.2767446411
Asia/SouthEasternAsia/MYS 729.1549269520 881.2749947828 89.6915097066 58.2767446411
Asia/SouthEasternAsia/PHL 846.9963639321 881.2749947828 56.9452758859 35.9994100849
Asia/SouthEasternAsia/SGP 693.0227115168 881.2749947828 36.1322154352 58.2767446411
Asia/SouthEasternAsia/THA 846.9963639321 917.2744048677 56.9452758859 22.2773345562
Asia/WesternAsia/IND 951.5304805916 881.2749947828 48.4695194084 58.2767446411
Asia/WesternAsia/TUR 903.9416398180 881.2749947828 47.5888407736 58.2767446411
AustraliaandNewZealand/NZL 966.4278976967 939.5517394239 33.5721023033 60.4482605761
Europe/EasternEurope/BGR 900.6166895242 520.7123387612 48.6766394637 77.2259713752
Europe/EasternEurope/CZE 812.9413322722 342.2716692630 114.9557846178 57.2971624287
Europe/EasternEurope/HUN 927.8971168899 342.2716692630 72.1028831101 57.2971624287
Europe/EasternEurope/POL 812.9413322722 249.4216917098 187.0586677278 92.8499775532
Europe/EasternEurope/ROU 812.9413322722 520.7123387612 87.6753572521 77.2259713752
Europe/EasternEurope/RUS 870.6127628001 399.5688316917 129.3872371999 121.1435070695
Europe/EasternEurope/SVK 812.9413322722 399.5688316917 57.6714305280 121.1435070695
Europe/EasternEurope/UKR 949.2933289879 520.7123387612 50.7066710121 77.2259713752
Europe/NorthernEurope/DNK 623.5145043575 447.5813564186 120.5683361271 81.2117432343
Europe/NorthernEurope/EST 744.0828404845 447.5813564186 68.8584917876 34.8833773598
Europe/NorthernEurope/FIN 531.3749481585 447.5813564186 92.1395561989 150.3569537177
Europe/NorthernEurope/GBR 531.3749481585 249.4216917098 162.5878314988 198.1596647089
Europe/NorthernEurope/IRL 744.0828404845 546.3624336354 32.6030124680 51.5758765010
Europe/NorthernEurope/LTU 744.0828404845 482.4647337784 68.8584917876 63.8976998570
Europe/NorthernEurope/LVA 776.6858529525 546.3624336354 36.2554793196 51.5758765010
Europe/NorthernEurope/NOR 623.5145043575 528.7930996530 120.5683361271 69.1452104834
Europe/NorthernEurope/SWE 693.9627796574 249.4216917098 118.9785526148 198.1596647089
Europe/SouthernEurope/ESP 777.3227601066 0.0000000000 222.6772398934 154.9378390757
Europe/SouthernEurope/GRC 881.7682539087 154.9378390757 70.9760726292 94.4838526340
Europe/SouthernEurope/HRV 952.7443265379 154.9378390757 47.2556734621 56.7963173123
Europe/SouthernEurope/ITA 531.3749481585 0.0000000000 245.9478119480 249.4216917098
Europe/SouthernEurope/PRT 777.3227601066 154.9378390757 104.4454938021 94.4838526340
Europe/SouthernEurope/SVN 952.7443265379 211.7341563881 47.2556734621 37.6875353217
Europe/WesternEurope/AUS 277.2117707684 526.7426086258 254.1631773901 71.1957015105
Europe/WesternEurope/CHE 408.6820768002 312.4668161497 122.6928713583 214.2757924762
Europe/WesternEurope/DEU 0.0000000000 0.0000000000 531.3749481585 312.4668161497
Europe/WesternEurope/FRA 0.0000000000 312.4668161497 277.2117707684 285.4714939867
Europe/WesternEurope/NLD 277.2117707684 312.4668161497 131.4703060318 214.2757924762

Africa/NorthernAfrica/DZA 707.9714660124 937.7215997982 155.1948259254 62.2784002018
Africa/NorthernAfrica/EGY 910.4820375204 971.9395339434 58.9635666796 28.0604660566
Africa/NorthernAfrica/MAR 863.1662919378 937.7215997982 47.3157455826 62.2784002018
Africa/NorthernAfrica/TUN 910.4820375204 937.7215997982 58.9635666796 34.2179341452
America/NorthernAmerica/CAN 571.5506897192 575.3794942353 112.2962631197 405.9076939437
America/NorthernAmerica/MEX 571.5506897192 981.2871881790 112.2962631197 18.7128118210
America/NorthernAmerica/USA 0.0000000000 575.3794942353 571.5506897192 424.6205057647
America/SouthernAmerica/ARG 683.8469528389 575.3794942353 24.1245131735 143.6034633093
America/SouthernAmerica/CHL 683.8469528389 718.9829575445 24.1245131735 60.8529569722
America/SouthernAmerica/COL 683.8469528389 779.8359145167 24.1245131735 220.1640854833
Asia/EasternAsia/CHN 949.3375049272 793.4705265817 50.6624950728 79.2731556457
Asia/EasternAsia/JPN 707.9714660124 575.3794942353 292.0285339876 218.0910323464
Asia/EasternAsia/KOR 707.9714660124 793.4705265817 241.3660389147 79.2731556457
Asia/SouthEasternAsia/IDN 822.3550738723 872.7436822273 49.9921659356 30.3895840004
Asia/SouthEasternAsia/MYS 739.0694121403 872.7436822273 83.2856617320 64.9779175709
Asia/SouthEasternAsia/PHL 822.3550738723 903.1332662277 49.9921659356 34.5883335705
Asia/SouthEasternAsia/SGP 707.9714660124 872.7436822273 31.0979461279 64.9779175709
Asia/SouthEasternAsia/THA 872.3472398079 872.7436822273 42.8572769940 64.9779175709
Asia/WesternAsia/IND 954.5570382437 872.7436822273 45.4429617563 64.9779175709
Asia/WesternAsia/TUR 915.2045168020 872.7436822273 39.3525214417 64.9779175709
AustraliaandNewZealand/NZL 969.4456042000 937.7215997982 30.5543958000 62.2784002018
Europe/EasternEurope/BGR 915.2127738898 494.0390806806 36.2356764185 81.3404135547
Europe/EasternEurope/CZE 808.8420110171 334.3891452879 70.9221944520 90.7236282135
Europe/EasternEurope/HUN 879.7642054691 334.3891452879 38.4725872411 90.7236282135
Europe/EasternEurope/POL 808.8420110171 244.2415900471 191.1579889829 90.1475552408
Europe/EasternEurope/ROU 915.2127738898 425.1127735014 84.7872261102 68.9263071792
Europe/EasternEurope/RUS 808.8420110171 425.1127735014 106.3707628727 150.2667207339
Europe/EasternEurope/SVK 918.2367927102 334.3891452879 81.7632072898 90.7236282135
Europe/EasternEurope/UKR 951.4484503083 494.0390806806 48.5515496917 81.3404135547
Europe/NorthernEurope/DNK 629.6943204995 431.8909884533 121.6478072182 70.8709114043
Europe/NorthernEurope/EST 751.3421277177 431.8909884533 57.4998832994 27.4976383660
Europe/NorthernEurope/FIN 535.1605390962 431.8909884533 94.5337814032 143.4885057820
Europe/NorthernEurope/GBR 535.1605390962 244.2415900471 157.7771314992 187.6493984062
Europe/NorthernEurope/IRL 751.3421277177 514.8765660372 57.4998832994 30.3811857300
Europe/NorthernEurope/LTU 751.3421277177 459.3886268193 57.4998832994 55.4879392179
Europe/NorthernEurope/LVA 751.3421277177 545.2577517672 57.4998832994 30.1217424681
Europe/NorthernEurope/NOR 629.6943204995 502.7618998576 121.6478072182 72.6175943776
Europe/NorthernEurope/SWE 692.9376705954 244.2415900471 115.9043404217 187.6493984062
Europe/SouthernEurope/ESP 784.9034602885 0.0000000000 215.0965397115 153.2634043931
Europe/SouthernEurope/GRC 888.1253918378 153.2634043931 68.4451379388 90.9781856540
Europe/SouthernEurope/HRV 956.5705297766 153.2634043931 43.4294702234 53.2403481858
Europe/SouthernEurope/ITA 535.1605390962 0.0000000000 249.7429211923 244.2415900471
Europe/SouthernEurope/PRT 784.9034602885 153.2634043931 103.2219315493 90.9781856540
Europe/SouthernEurope/SVN 956.5705297766 206.5037525789 43.4294702234 37.7378374682
Europe/WesternEurope/AUS 270.5588604189 512.7065648797 264.6016786774 62.6729293556
Europe/WesternEurope/CHE 402.5346531822 304.4999760721 132.6258859140 208.2065888076
Europe/WesternEurope/DEU 0.0000000000 0.0000000000 535.1605390962 304.4999760721
Europe/WesternEurope/FRA 0.0000000000 304.4999760721 270.5588604189 270.8795181632
Europe/WesternEurope/NLD 270.5588604189 304.4999760721 131.9757927633 208.2065888076

Africa/NorthernAfrica/DZA 694.7275025775 926.1113463806 155.9584751583 73.8886536194
Africa/NorthernAfrica/EGY 903.7248973266 958.4499787570 67.1676790837 41.5500212430
Africa/NorthernAfrica/MAR 850.6859777358 926.1113463806 53.0389195908 73.8886536194
Africa/NorthernAfrica/TUN 903.7248973266 926.1113463806 67.1676790837 32.3386323764
America/NorthernAmerica/CAN 548.7903523006 581.6393980929 118.7179169840 404.3846884943
America/NorthernAmerica/MEX 548.7903523006 986.0240865873 118.7179169840 13.9759134127
America/NorthernAmerica/USA 0.0000000000 581.6393980929 548.7903523006 418.3606019071
America/SouthernAmerica/ARG 667.5082692846 581.6393980929 27.2192332929 146.9510657952
America/SouthernAmerica/CHL 667.5082692846 728.5904638881 27.2192332929 52.4634577392
America/SouthernAmerica/COL 667.5082692846 781.0539216273 27.2192332929 218.9460783727
Asia/EasternAsia/CHN 915.8943400815 774.6008900251 84.1056599185 68.2437301649
Asia/EasternAsia/JPN 694.7275025775 581.6393980929 221.1668375040 261.2052220971
Asia/EasternAsia/KOR 915.8943400815 581.6393980929 84.1056599185 192.9614919321
Asia/SouthEasternAsia/IDN 804.8410234793 842.8446201900 47.8662664719 83.2667261906
Asia/SouthEasternAsia/MYS 731.0017379223 842.8446201900 73.8392855570 83.2667261906
Asia/SouthEasternAsia/PHL 852.7072899512 842.8446201900 56.7461314254 41.9867822444
Asia/SouthEasternAsia/SGP 694.7275025775 842.8446201900 36.2742353448 83.2667261906
Asia/SouthEasternAsia/THA 852.7072899512 884.8314024344 56.7461314254 41.2799439461
Asia/WesternAsia/IND 948.8995310586 842.8446201900 51.1004689414 83.2667261906
Asia/WesternAsia/TUR 909.4534213766 842.8446201900 39.4461096820 83.2667261906
AustraliaandNewZealand/NZL 970.8925764103 926.1113463806 29.1074235897 73.8886536194
Europe/EasternEurope/BGR 905.8840822440 493.7645449227 43.8966718413 87.8748531702
Europe/EasternEurope/CZE 947.7691294719 250.3656663870 52.2308705281 119.0155676821
Europe/EasternEurope/HUN 794.6042747238 369.3812340691 65.1535174488 56.5520909028
Europe/EasternEurope/POL 794.6042747238 250.3656663870 153.1648547481 119.0155676821
Europe/EasternEurope/ROU 905.8840822440 425.9333249719 94.1159177560 67.8312199508
Europe/EasternEurope/RUS 794.6042747238 425.9333249719 111.2798075202 155.7060731210
Europe/EasternEurope/SVK 859.7577921726 369.3812340691 140.2422078274 56.5520909028
Europe/EasternEurope/UKR 949.7807540854 493.7645449227 50.2192459146 87.8748531702
Europe/NorthernEurope/DNK 617.9981555059 442.4155378566 112.9935029488 70.7567569144
Europe/NorthernEurope/EST 730.9916584547 442.4155378566 63.6126162691 21.1878496720
Europe/NorthernEurope/FIN 533.4008041802 442.4155378566 84.5973513257 139.2238602363
Europe/NorthernEurope/GBR 533.4008041802 250.3656663870 149.8996825844 192.0498714696
Europe/NorthernEurope/IRL 730.9916584547 520.7954141634 32.7182272627 60.8439839296
Europe/NorthernEurope/LTU 730.9916584547 463.6033875286 63.6126162691 57.1920266348
Europe/NorthernEurope/LVA 763.7098857174 520.7954141634 30.8943890064 60.8439839296
Europe/NorthernEurope/NOR 617.9981555059 513.1722947710 112.9935029488 68.4671033219
Europe/NorthernEurope/SWE 683.3004867646 250.3656663870 111.3037879592 192.0498714696
Europe/SouthernEurope/ESP 791.3670032877 0.0000000000 208.6329967123 153.8967333250
Europe/SouthernEurope/GRC 888.6974503573 153.8967333250 67.7122553288 96.4689330621
Europe/SouthernEurope/HRV 956.4097056861 153.8967333250 43.5902943139 55.3094542656
Europe/SouthernEurope/ITA 533.4008041802 0.0000000000 257.9661991075 250.3656663870
Europe/SouthernEurope/PRT 791.3670032877 153.8967333250 97.3304470696 96.4689330621
Europe/SouthernEurope/SVN 956.4097056861 209.2061875906 43.5902943139 41.1594787964
Europe/WesternEurope/AUS 278.2319583379 515.5723554684 255.1688458423 66.0670426246
Europe/WesternEurope/CHE 408.1343901942 295.0303435041 125.2664139860 220.5420119643
Europe/WesternEurope/DEU 0.0000000000 0.0000000000 533.4008041802 295.0303435041
Europe/WesternEurope/FRA 0.0000000000 295.0303435041 278.2319583379 286.6090545888
Europe/WesternEurope/NLD 278.2319583379 295.0303435041 129.9024318563 220.5420119643

Africa/NorthernAfrica/DZA 667.7764950397 927.4702357014 170.7567987336 72.5297642986
Africa/NorthernAfrica/EGY 896.8049471588 958.2238118415 70.9734444541 41.7761881585
Africa/NorthernAfrica/MAR 838.5332937733 927.4702357014 58.2716533855 72.5297642986
Africa/NorthernAfrica/TUN 896.8049471588 927.4702357014 70.9734444541 30.7535761401
America/NorthernAmerica/CAN 528.7931267312 595.5458120365 119.6008953115 386.6262667943
America/NorthernAmerica/MEX 528.7931267312 982.1720788308 119.6008953115 17.8279211692
America/NorthernAmerica/USA 0.0000000000 595.5458120365 528.7931267312 404.4541879635
America/SouthernAmerica/ARG 648.3940220427 595.5458120365 19.3824729970 205.0005681157
America/SouthernAmerica/CHL 648.3940220427 800.5463801522 19.3824729970 95.0518971407
America/SouthernAmerica/COL 648.3940220427 895.5982772929 19.3824729970 104.4017227071
Asia/EasternAsia/CHN 856.1120254128 841.0670682118 64.6682547447 86.4031674896
Asia/EasternAsia/JPN 667.7764950397 595.5458120365 253.0037851178 245.5212561753
Asia/EasternAsia/KOR 667.7764950397 841.0670682118 188.3355303731 86.4031674896
Asia/SouthEasternAsia/IDN 920.7802801575 732.9312390435 32.5855765166 46.6818953630
Asia/SouthEasternAsia/MYS 920.7802801575 630.6903742908 79.2197198425 102.2408647528
Asia/SouthEasternAsia/PHL 953.3658566741 732.9312390435 46.6341433259 46.6818953630
Asia/SouthEasternAsia/SGP 920.7802801575 595.5458120365 79.2197198425 35.1445622543
Asia/SouthEasternAsia/THA 920.7802801575 779.6131344065 79.2197198425 38.7766729873
Asia/WesternAsia/IND 920.7802801575 866.1000867014 79.2197198425 61.3701490000
Asia/WesternAsia/TUR 920.7802801575 818.3898073938 79.2197198425 47.7102793075
AustraliaandNewZealand/NZL 967.7783916129 927.4702357014 32.2216083871 72.5297642986
Europe/EasternEurope/BGR 898.8312823848 499.2996837939 43.3601609979 96.2461282426
Europe/EasternEurope/CZE 937.3609014003 256.0275692044 62.6390985997 111.4599114876
Europe/EasternEurope/HUN 779.6711513827 367.4874806920 64.2165182622 57.8584453343
Europe/EasternEurope/POL 779.6711513827 256.0275692044 157.6897500176 111.4599114876
Europe/EasternEurope/ROU 898.8312823848 425.3459260263 101.1687176152 73.9537577677
Europe/EasternEurope/RUS 779.6711513827 425.3459260263 119.1601310021 170.1998860102
Europe/EasternEurope/SVK 843.8876696449 367.4874806920 156.1123303551 57.8584453343
Europe/EasternEurope/UKR 942.1914433827 499.2996837939 57.8085566173 96.2461282426
Europe/NorthernEurope/DNK 538.4954258056 531.2242134701 124.5144692894 64.3215985664
Europe/NorthernEurope/EST 663.0098950950 512.5415168878 67.8807778877 21.1679362577
Europe/NorthernEurope/FIN 538.4954258056 447.2996898358 124.5144692894 83.9245236343
Europe/NorthernEurope/GBR 538.4954258056 256.0275692044 141.7338019450 191.2721206315
Europe/NorthernEurope/IRL 730.8906729827 512.5415168878 48.7804784000 43.6400442332
Europe/NorthernEurope/LTU 663.0098950950 533.7094531456 67.8807778877 61.8363588909
Europe/NorthernEurope/LVA 730.8906729827 556.1815611210 48.7804784000 39.3642509155
Europe/NorthernEurope/NOR 663.0098950950 447.2996898358 116.6612562877 65.2418270520
Europe/NorthernEurope/SWE 680.2292277506 256.0275692044 99.4419236321 191.2721206315
Europe/SouthernEurope/ESP 790.7661131411 0.0000000000 209.2338868589 151.3654603073
Europe/SouthernEurope/GRC 883.1058259355 151.3654603073 70.4851136301 104.6621088971
Europe/SouthernEurope/HRV 953.5909395656 151.3654603073 46.4090604344 60.3566622461
Europe/SouthernEurope/ITA 538.4954258056 0.0000000000 252.2706873355 256.0275692044
Europe/SouthernEurope/PRT 790.7661131411 151.3654603073 92.3397127944 104.6621088971
Europe/SouthernEurope/SVN 953.5909395656 211.7221225534 46.4090604344 44.3054466510
Europe/WesternEurope/AUS 412.5390298658 451.7834486786 125.9563959398 143.7623633579
Europe/WesternEurope/CHE 217.5318574212 451.7834486786 195.0071724446 143.7623633579
Europe/WesternEurope/DEU 0.0000000000 0.0000000000 314.7048797033 451.7834486786
Europe/WesternEurope/FRA 314.7048797033 0.0000000000 223.7905461023 451.7834486786
Europe/WesternEurope/NLD 0.0000000000 451.7834486786 217.5318574212 143.7623633579

Africa/NorthernAfrica/DZA 689.2634045495 932.5246792254 163.9336355070 67.4753207746
Africa/NorthernAfrica/EGY 905.5302216957 962.6881945140 60.7575562384 37.3118054860
Africa/NorthernAfrica/MAR 853.1970400565 932.5246792254 52.3331816392 67.4753207746
Africa/NorthernAfrica/TUN 905.5302216957 932.5246792254 60.7575562384 30.1635152885
America/NorthernAmerica/CAN 544.5978199894 602.3468625730 130.4633486903 360.2264392334
America/NorthernAmerica/MEX 544.5978199894 962.5733018064 130.4633486903 37.4266981936
America/NorthernAmerica/USA 0.0000000000 602.3468625730 544.5978199894 397.6531374270
America/SouthernAmerica/ARG 675.0611686796 602.3468625730 14.2022358699 199.0776134543
America/SouthernAmerica/CHL 675.0611686796 801.4244760273 14.2022358699 105.2785453920
America/SouthernAmerica/COL 675.0611686796 906.7030214193 14.2022358699 93.2969785807
Asia/EasternAsia/CHN 897.0338575711 786.7806707583 102.9661424289 65.5690464550
Asia/EasternAsia/JPN 689.2634045495 602.3468625730 207.7704530216 250.0028546403
Asia/EasternAsia/KOR 897.0338575711 602.3468625730 102.9661424289 184.4338081854
Asia/SouthEasternAsia/IDN 811.0381513481 852.3497172133 53.3685324608 31.5609116767
Asia/SouthEasternAsia/MYS 716.6295837191 852.3497172133 94.4085676290 80.1749620121
Asia/SouthEasternAsia/PHL 864.4066838089 852.3497172133 24.6798627920 31.5609116767
Asia/SouthEasternAsia/SGP 689.2634045495 852.3497172133 27.3661791696 80.1749620121
Asia/SouthEasternAsia/THA 811.0381513481 883.9106288900 78.0483952528 48.6140503355
Asia/WesternAsia/IND 938.1268832582 852.3497172133 61.8731167418 80.1749620121
Asia/WesternAsia/TUR 889.0865466009 852.3497172133 49.0403366574 80.1749620121
AustraliaandNewZealand/NZL 966.2877779341 932.5246792254 33.7122220659 67.4753207746
Europe/EasternEurope/BGR 910.3953783470 514.5214731293 45.4941395373 87.8253894437
Europe/EasternEurope/CZE 909.2900472051 260.9023941989 90.7099527949 118.1958575933
Europe/EasternEurope/HUN 785.7484773748 379.0982517922 78.7058524731 58.0903726119
Europe/EasternEurope/POL 785.7484773748 260.9023941989 123.5415698303 118.1958575933
Europe/EasternEurope/ROU 910.3953783470 437.1886244042 89.6046216530 77.3328487251
Europe/EasternEurope/RUS 785.7484773748 437.1886244042 124.6469009722 165.1582381688
Europe/EasternEurope/SVK 864.4543298479 379.0982517922 135.5456701521 58.0903726119
Europe/EasternEurope/UKR 955.8895178843 514.5214731293 44.1104821157 87.8253894437
Europe/NorthernEurope/DNK 673.4856876998 382.3284156992 112.2627896751 64.2636684102
Europe/NorthernEurope/EST 673.4856876998 512.6071007670 63.5468651950 25.0568002026
Europe/NorthernEurope/FIN 538.6268565310 523.0767766293 134.8588311687 79.2700859437
Europe/NorthernEurope/GBR 538.6268565310 260.9023941989 247.1216208438 121.4260215003
Europe/NorthernEurope/IRL 737.0325528948 512.6071007670 48.7159244801 46.6924060734
Europe/NorthernEurope/LTU 673.4856876998 537.6639009695 63.5468651950 64.6829616035
Europe/NorthernEurope/LVA 737.0325528948 559.2995068404 48.7159244801 43.0473557326
Europe/NorthernEurope/NOR 673.4856876998 446.5920841094 112.2627896751 66.0150166576
Europe/NorthernEurope/SWE 538.6268565310 382.3284156992 134.8588311687 140.7483609301
Europe/SouthernEurope/ESP 774.3939258836 0.0000000000 225.6060741164 167.8319574050
Europe/SouthernEurope/GRC 871.1644933619 167.8319574050 81.7285355645 93.0704367939
Europe/SouthernEurope/HRV 952.8930289264 167.8319574050 47.1069710736 54.7333269785
Europe/SouthernEurope/ITA 538.6268565310 0.0000000000 235.7670693526 260.9023941989
Europe/SouthernEurope/PRT 774.3939258836 167.8319574050 96.7705674783 93.0704367939
Europe/SouthernEurope/SVN 952.8930289264 222.5652843835 47.1069710736 38.3371098155
Europe/WesternEurope/AUS 438.0993196202 429.9954228859 100.5275369108 172.3514396871
Europe/WesternEurope/CHE 286.5698699927 429.9954228859 151.5294496275 172.3514396871
Europe/WesternEurope/DEU 0.0000000000 0.0000000000 538.6268565310 268.6546610839
Europe/WesternEurope/FRA 0.0000000000 268.6546610839 286.5698699927 333.6922014891
Europe/WesternEurope/NLD 286.5698699927 268.6546610839 252.0569865383 161.3407618021

Africa/NorthernAfrica/DZA 672.6967443956 933.0880102091 163.0388067420 66.9119897909
Africa/NorthernAfrica/EGY 918.3187463119 933.0880102091 45.3529894701 66.9119897909
Africa/NorthernAfrica/MAR 835.7355511376 933.0880102091 53.1907779137 66.9119897909
Africa/NorthernAfrica/TUN 888.9263290512 933.0880102091 29.3924172606 66.9119897909
America/NorthernAmerica/CAN 534.8847604551 586.8421587349 123.6424620838 366.8201650555
America/NorthernAmerica/MEX 534.8847604551 953.6623237904 123.6424620838 46.3376762096
America/NorthernAmerica/USA 0.0000000000 586.8421587349 534.8847604551 413.1578412651
America/SouthernAmerica/ARG 658.5272225389 586.8421587349 14.1695218567 242.5653316843
America/SouthernAmerica/CHL 658.5272225389 829.4074904192 14.1695218567 130.6659295155
America/SouthernAmerica/COL 658.5272225389 960.0734199347 14.1695218567 39.9265800653
Asia/EasternAsia/CHN 892.2507683280 772.7874107082 107.7492316720 77.8084698579
Asia/EasternAsia/JPN 672.6967443956 586.8421587349 219.5540239325 263.7537218312
Asia/EasternAsia/KOR 892.2507683280 586.8421587349 107.7492316720 185.9452519733
Asia/SouthEasternAsia/IDN 800.7551070129 850.5958805661 39.2094643735 29.4155684707
Asia/SouthEasternAsia/MYS 703.6609757559 850.5958805661 97.0941312570 82.4921296430
Asia/SouthEasternAsia/PHL 839.9645713864 850.5958805661 41.6088133200 29.4155684707
Asia/SouthEasternAsia/SGP 672.6967443956 850.5958805661 30.9642313604 82.4921296430
Asia/SouthEasternAsia/THA 800.7551070129 880.0114490367 80.8182776935 53.0765611723
Asia/WesternAsia/IND 946.7483505431 850.5958805661 53.2516494569 82.4921296430
Asia/WesternAsia/TUR 881.5733847065 850.5958805661 65.1749658366 82.4921296430
AustraliaandNewZealand/NZL 963.6717357820 933.0880102091 36.3282642180 66.9119897909
Europe/EasternEurope/BGR 909.4443460940 504.5138591728 52.2340818294 82.3282995621
Europe/EasternEurope/CZE 872.0132886962 247.5234676295 127.9867113038 149.5210566571
Europe/EasternEurope/HUN 760.0296485923 397.0445242866 65.7766858152 56.3487920928
Europe/EasternEurope/POL 760.0296485923 247.5234676295 111.9836401039 149.5210566571
Europe/EasternEurope/ROU 825.8063344075 504.5138591728 83.6380116865 82.3282995621
Europe/EasternEurope/RUS 825.8063344075 397.0445242866 174.1936655925 107.4693348862
Europe/EasternEurope/SVK 760.0296485923 453.3933163794 65.7766858152 133.4488423555
Europe/EasternEurope/UKR 961.6784279234 504.5138591728 38.3215720766 82.3282995621
Europe/NorthernEurope/DNK 642.4824464520 382.2795463025 117.5472021403 57.2740412270
Europe/NorthernEurope/EST 642.4824464520 503.6131563918 63.7954493581 21.1372731084
Europe/NorthernEurope/FIN 504.4782556684 507.7185388285 138.0041907836 79.1236199064
Europe/NorthernEurope/GBR 504.4782556684 247.5234676295 255.5513929239 134.7560786730
Europe/NorthernEurope/IRL 706.2778958100 503.6131563918 53.7517527823 50.8189343076
Europe/NorthernEurope/LTU 642.4824464520 524.7504295002 63.7954493581 62.0917292347
Europe/NorthernEurope/LVA 706.2778958100 554.4320906994 53.7517527823 32.4100680355
Europe/NorthernEurope/NOR 642.4824464520 439.5535875296 117.5472021403 64.0595688623
Europe/NorthernEurope/SWE 504.4782556684 382.2795463025 138.0041907836 125.4389925260
Europe/SouthernEurope/ESP 767.6372651199 0.0000000000 232.3627348801 159.2737956774
Europe/SouthernEurope/GRC 865.4090071887 159.2737956774 85.9679242796 88.2496719521
Europe/SouthernEurope/HRV 951.3769314682 159.2737956774 48.6230685318 50.0944185924
Europe/SouthernEurope/ITA 504.4782556684 0.0000000000 263.1590094515 247.5234676295
Europe/SouthernEurope/PRT 767.6372651199 159.2737956774 97.7717420688 88.2496719521
Europe/SouthernEurope/SVN 951.3769314682 209.3682142698 48.6230685318 38.1552533598
Europe/WesternEurope/AUS 409.8920020360 420.8948397475 94.5862536324 165.9473189874
Europe/WesternEurope/CHE 236.1802833936 420.8948397475 173.7117186424 165.9473189874
Europe/WesternEurope/DEU 0.0000000000 0.0000000000 296.4682474380 420.8948397475
Europe/WesternEurope/FRA 296.4682474380 0.0000000000 208.0100082304 420.8948397475
Europe/WesternEurope/NLD 0.0000000000 420.8948397475 236.1802833936 165.9473189874

