new names 21
Amber 558.4655611155 794.4642615645 96.4661382356 103.4638141560
Anne 782.2483660823 348.6866929508 110.6150472617 128.6682591894
Anouk 912.3665948246 790.2396656773 87.6334051754 86.3128648409
Bas 558.4655611155 897.9280757205 96.4661382356 102.0719242795
Bram 363.2803501497 0.0000000000 168.1640175075 194.2890390726
Charlotte 828.4867618076 578.7213307011 85.7566190962 109.5999001101
Cornelis 743.1014607321 896.2598346556 78.5204837630 103.7401653444
Daan 190.2787376181 0.0000000000 173.0016125317 194.2890390726
Daniël 892.8634133440 348.6866929508 107.1365866560 128.6682591894
David 438.5764582376 591.9635447780 119.8891028779 106.3955990286
Dylan 558.4655611155 578.7213307011 96.4661382356 111.3511901231
Eline 438.5764582376 901.4440766893 119.8891028779 98.5559233107
Emma 531.4443676572 0.0000000000 161.2531674729 194.2890390726
Eva 0.0000000000 369.6326115047 154.4272858571 162.8811367055
Femke 438.5764582376 477.3549521402 119.8891028779 114.6085926378
Fleur 444.0107168568 194.2890390726 145.5196142533 154.3976538782
Floris 556.8441188319 348.6866929508 113.0499696857 128.6682591894
Gijs 297.9113431841 493.1401572402 140.6651150536 132.0444662557
Ilse 821.6219444950 939.2030480630 120.7314887869 60.7969519370
Iris 558.4655611155 477.3549521402 112.1497474767 101.3663785609
Jan 438.5764582376 348.6866929508 118.2676605943 128.6682591894
Jasper 654.9316993511 794.4138411702 88.1697613809 104.5697499233
Jelle 915.6845819839 688.3212308112 84.3154180161 101.9184348661
Jesse 0.0000000000 845.5237618078 154.4272858571 154.4762381922
Johanna 821.6219444950 876.5525305182 120.7314887869 62.6505175448
Johannes 654.9316993511 898.9835910935 88.1697613809 101.0164089065
Joris 830.0517355612 688.3212308112 85.6328464226 101.9184348661
Julia 0.0000000000 194.2890390726 154.4272858571 175.3435724320
Koen 891.8240624733 477.3549521402 108.1759375267 101.3663785609
Lars 154.4272858571 683.0807834680 143.4840573270 158.4596082660
Lieke 728.9624714604 194.2890390726 137.6928620923 154.3976538782
Lisa 154.4272858571 520.8780348492 143.4840573270 162.2027486187
Lotte 154.4272858571 194.2890390726 143.4840573270 163.4504620697
Lucas 692.6975351302 0.0000000000 154.1119557706 194.2890390726
Luuk 846.8094909007 0.0000000000 153.1905090993 194.2890390726
Maria 743.1014607321 688.3212308112 86.9502748292 101.9184348661
Maud 297.9113431841 754.3654748207 140.6651150536 123.4536214632
Max 297.9113431841 194.2890390726 146.0993736727 154.3976538782
Merel 942.3534332819 876.5525305182 57.6465667181 123.4474694818
Mohamed 654.9316993511 578.7213307011 87.3900785075 109.5999001101
Naomi 438.5764582376 698.3591438066 119.8891028779 103.7823737893
Nick 821.6219444950 790.2396656773 90.7446503296 86.3128648409
Niels 654.9316993511 688.3212308112 88.1697613809 106.0926103591
Nikki 914.2433809038 578.7213307011 85.7566190962 109.5999001101
Nina 669.8940885177 348.6866929508 112.3542775646 128.6682591894
Pieter 742.3217778586 578.7213307011 86.1649839490 109.5999001101
Robin 743.1014607321 790.2396656773 78.5204837630 106.0201689783
Roos 297.9113431841 348.6866929508 140.6651150536 144.4534642894
Ruben 154.4272858571 841.5403917340 143.4840573270 158.4596082660
Sanne 297.9113431841 877.8190962839 140.6651150536 122.1809037161
Sarah 589.5303311101 194.2890390726 139.4321403503 154.3976538782
Sophie 0.0000000000 0.0000000000 190.2787376181 194.2890390726
Stijn 866.6553335527 194.2890390726 133.3446664473 154.3976538782
Sven 297.9113431841 625.1846234959 140.6651150536 129.1808513249
Tessa 558.4655611155 690.0725208241 96.4661382356 104.3917407404
Thijs 0.0000000000 689.5984031823 154.4272858571 155.9253586255
Thomas 154.4272858571 357.7395011423 143.4840573270 163.1385337069
Tim 0.0000000000 532.5137482101 154.4272858571 157.0846549722
Tom 670.6153085922 477.3549521402 110.8251441600 101.3663785609
Vera 438.5764582376 802.1415175959 119.8891028779 99.3025590934
Willem 781.4404527522 477.3549521402 110.3836097211 101.3663785609

Amber 551.0416223731 797.9674869165 99.0709987772 106.4706980397
Anne 779.0088614340 329.3212896702 121.8904248653 125.1964259223
Anouk 915.8118093917 773.1795545989 84.1881906083 107.3203120591
Bas 551.0416223731 904.4381849562 99.0709987772 95.5618150438
Bram 341.7721518987 0.0000000000 178.1705278242 181.0046688570
Charlotte 827.1594587540 559.2811269668 87.1850517789 113.0523601978
Cornelis 740.2231338782 896.2417111463 71.6625837577 103.7582888537
Daan 168.8559828039 0.0000000000 172.9161690948 181.0046688570
Daniël 900.8992862993 329.3212896702 99.1007137007 125.1964259223
David 436.1272980026 585.4334638503 114.9143243705 115.8679611017
Dylan 551.0416223731 559.2811269668 99.0709987772 115.6341597562
Eline 436.1272980026 902.9417728434 114.9143243705 97.0582271566
Emma 519.9426797230 0.0000000000 157.3919273943 181.0046688570
Eva 0.0000000000 352.7116575943 156.3473211929 149.0339242019
Femke 436.1272980026 454.5177155925 114.9143243705 130.9157482578
Fleur 439.7906182996 181.0046688570 147.7763561509 148.3166208132
Floris 554.9100349819 329.3212896702 110.1502706290 125.1964259223
Gijs 302.5072578517 469.4099927926 133.6200401510 126.1768919579
Ilse 873.7463758749 880.4998666580 60.0518670624 119.5001333420
Iris 551.0416223731 454.5177155925 122.9683791662 104.7634113743
Jan 436.1272980026 329.3212896702 118.7827369792 125.1964259223
Jasper 650.1126211503 779.3168434783 90.1105127279 108.9023402835
Jelle 905.2628920579 672.3334871645 94.7371079421 100.8460674344
Jesse 0.0000000000 825.5280033926 156.3473211929 174.4719966074
Johanna 811.8857176359 880.4998666580 61.8606582390 119.5001333420
Johannes 650.1126211503 888.2191837618 90.1105127279 111.7808162382
Joris 832.3881936409 672.3334871645 72.8746984170 100.8460674344
Julia 0.0000000000 181.0046688570 156.3473211929 171.7069887373
Koen 894.7753802437 454.5177155925 105.2246197563 104.7634113743
Lars 156.3473211929 686.4806605231 146.1599366587 153.2103941972
Lieke 706.7790645210 181.0046688570 139.9066093737 148.3166208132
Lisa 156.3473211929 516.1154345432 146.1599366587 170.3652259799
Lotte 156.3473211929 181.0046688570 146.1599366587 162.0835830503
Lucas 677.3346071173 0.0000000000 165.7511344638 181.0046688570
Luuk 843.0857415811 0.0000000000 156.9142584189 181.0046688570
Maria 740.2231338782 672.3334871645 92.1650597627 100.8460674344
Maud 302.5072578517 731.7932219665 133.6200401510 127.7945444189
Max 302.5072578517 181.0046688570 137.2833604479 148.3166208132
Merel 933.7982429373 880.4998666580 66.2017570627 119.5001333420
Mohamed 650.1126211503 559.2811269668 85.2730988890 113.0523601978
Naomi 436.1272980026 701.3014249520 114.9143243705 111.3536249549
Nick 811.8857176359 773.1795545989 103.9260917557 107.3203120591
Niels 650.1126211503 672.3334871645 90.1105127279 106.9833563138
Nikki 914.3445105330 559.2811269668 85.6554894670 113.0523601978
Nina 665.0603056109 329.3212896702 113.9485558231 125.1964259223
Pieter 735.3857200394 559.2811269668 91.7737387147 113.0523601978
Robin 740.2231338782 773.1795545989 71.6625837577 123.0621565474
Roos 302.5072578517 329.3212896702 133.6200401510 140.0887031224
Ruben 156.3473211929 839.6910547203 146.1599366587 160.3089452797
Sanne 302.5072578517 859.5877663854 133.6200401510 140.4122336146
Sarah 587.5669744505 181.0046688570 119.2120900705 148.3166208132
Sophie 0.0000000000 0.0000000000 168.8559828039 181.0046688570
Stijn 846.6856738947 181.0046688570 153.3143261053 148.3166208132
Sven 302.5072578517 595.5868847505 133.6200401510 136.2063372160
Tessa 551.0416223731 674.9152867230 99.0709987772 123.0522001934
Thijs 0.0000000000 663.2220414138 156.3473211929 162.3059619787
Thomas 156.3473211929 343.0882519073 146.1599366587 173.0271826358
Tim 0.0000000000 501.7455817962 156.3473211929 161.4764596177
Tom 674.0100015393 454.5177155925 108.9384298653 104.7634113743
Vera 436.1272980026 812.6550499069 114.9143243705 90.2867229364
Willem 782.9484314047 454.5177155925 111.8269488390 104.7634113743

Amber 539.2385992509 782.9750859277 97.4687578508 117.4001439934
Anne 772.5253095707 329.5776930470 126.3748280163 122.7484093274
Anouk 909.0089602303 770.5574754627 90.9910397697 113.3592746801
Bas 539.2385992509 900.3752299211 97.4687578508 99.6247700789
Bram 341.0262155501 0.0000000000 187.0938830383 179.8219106330
Charlotte 810.2364149310 554.3755097716 99.5717670704 111.6833901593
Cornelis 733.9554043206 903.8526563844 73.7549374161 96.1473436156
Daan 147.4344611248 0.0000000000 193.5917544253 179.8219106330
Daniël 898.9001375870 329.5776930470 101.0998624130 122.7484093274
David 429.1796729344 599.1290655748 110.0589263166 109.4615610896
Dylan 539.2385992509 554.3755097716 97.4687578508 128.9748060772
Eline 429.1796729344 904.8160338351 110.0589263166 95.1839661649
Emma 528.1200985884 0.0000000000 145.8660094107 179.8219106330
Eva 0.0000000000 333.2676137820 149.1452151700 155.8770611215
Femke 429.1796729344 452.3261023743 110.0589263166 146.8029632005
Fleur 424.7722601666 179.8219106330 145.0176575165 149.7557824140
Floris 541.1116634631 329.5776930470 111.6037442221 122.7484093274
Gijs 293.4761249754 463.1870987728 135.7035479590 134.2032253068
Ilse 869.8400327640 883.9167501428 65.6006234870 116.0832498572
Iris 539.2385992509 452.3261023743 118.4476608609 102.0494073973
Jan 429.1796729344 329.5776930470 111.9319905287 122.7484093274
Jasper 636.7073571017 779.9966201778 97.2480472189 116.0093151605
Jelle 909.3906087179 666.0588999309 90.6093912821 104.4985755318
Jesse 0.0000000000 843.0423353352 149.1452151700 156.9576646648
Johanna 807.7103417367 883.9167501428 62.1296910273 116.0832498572
Johannes 636.7073571017 896.0059353383 97.2480472189 103.9940646617
Joris 822.2513643359 666.0588999309 87.1392443820 104.4985755318
Julia 0.0000000000 179.8219106330 149.1452151700 153.4457031490
Koen 893.3971052252 452.3261023743 106.6028947748 102.0494073973
Lars 149.1452151700 672.2637587077 144.3309098055 166.3805790547
Lieke 694.6288658976 179.8219106330 139.9057178266 149.7557824140
Lisa 149.1452151700 504.4873694260 144.3309098055 167.7763892817
Lotte 149.1452151700 179.8219106330 144.3309098055 160.5181761014
Lucas 673.9861079991 0.0000000000 174.0981402644 179.8219106330
Luuk 848.0842482635 0.0000000000 151.9157517365 179.8219106330
Maria 733.9554043206 666.0588999309 88.2959600153 104.4985755318
Maud 293.4761249754 740.7977528919 135.7035479590 125.2959315918
Max 293.4761249754 179.8219106330 131.2961351912 149.7557824140
Merel 935.4406562509 883.9167501428 64.5593437491 116.0832498572
Mohamed 636.7073571017 554.3755097716 88.3879816386 111.6833901593
Naomi 429.1796729344 708.5906266644 110.0589263166 104.3362706038
Nick 807.7103417367 770.5574754627 101.2986184936 113.3592746801
Niels 636.7073571017 666.0588999309 97.2480472189 113.9377202469
Nikki 909.8081820014 554.3755097716 90.1918179986 111.6833901593
Nina 652.7154076852 329.5776930470 119.8099018855 122.7484093274
Pieter 725.0953387403 554.3755097716 85.1410761907 111.6833901593
Robin 733.9554043206 770.5574754627 73.7549374161 133.2951809217
Roos 293.4761249754 329.5776930470 135.7035479590 133.6094057258
Ruben 149.1452151700 838.6443377624 144.3309098055 161.3556622376
Sanne 293.4761249754 866.0936844837 135.7035479590 133.9063155163
Sarah 569.7899176831 179.8219106330 124.8389482145 149.7557824140
Sophie 0.0000000000 0.0000000000 147.4344611248 179.8219106330
Stijn 834.5345837243 179.8219106330 165.4654162757 149.7557824140
Sven 293.4761249754 597.3903240796 135.7035479590 143.4074288124
Tessa 539.2385992509 683.3503158488 97.4687578508 99.6247700789
Thijs 0.0000000000 662.0412418320 149.1452151700 181.0010935033
Thomas 149.1452151700 340.3400867344 144.3309098055 164.1472826916
Tim 0.0000000000 489.1446749035 149.1452151700 172.8965669285
Tom 657.6862601119 452.3261023743 124.7648694402 102.0494073973
Vera 429.1796729344 812.9268972682 110.0589263166 91.8891365669
Willem 782.4511295521 452.3261023743 110.9459756731 102.0494073973

Amber 539.1694463301 770.5155559710 95.5612684519 133.7340380721
Anne 761.6107160822 313.0961576223 129.7295219300 125.6161898172
Anouk 909.0632379935 750.7285341059 90.9367620065 136.7929059466
Bas 539.1694463301 904.2495940431 95.5612684519 95.7504059569
Bram 358.2776882339 0.0000000000 146.4425512319 164.2090139141
Charlotte 800.2326517054 543.4050889491 107.5933917059 110.3446327772
Cornelis 736.8313968983 892.1927204466 71.8973590030 107.8072795534
Daan 158.8763527516 0.0000000000 199.4013354824 164.2090139141
Daniël 891.3402380122 313.0961576223 108.6597619878 125.6161898172
David 425.9995398595 582.3752585116 113.1699064706 106.5778340278
Dylan 539.1694463301 543.4050889491 95.5612684519 123.0511415397
Eline 425.9995398595 896.0949643177 113.1699064706 103.9050356823
Emma 504.7202394658 0.0000000000 163.7117200092 164.2090139141
Eva 0.0000000000 331.8292577452 147.2969916309 154.0155379765
Femke 425.9995398595 438.7123474395 113.1699064706 143.6629110720
Fleur 409.5638732271 164.2090139141 142.4665234923 148.8871437082
Floris 552.1171029423 313.0961576223 113.4757071175 125.6161898172
Gijs 293.5082560507 448.6505095664 132.4912838088 136.6958622762
Ilse 877.3040349806 887.5214400525 63.5329791470 112.4785599475
Iris 539.1694463301 438.7123474395 126.0422125633 104.6927415096
Jan 425.9995398595 313.0961576223 126.1175630828 125.6161898172
Jasper 634.7307147820 773.7337753741 102.1006821162 120.7246959542
Jelle 911.4973734754 653.7497217263 88.5026265246 96.9788123796
Jesse 0.0000000000 827.7592900296 147.2969916309 172.2407099704
Johanna 808.7287559013 887.5214400525 68.5752790793 112.4785599475
Johannes 634.7307147820 894.4584713283 102.1006821162 105.5415286717
Joris 835.8607675469 653.7497217263 75.6366059285 96.9788123796
Julia 0.0000000000 164.2090139141 147.2969916309 167.6202438311
Koen 881.5419893388 438.7123474395 118.4580106612 104.6927415096
Lars 147.2969916309 658.9083197255 146.2112644198 168.8649486120
Lieke 669.1018179849 164.2090139141 157.7035848284 148.8871437082
Lisa 147.2969916309 499.0943254801 146.2112644198 159.8139942454
Lotte 147.2969916309 164.2090139141 146.2112644198 162.6585799035
Lucas 668.4319594750 0.0000000000 160.7183974211 164.2090139141
Luuk 829.1503568962 0.0000000000 170.8496431038 164.2090139141
Maria 736.8313968983 653.7497217263 99.0293706487 96.9788123796
Maud 293.5082560507 721.4714789528 132.4912838088 124.1392486225
Max 293.5082560507 164.2090139141 116.0556171764 148.8871437082
Merel 940.8370141276 887.5214400525 59.1629858724 112.4785599475
Mohamed 634.7307147820 543.4050889491 87.7194531105 110.3446327772
Naomi 425.9995398595 688.9530925394 113.1699064706 117.6031272031
Nick 808.7287559013 750.7285341059 100.3344820923 136.7929059466
Niels 634.7307147820 653.7497217263 102.1006821162 119.9840536478
Nikki 907.8260434112 543.4050889491 92.1739565888 110.3446327772
Nina 665.5928100597 313.0961576223 96.0179060225 125.6161898172
Pieter 722.4501678925 543.4050889491 77.7824838128 110.3446327772
Robin 736.8313968983 750.7285341059 71.8973590030 141.4641863407
Roos 293.5082560507 313.0961576223 132.4912838088 135.5543519441
Ruben 147.2969916309 827.7732683375 146.2112644198 172.2267316625
Sanne 293.5082560507 845.6107275753 132.4912838088 154.3892724247
Sarah 552.0303967194 164.2090139141 117.0714212655 148.8871437082
Sophie 0.0000000000 0.0000000000 158.8763527516 164.2090139141
Stijn 826.8054028133 164.2090139141 173.1945971867 148.8871437082
Sven 293.5082560507 585.3463718426 132.4912838088 136.1251071102
Tessa 539.1694463301 666.4562304888 95.5612684519 104.0593254821
Thijs 0.0000000000 657.0587354390 147.2969916309 170.7005545906
Thomas 147.2969916309 326.8675938176 146.2112644198 172.2267316625
Tim 0.0000000000 485.8447957217 147.2969916309 171.2139397172
Tom 665.2116588934 438.7123474395 116.6522483036 104.6927415096
Vera 425.9995398595 806.5562197426 113.1699064706 89.5387445751
Willem 781.8639071970 438.7123474395 99.6780821418 104.6927415096

Amber 522.5931505852 765.9723993151 97.3244660059 127.6181759985
Anne 747.2306586410 295.6182241230 142.3506208126 119.2526803765
Anouk 906.0840440915 722.9257532613 93.9159559085 150.4389380918
Bas 522.5931505852 893.5905753136 97.3244660059 106.4094246864
Bram 361.2244897959 0.0000000000 141.7233560091 156.9450870138
Charlotte 793.7099331684 524.9971042349 102.0853241684 100.7496778717
Cornelis 719.4788513745 927.7858616182 93.6354932912 72.2141383818
Daan 177.0975056689 0.0000000000 184.1269841270 156.9450870138
Daniël 889.5812794535 295.6182241230 110.4187205465 119.2526803765
David 553.0688107946 414.8709044995 109.5514628638 110.1261997355
Dylan 522.5931505852 524.9971042349 97.3244660059 114.8197915860
Eline 883.0158420157 414.8709044995 116.9841579843 110.1261997355
Emma 502.9478458050 0.0000000000 156.0090702948 156.9450870138
Eva 0.0000000000 327.0180145468 146.0593524421 158.1337105572
Femke 415.0792100783 414.8709044995 137.9896007163 110.1261997355
Fleur 407.4285434740 156.9450870138 146.7955275586 138.6731371092
Floris 531.7649390882 295.6182241230 112.2092943932 119.2526803765
Gijs 286.0399341467 434.6191697150 129.0392759316 132.1060574178
Ilse 868.7584946750 873.3646913531 72.2249825878 126.6353086469
Iris 415.0792100783 524.9971042349 107.5139405069 133.3980257793
Jan 415.0792100783 295.6182241230 116.6857290099 119.2526803765
Jasper 619.9176165911 755.5021957602 99.5612347834 134.7597546760
Jelle 898.9244947511 625.7467821067 101.0755052489 97.1789711547
Jesse 0.0000000000 831.8763323814 146.0593524421 168.1236676186
Johanna 813.1143446657 873.3646913531 55.6441500093 126.6353086469
Johannes 619.9176165911 890.2619504362 99.5612347834 109.7380495638
Joris 816.5259850374 625.7467821067 82.3985097138 97.1789711547
Julia 0.0000000000 156.9450870138 146.0593524421 170.0729275331
Koen 415.0792100783 883.4836102374 107.5139405069 116.5163897626
Lars 146.0593524421 667.9645004946 139.9805817046 163.2211260969
Lieke 658.6747348724 156.9450870138 165.0166507346 138.6731371092
Lisa 146.0593524421 504.7433743977 139.9805817046 163.2211260969
Lotte 146.0593524421 156.9450870138 139.9805817046 172.3737126070
Lucas 658.9569160998 0.0000000000 182.9931972789 156.9450870138
Luuk 841.9501133787 0.0000000000 158.0498866213 156.9450870138
Maria 719.4788513745 625.7467821067 97.0471336629 97.1789711547
Maud 286.0399341467 702.4166264012 129.0392759316 129.6238976751
Max 286.0399341467 156.9450870138 121.3886093273 138.6731371092
Merel 940.9834772629 873.3646913531 59.0165227371 126.6353086469
Mohamed 619.9176165911 524.9971042349 86.5429218728 100.7496778717
Naomi 662.6202736584 414.8709044995 127.3252990216 110.1261997355
Nick 813.1143446657 722.9257532613 92.9696994258 150.4389380918
Niels 619.9176165911 625.7467821067 99.5612347834 129.7554136536
Nikki 895.7952573368 524.9971042349 104.2047426632 100.7496778717
Nina 643.9742334813 295.6182241230 103.2564251597 119.2526803765
Pieter 706.4605384640 524.9971042349 87.2493947045 100.7496778717
Robin 719.4788513745 722.9257532613 93.6354932912 204.8601083568
Roos 286.0399341467 295.6182241230 129.0392759316 139.0009455920
Ruben 146.0593524421 831.1856265914 139.9805817046 168.8143734086
Sanne 286.0399341467 832.0405240763 129.0392759316 167.9594759237
Sarah 554.2240710326 156.9450870138 104.4506638398 138.6731371092
Sophie 0.0000000000 0.0000000000 177.0975056689 156.9450870138
Stijn 823.6913856070 156.9450870138 176.3086143930 138.6731371092
Sven 286.0399341467 566.7252271328 129.0392759316 135.6913992684
Tessa 522.5931505852 639.8168958210 97.3244660059 126.1555034942
Thijs 0.0000000000 661.8034048483 146.0593524421 170.0729275331
Thomas 146.0593524421 329.3187996207 139.9805817046 175.4245747770
Tim 0.0000000000 485.1517251041 146.0593524421 176.6516797442
Tom 415.0792100783 658.3951300143 107.5139405069 116.8474022335
Vera 789.9455726800 414.8709044995 93.0702693356 110.1261997355
Willem 415.0792100783 775.2425322478 107.5139405069 108.2410779897

Amber 749.4671691896 506.6087598163 151.8774155690 104.5439345668
Anne 738.7840285063 285.6058103164 153.2659457051 117.5425310084
Anouk 718.3684475995 901.1780289923 153.1184532236 98.8219710077
Bas 901.3445847586 506.6087598163 98.6554152414 104.5439345668
Bram 366.1226290251 0.0000000000 142.0379355977 153.8252756573
Charlotte 516.4586555603 792.8272552041 106.4454060297 80.9567341202
Cornelis 920.2493415227 707.8696896487 79.7506584773 88.0607244811
Daan 167.1812968681 0.0000000000 198.9413321570 153.8252756573
Daniël 892.0499742114 285.6058103164 107.9500257886 117.5425310084
David 568.1253324340 403.1483413248 101.3282249642 103.4604184915
Dylan 516.4586555603 506.6087598163 113.2590128923 104.5439345668
Eline 889.1620063498 403.1483413248 110.8379936502 103.4604184915
Emma 508.1605646228 0.0000000000 171.5924128805 153.8252756573
Eva 0.0000000000 328.4250170491 139.1283428892 145.0933605141
Femke 409.7384953540 403.1483413248 158.3868370800 103.4604184915
Fleur 407.0898856452 153.8252756573 136.1916849734 131.7805346591
Floris 529.5226148787 285.6058103164 98.7136599457 117.5425310084
Gijs 282.2260534862 415.9794240762 127.5124418678 120.2630069784
Ilse 871.4869008232 859.2896645941 128.5130991768 78.6710693264
Iris 409.7384953540 506.6087598163 106.7201602063 128.1164109498
Jan 409.7384953540 285.6058103164 119.7841195247 117.5425310084
Jasper 757.2554517398 611.1526943831 132.5974555526 96.7169952657
Jelle 622.9040615899 893.0277087400 95.4643860096 106.9722912600
Jesse 0.0000000000 828.5703656447 139.1283428892 171.4296343553
Johanna 871.4869008232 795.9304141299 128.5130991768 63.3592504642
Johannes 889.8529072923 611.1526943831 110.1470927077 96.7169952657
Joris 622.9040615899 822.3051640199 95.4643860096 70.7225447201
Julia 0.0000000000 153.8252756573 139.1283428892 174.5997413917
Koen 409.7384953540 876.3342832271 106.7201602063 123.6657167729
Lars 139.1283428892 634.8811780645 143.0977105970 173.5499854914
Lieke 650.3812699549 153.8252756573 178.6711330275 131.7805346591
Lisa 139.1283428892 487.6481985698 143.0977105970 147.2329794948
Lotte 139.1283428892 153.8252756573 143.0977105970 156.0053148270
Lucas 679.7529775033 0.0000000000 178.8707543008 153.8252756573
Luuk 858.6237318041 0.0000000000 141.3762681959 153.8252756573
Maria 622.9040615899 707.8696896487 95.4643860096 114.4354743712
Maud 282.2260534862 703.3335115467 127.5124418678 126.9147219661
Max 282.2260534862 153.8252756573 124.8638321590 131.7805346591
Merel 871.4869008232 937.9607339205 128.5130991768 62.0392660795
Mohamed 516.4586555603 611.1526943831 106.4454060297 94.6620080067
Naomi 669.4535573982 403.1483413248 129.2016849058 103.4604184915
Nick 718.3684475995 795.9304141299 153.1184532236 105.2476148624
Niels 622.9040615899 611.1526943831 134.3513901498 96.7169952657
Nikki 516.4586555603 873.7839893243 106.4454060297 126.2160106757
Nina 628.2362748244 285.6058103164 110.5477536819 117.5425310084
Pieter 516.4586555603 705.8147023898 106.4454060297 87.0125528143
Robin 718.3684475995 707.8696896487 201.8808939232 88.0607244811
Roos 282.2260534862 285.6058103164 127.5124418678 130.3736137598
Ruben 139.1283428892 808.4311635559 143.0977105970 191.5688364441
Sanne 282.2260534862 830.2482335128 127.5124418678 169.7517664872
Sarah 543.2815706186 153.8252756573 107.0996993363 131.7805346591
Sophie 0.0000000000 0.0000000000 167.1812968681 153.8252756573
Stijn 829.0524029824 153.8252756573 170.9475970176 131.7805346591
Sven 282.2260534862 536.2424310546 127.5124418678 167.0910804921
Tessa 629.7176684525 506.6087598163 119.7495007371 104.5439345668
Thijs 0.0000000000 657.3845856768 139.1283428892 171.1857799679
Thomas 139.1283428892 309.8305904843 143.0977105970 177.8176080855
Tim 0.0000000000 473.5183775632 139.1283428892 183.8662081137
Tom 409.7384953540 634.7251707660 106.7201602063 132.5671051267
Vera 798.6552423041 403.1483413248 90.5067640457 103.4604184915
Willem 409.7384953540 767.2922758927 106.7201602063 109.0420073344

Amber 542.9024588195 540.1511820183 134.4740424085 117.0085755862
Anne 299.7515428388 537.8063971428 128.2227039420 147.2037122967
Anouk 889.5248629172 739.3058348753 110.4751370828 148.7770007354
Bas 677.3765012280 540.1511820183 92.7899443371 117.0085755862
Bram 344.1767068273 0.0000000000 120.0803212851 166.3660052115
Charlotte 921.4854317148 540.1511820183 78.5145682852 117.0085755862
Cornelis 664.8990739459 929.7548823357 110.3334215421 70.2451176643
Daan 161.0441767068 0.0000000000 183.1325301205 166.3660052115
Daniël 299.7515428388 685.0101094395 128.2227039420 114.6365193107
David 299.7515428388 916.8885234997 128.2227039420 83.1114765003
Dylan 427.9742467808 765.4247812192 114.9282120387 122.6651082100
Eline 618.2591698066 426.0357908149 110.9507474258 114.1153912035
Emma 464.2570281124 0.0000000000 133.3333333333 166.3660052115
Eva 0.0000000000 166.3660052115 145.6680291737 138.9772216896
Femke 299.7515428388 799.6466287502 128.2227039420 117.2418947496
Fleur 145.6680291737 885.5243825102 154.0835136651 114.4756174898
Floris 905.0898711769 294.7458312373 94.9101288231 131.2899595775
Gijs 874.5745981599 166.3660052115 125.4254018401 128.3798260259
Ilse 843.8865805315 888.0828356106 89.2503105566 111.9171643894
Iris 729.2099172325 426.0357908149 148.4222399601 114.1153912035
Jan 786.7702735825 294.7458312373 118.3195975945 131.2899595775
Jasper 542.9024588195 891.8355465286 121.9966151264 108.1644534714
Jelle 664.8990739459 739.3058348753 110.3334215421 94.1647913517
Jesse 0.0000000000 675.4904807082 145.6680291737 176.8175543279
Johanna 775.2324954880 888.0828356106 68.6540850435 111.9171643894
Johannes 664.8990739459 657.1597576046 122.0027643401 82.1460772707
Joris 906.8712232204 657.1597576046 93.1287767796 82.1460772707
Julia 857.8313253012 0.0000000000 142.1686746988 166.3660052115
Koen 427.9742467808 645.0850779042 114.9282120387 120.3397033150
Lars 145.6680291737 456.4576268050 154.0835136651 159.7888827462
Lieke 390.0474234166 166.3660052115 187.0972280561 128.3798260259
Lisa 145.6680291737 335.9113326301 154.0835136651 120.5462941749
Lotte 0.0000000000 852.3080350361 145.6680291737 147.6919649639
Lucas 597.5903614458 0.0000000000 138.7550200803 166.3660052115
Luuk 736.3453815261 0.0000000000 121.4859437751 166.3660052115
Maria 786.9018382860 657.1597576046 119.9693849344 82.1460772707
Maud 468.1979376937 294.7458312373 139.4390096382 131.2899595775
Max 145.6680291737 777.5530614687 154.0835136651 107.9713210415
Merel 933.1368910881 888.0828356106 66.8631089119 111.9171643894
Mohamed 770.1664455651 540.1511820183 75.0884780328 117.0085755862
Naomi 427.9742467808 426.0357908149 115.3419379572 114.1153912035
Nick 775.2324954880 739.3058348753 114.2923674292 148.7770007354
Niels 542.9024588195 770.5270582050 121.9966151264 121.3084883236
Nikki 542.9024588195 657.1597576046 121.9966151264 113.3673006004
Nina 299.7515428388 426.0357908149 128.2227039420 111.7706063279
Pieter 845.2549235979 540.1511820183 76.2305081169 117.0085755862
Robin 664.8990739459 833.4706262269 110.3334215421 96.2842561088
Roos 753.8331324881 166.3660052115 120.7414656718 128.3798260259
Ruben 145.6680291737 616.2465095512 154.0835136651 161.3065519175
Sanne 607.6369473319 294.7458312373 179.1333262505 131.2899595775
Sarah 299.7515428388 166.3660052115 90.2958805778 128.3798260259
Sophie 0.0000000000 0.0000000000 161.0441767068 166.3660052115
Stijn 577.1446514727 166.3660052115 176.6884810154 128.3798260259
Sven 299.7515428388 294.7458312373 168.4463948549 131.2899595775
Tessa 427.9742467808 888.0898894292 114.9282120387 111.9101105708
Thijs 0.0000000000 495.6915668391 145.6680291737 179.7989138691
Thomas 145.6680291737 166.3660052115 154.0835136651 169.5453274186
Tim 0.0000000000 305.3432269011 145.6680291737 190.3483399380
Tom 877.6321571926 426.0357908149 122.3678428074 114.1153912035
Vera 543.3161847380 426.0357908149 74.9429850686 114.1153912035
Willem 427.9742467808 540.1511820183 114.9282120387 104.9338958858

Amber 532.8857707344 530.4572245789 129.3190231238 114.9420165937
Anne 302.1249653753 516.6998842037 123.2982703175 140.5570806567
Anouk 754.8275500723 874.4128918844 130.2995155234 125.5871081156
Bas 662.2047938582 530.4572245789 97.1342438262 114.9420165937
Bram 315.5893536122 0.0000000000 128.2213772708 157.7737043826
Charlotte 914.4638748396 530.4572245789 85.5361251604 114.9420165937
Cornelis 646.7037449075 921.3995145985 108.1238051647 78.6004854015
Daan 140.2619349387 0.0000000000 175.3274186734 157.7737043826
Daniël 302.1249653753 657.2569648603 123.2982703175 112.4456645253
David 302.1249653753 905.1239705568 123.2982703175 94.8760294432
Dylan 425.4232356929 754.0637906810 107.4625350415 120.6421001577
Eline 610.5582787739 413.9850944930 98.4334695825 116.4721300859
Emma 443.8107308830 0.0000000000 134.5585128855 157.7737043826
Eva 0.0000000000 157.7737043826 145.5818922876 136.8989738459
Femke 302.1249653753 769.7026293856 123.2982703175 135.4213411711
Fleur 145.5818922876 874.3899104110 156.5430730877 125.6100895890
Floris 904.1578100460 284.2795706272 95.8421899540 129.7055238658
Gijs 885.3999093765 157.7737043826 114.6000906235 126.5058662446
Ilse 885.1270655957 831.4360164370 114.8729344043 88.1987108488
Iris 708.9917483564 413.9850944930 163.6742575616 116.4721300859
Jan 792.6416962658 284.2795706272 111.5161137802 129.7055238658
Jasper 532.8857707344 869.6966658314 113.8179741732 130.3033341686
Jelle 914.1910268201 645.3992411727 85.8089731799 112.6345586698
Jesse 0.0000000000 660.9575580839 145.5818922876 176.0456703805
Johanna 885.1270655957 758.0337998425 114.8729344043 73.4022165945
Johannes 646.7037449075 645.3992411727 103.5625538378 112.6345586698
Joris 840.8095601007 645.3992411727 73.3814667194 112.6345586698
Julia 854.2458808619 0.0000000000 145.7541191381 157.7737043826
Koen 425.4232356929 630.0102172541 107.4625350415 124.0535734270
Lars 145.5818922876 453.0638641453 156.5430730877 143.4935599712
Lieke 397.7567651370 157.7737043826 177.3008298612 126.5058662446
Lisa 145.5818922876 325.1118915300 156.5430730877 127.9519726153
Lotte 0.0000000000 837.0032284644 145.5818922876 162.9967715356
Lucas 578.3692437685 0.0000000000 153.7811575834 157.7737043826
Luuk 732.1504013519 0.0000000000 122.0954795099 157.7737043826
Maria 750.2662987454 645.3992411727 90.5432613554 112.6345586698
Maud 474.2811778932 284.2795706272 131.3012307412 129.7055238658
Max 145.5818922876 770.2825649719 156.5430730877 104.1073454391
Merel 885.1270655957 919.6347272858 114.8729344043 80.3652727142
Mohamed 759.3390376844 530.4572245789 74.5179124279 114.9420165937
Naomi 425.4232356929 413.9850944930 113.3129475426 116.4721300859
Nick 754.8275500723 758.0337998425 130.2995155234 116.3790920419
Niels 532.8857707344 733.5370020373 113.8179741732 136.1596637941
Nikki 532.8857707344 645.3992411727 113.8179741732 88.1377608646
Nina 302.1249653753 413.9850944930 123.2982703175 102.7147897106
Pieter 833.8569501122 530.4572245789 80.6069247274 114.9420165937
Robin 646.7037449075 758.0337998425 108.1238051647 163.3657147560
Roos 763.4232611956 157.7737043826 121.9766481809 126.5058662446
Ruben 145.5818922876 596.5574241165 156.5430730877 173.7251408554
Sanne 605.5824086344 284.2795706272 187.0592876314 129.7055238658
Sarah 302.1249653753 157.7737043826 95.6317997617 126.5058662446
Sophie 0.0000000000 0.0000000000 140.2619349387 157.7737043826
Stijn 575.0575949983 157.7737043826 188.3656661973 126.5058662446
Sven 302.1249653753 284.2795706272 172.1562125179 129.7055238658
Tessa 425.4232356929 874.7058908388 107.4625350415 125.2941091612
Thijs 0.0000000000 489.4904487016 145.5818922876 171.4671093823
Thomas 145.5818922876 157.7737043826 156.5430730877 167.3381871474
Tim 0.0000000000 294.6726782285 145.5818922876 194.8177704731
Tom 872.6660059180 413.9850944930 127.3339940820 116.4721300859
Vera 538.7361832355 413.9850944930 71.8220955384 116.4721300859
Willem 425.4232356929 530.4572245789 107.4625350415 99.5529926751

Amber 523.7159296739 517.9940890330 158.8679080215 99.3895387961
Anne 295.2936746988 488.1108490386 123.8190416334 152.9252801870
Anouk 808.1195735780 749.4878948951 191.8804264220 98.6815694928
Bas 682.5838376954 517.9940890330 140.0083374516 99.3895387961
Bram 341.1310008137 0.0000000000 123.8812042311 156.1824882450
Charlotte 523.7159296739 617.3836278291 93.1643526684 92.0734585438
Cornelis 712.3695921183 749.4878948951 95.7499814597 86.6008734204
Daan 155.8177379984 0.0000000000 185.3132628153 156.1824882450
Daniël 295.2936746988 641.0361292256 123.8190416334 121.8783692765
David 295.2936746988 910.1948857962 123.8190416334 89.8051142038
Dylan 419.1127163321 756.1116909222 104.6032133418 116.3253080658
Eline 608.1210156073 398.8189069160 98.6362069560 119.1751821170
Emma 465.0122050448 0.0000000000 131.6110659072 156.1824882450
Eva 0.0000000000 156.1824882450 136.7093373494 143.3862309977
Femke 295.2936746988 762.9144985021 123.8190416334 147.2803872942
Fleur 136.7093373494 873.3873059285 158.5843373494 126.6126940715
Floris 901.2237059429 274.3448913176 98.7762940571 124.4740155984
Gijs 891.9145582712 156.1824882450 108.0854417288 118.1624030726
Ilse 808.1195735780 917.9445267096 113.8309181827 82.0554732904
Iris 706.7572225633 398.8189069160 161.2835275902 119.1751821170
Jan 774.6266985726 274.3448913176 126.5970073703 124.4740155984
Jasper 616.8802823423 617.3836278291 95.4893097760 151.0502895353
Jelle 773.4549797453 617.3836278291 86.5777147470 132.1042670659
Jesse 0.0000000000 673.2560116972 136.7093373494 180.3366535725
Johanna 808.1195735780 848.1694643878 113.8309181827 69.7750623218
Johannes 616.8802823423 768.4339173644 95.4893097760 118.1120105397
Joris 712.3695921183 617.3836278291 61.0853876271 132.1042670659
Julia 866.7615947925 0.0000000000 133.2384052075 156.1824882450
Koen 419.1127163321 626.4226398933 104.6032133418 129.6890510289
Lars 136.7093373494 460.4936944074 158.5843373494 165.0773099920
Lieke 401.2281623633 156.1824882450 173.1518021724 118.1624030726
Lisa 136.7093373494 323.6638367320 158.5843373494 136.8298576754
Lotte 0.0000000000 853.5926652697 136.7093373494 146.4073347303
Lucas 596.6232709520 0.0000000000 150.7323026851 156.1824882450
Luuk 747.3555736371 0.0000000000 119.4060211554 156.1824882450
Maria 616.8802823423 886.5459279041 95.4893097760 113.4540720959
Maud 466.8122008134 274.3448913176 120.7265816253 124.4740155984
Max 136.7093373494 756.5911023784 158.5843373494 116.7962035501
Merel 921.9504917607 848.1694643878 78.0495082393 151.8305356122
Mohamed 822.5921751470 517.9940890330 91.7406229420 99.3895387961
Naomi 419.1127163321 398.8189069160 113.8315145141 119.1751821170
Nick 712.3695921183 836.0887683154 95.7499814597 163.9112316846
Niels 523.7159296739 824.3784031480 93.1643526684 175.6215968520
Nikki 523.7159296739 709.4570863729 93.1643526684 114.9213167750
Nina 295.2936746988 398.8189069160 123.8190416334 89.2919421226
Pieter 914.3327980890 517.9940890330 85.6672019110 99.3895387961
Robin 860.0326944923 617.3836278291 139.9673055077 132.1042670659
Roos 753.4468903849 156.1824882450 138.4676678863 118.1624030726
Ruben 136.7093373494 625.5710043993 158.5843373494 131.0200979791
Sanne 587.5387824387 274.3448913176 187.0879161339 124.4740155984
Sarah 295.2936746988 156.1824882450 105.9344876645 118.1624030726
Sophie 0.0000000000 0.0000000000 155.8177379984 156.1824882450
Stijn 574.3799645357 156.1824882450 179.0669258491 118.1624030726
Sven 295.2936746988 274.3448913176 171.5185261146 124.4740155984
Tessa 419.1127163321 872.4369989879 104.6032133418 127.5630010121
Thijs 0.0000000000 486.4123654700 136.7093373494 186.8436462272
Thomas 136.7093373494 156.1824882450 158.5843373494 167.4813484870
Tim 0.0000000000 299.5687192428 136.7093373494 186.8436462272
Tom 868.0407501535 398.8189069160 131.9592498465 119.1751821170
Vera 532.9442308462 398.8189069160 75.1767847611 119.1751821170
Willem 419.1127163321 517.9940890330 104.6032133418 108.4285508602

Amber 513.3653079228 502.4187399006 150.6997756110 117.8081904003
Anne 502.3647849164 276.8682341275 145.2583919217 123.0700476722
Anouk 854.5890119174 733.6406749272 145.4109880826 144.5615367796
Bas 664.0650835338 502.4187399006 108.3154637204 117.8081904003
Bram 310.3310729956 0.0000000000 132.8280813722 154.5432129207
Charlotte 921.5105335359 502.4187399006 78.4894664641 117.8081904003
Cornelis 631.2094661777 930.5781039341 106.1126198667 69.4218960659
Daan 119.0666134822 0.0000000000 191.2644595134 154.5432129207
Daniël 647.6231768382 276.8682341275 125.4731971600 123.0700476722
David 906.0829362575 276.8682341275 93.9170637425 123.0700476722
Dylan 744.9528931511 399.9382817997 130.8319474991 102.4804581009
Eline 393.1705454718 594.8301218990 120.1947624510 101.5489061570
Emma 443.1591543678 0.0000000000 145.3928998803 154.5432129207
Eva 0.0000000000 154.5432129207 165.2205614291 123.6844328847
Femke 773.0963739981 276.8682341275 132.9865622594 123.0700476722
Fleur 847.5576334635 154.5432129207 152.4423665365 122.3250212068
Floris 274.3364849798 913.3694369435 118.8340604920 86.6305630565
Gijs 165.2205614291 880.7962479695 109.1159235508 119.2037520305
Ilse 814.2528045824 878.2022117068 81.7388884467 121.7977882932
Iris 393.1705454718 696.3790280559 120.1947624510 176.4284026161
Jan 274.3364849798 786.5360676783 118.8340604920 126.8333692653
Jasper 513.3653079228 863.7315638339 117.8441582548 136.2684361661
Jelle 905.6961567897 620.2269303009 94.3038432103 113.4137446262
Jesse 0.0000000000 581.3757656209 165.2205614291 137.8624372576
Johanna 737.3220860443 878.2022117068 76.9307185381 121.7977882932
Johannes 631.2094661777 620.2269303009 100.8262992248 113.4137446262
Joris 830.6879126225 620.2269303009 75.0082441673 113.4137446262
Julia 867.9696848823 0.0000000000 132.0303151177 154.5432129207
Koen 618.9331552152 399.9382817997 126.0197379359 102.4804581009
Lars 330.2614706546 154.5432129207 199.8128870470 122.3250212068
Lieke 165.2205614291 377.1462719731 109.1159235508 168.9190609343
Lisa 165.2205614291 154.5432129207 165.0409092255 122.3250212068
Lotte 0.0000000000 719.2382028786 165.2205614291 123.8709855738
Lucas 588.5520542481 0.0000000000 158.1571599521 154.5432129207
Luuk 746.7092142002 0.0000000000 121.2604706821 154.5432129207
Maria 732.0357654025 620.2269303009 98.6521472200 113.4137446262
Maud 274.3364849798 428.8607788913 118.8340604920 162.6268354383
Max 684.2805202145 154.5432129207 163.2771132490 122.3250212068
Merel 895.9916930291 878.2022117068 104.0083069709 121.7977882932
Mohamed 772.3805472542 502.4187399006 69.3323620433 117.8081904003
Naomi 393.1705454718 399.9382817997 120.1947624510 115.9093575327
Nick 737.3220860443 733.6406749272 117.2669258731 144.5615367796
Niels 513.3653079228 703.1388194846 117.8441582548 160.5927443493
Nikki 513.3653079228 620.2269303009 117.8441582548 82.9118891836
Nina 393.1705454718 276.8682341275 109.1942394446 123.0700476722
Pieter 841.7129092975 502.4187399006 79.7976242385 117.8081904003
Robin 631.2094661777 733.6406749272 106.1126198667 196.9374290069
Roos 165.2205614291 723.4585942230 109.1159235508 157.3376537465
Ruben 530.0743577016 154.5432129207 154.2061625129 122.3250212068
Sanne 274.3364849798 591.4876143296 118.8340604920 195.0484533487
Sarah 165.2205614291 276.8682341275 109.1159235508 100.2780378456
Sophie 0.0000000000 0.0000000000 119.0666134822 154.5432129207
Stijn 165.2205614291 546.0653329074 109.1159235508 177.3932613156
Sven 274.3364849798 276.8682341275 118.8340604920 151.9925447637
Tessa 875.7848406503 399.9382817997 124.2151593497 102.4804581009
Thijs 0.0000000000 433.2529304619 165.2205614291 148.1228351591
Thomas 0.0000000000 843.1091884524 165.2205614291 156.8908115476
Tim 0.0000000000 278.2276458054 165.2205614291 155.0252846564
Tom 393.1705454718 872.8074306721 120.1947624510 127.1925693279
Vera 393.1705454718 515.8476393324 120.1947624510 78.9824825665
Willem 513.3653079228 399.9382817997 105.5678472924 102.4804581009

Amber 410.2092872431 835.7954380931 122.8089789050 164.2045619069
Anne 272.3063465466 384.8032639883 137.9029406965 159.6612457633
Anouk 881.7938870284 701.0345748533 118.2061129716 153.4392442544
Bas 533.0182661481 503.0777397685 120.1431468932 108.1470031768
Bram 303.8394075229 0.0000000000 144.0265055545 150.8319125169
Charlotte 820.0570967346 503.0777397685 86.1660125908 108.1470031768
Cornelis 657.6273816578 922.1678357466 104.6193181838 77.8321642534
Daan 103.0988111479 0.0000000000 200.7405963750 150.8319125169
Daniël 272.3063465466 544.4645097515 137.9029406965 115.1095763847
David 272.3063465466 806.8717107323 137.9029406965 80.5767034693
Dylan 410.2092872431 609.3559110319 122.8089789050 111.5442067764
Eline 497.1990678857 384.8032639883 97.4285543197 118.2744757803
Emma 447.8659130774 0.0000000000 145.7805496005 150.8319125169
Eva 0.0000000000 150.8319125169 157.3372105099 116.9591249207
Femke 272.3063465466 659.5740861363 137.9029406965 147.2976245960
Fleur 839.9546932191 150.8319125169 160.0453067809 121.2250063267
Floris 786.9846954957 272.0569188436 87.8655539999 112.7463451447
Gijs 157.3372105099 762.4660616810 114.9691360367 108.9229900150
Ilse 822.0385238407 854.4738191077 89.2837371878 145.5261808923
Iris 594.6276222054 384.8032639883 176.2164413589 118.2744757803
Jan 647.7555980597 272.0569188436 139.2290974361 112.7463451447
Jasper 533.0182661481 768.1031082010 124.6091155097 125.9745068369
Jelle 874.3106257711 611.2247429453 125.6893742289 89.8098319079
Jesse 0.0000000000 557.9468217855 157.3372105099 124.0588801075
Johanna 762.2466998417 854.4738191077 59.7918239990 145.5261808923
Johannes 533.0182661481 894.0776150379 124.6091155097 105.9223849621
Joris 786.5899166739 611.2247429453 87.7207090972 89.8098319079
Julia 867.2773338531 0.0000000000 132.7226661469 150.8319125169
Koen 410.2092872431 503.0777397685 122.8089789050 106.2781712634
Lars 323.9298252954 150.8319125169 213.8787281526 121.2250063267
Lieke 157.3372105099 356.1781951697 114.9691360367 118.3834375045
Lisa 157.3372105099 150.8319125169 166.5926147855 121.2250063267
Lotte 0.0000000000 682.0057018930 157.3372105099 145.5449813310
Lucas 593.6464626778 0.0000000000 157.0843890080 150.8319125169
Luuk 750.7308516858 0.0000000000 116.5464821672 150.8319125169
Maria 657.6273816578 611.2247429453 128.9625350161 89.8098319079
Maud 272.3063465466 272.0569188436 148.0938714301 112.7463451447
Max 677.4844575477 150.8319125169 162.4702356715 121.2250063267
Merel 911.3222610285 854.4738191077 88.6777389715 145.5261808923
Mohamed 653.1614130413 503.0777397685 84.2632930699 108.1470031768
Naomi 272.3063465466 887.4484142016 137.9029406965 112.5515857984
Nick 762.2466998417 701.0345748533 119.5471871868 153.4392442544
Niels 533.0182661481 611.2247429453 124.6091155097 156.8783652557
Nikki 906.2231093254 503.0777397685 93.7768906746 108.1470031768
Nina 874.8502494957 272.0569188436 125.1497505043 112.7463451447
Pieter 737.4247061112 503.0777397685 82.6323906234 108.1470031768
Robin 657.6273816578 701.0345748533 104.6193181838 221.1332608933
Roos 157.3372105099 634.1108011469 114.9691360367 128.3552605341
Ruben 537.8085534480 150.8319125169 139.6759040997 121.2250063267
Sanne 420.4002179768 272.0569188436 227.3553800829 112.7463451447
Sarah 157.3372105099 272.0569188436 114.9691360367 84.1212763261
Sophie 0.0000000000 0.0000000000 103.0988111479 150.8319125169
Stijn 157.3372105099 474.5616326742 114.9691360367 159.5491684726
Sven 157.3372105099 871.3890516959 114.9691360367 128.6109483041
Tessa 410.2092872431 720.9001178083 122.8089789050 114.8953202847
Thijs 0.0000000000 434.8221199920 157.3372105099 123.1247017935
Thomas 0.0000000000 827.5506832240 157.3372105099 172.4493167760
Tim 0.0000000000 267.7910374376 157.3372105099 167.0310825544
Tom 770.8440635643 384.8032639883 141.1719868714 118.2744757803
Vera 410.2092872431 384.8032639883 86.9897806426 118.2744757803
Willem 912.0160504358 384.8032639883 87.9839495642 118.2744757803

Amber 842.9237312060 414.5031618755 157.0762687940 116.6750945538
Anne 392.1104086043 279.6641807925 158.9399031324 134.8389810830
Anouk 710.2442182211 875.9020935736 142.1949669841 124.0979064264
Bas 512.1999973559 531.1782564293 108.8517748220 134.8425399064
Bram 300.1069900143 0.0000000000 141.7617689016 152.7149937367
Charlotte 512.1999973559 841.3911497205 108.8517748220 85.5587173432
Cornelis 918.4746363113 658.6598280256 81.5253636887 107.8905609655
Daan 105.0285306705 0.0000000000 195.0784593438 152.7149937367
Daniël 551.0503117367 279.6641807925 103.8057308895 134.8389810830
David 795.2159316694 279.6641807925 87.8511535738 134.8389810830
Dylan 623.5304285814 414.5031618755 103.3949287901 116.6750945538
Eline 392.1104086043 492.7356983406 120.0895887516 92.9719998571
Emma 441.8687589158 0.0000000000 149.2510699001 152.7149937367
Eva 0.0000000000 152.7149937367 155.9105225943 118.5954482071
Femke 654.8560426262 279.6641807925 140.3598890432 134.8389810830
Fleur 844.4816083560 152.7149937367 155.5183916440 126.9491870558
Floris 276.6189470549 778.3582094746 115.4914615494 85.3556682662
Gijs 155.9105225943 754.3232987419 120.7084244606 109.6408418838
Ilse 919.1093405756 766.5503889911 80.8906594244 147.4515724871
Iris 392.1104086043 585.7076981977 120.0895887516 181.8623021595
Jan 276.6189470549 636.6489370217 115.4914615494 141.7092724529
Jasper 767.8034252296 531.1782564293 124.7495857092 127.4815715963
Jelle 621.0517721779 863.8303070657 89.1924460432 136.1696929343
Jesse 0.0000000000 564.9171406717 155.9105225943 115.9755193071
Johanna 852.4391852052 766.5503889911 66.6701553704 147.4515724871
Johannes 892.5530109388 531.1782564293 107.4469890612 127.4815715963
Joris 621.0517721779 791.1657624057 89.1924460432 72.6645446600
Julia 870.7203994294 0.0000000000 129.2796005706 152.7149937367
Koen 512.1999973559 414.5031618755 111.3304312255 116.6750945538
Lars 332.0216943733 152.7149937367 203.1391957060 126.9491870558
Lieke 155.9105225943 369.6779583884 120.7084244606 117.0855904067
Lisa 155.9105225943 152.7149937367 176.1111717789 126.9491870558
Lotte 0.0000000000 680.8926599788 155.9105225943 120.6913913271
Lucas 591.1198288160 0.0000000000 168.1526390870 152.7149937367
Luuk 759.2724679030 0.0000000000 111.4479315264 152.7149937367
Maria 621.0517721779 658.6598280256 89.1924460432 132.5059343800
Maud 276.6189470549 279.6641807925 115.4914615494 123.3177196221
Max 677.1652697597 152.7149937367 167.3163385963 126.9491870558
Merel 852.4391852052 914.0019614781 147.5608147948 85.9980385219
Mohamed 512.1999973559 666.0207963357 108.8517748220 83.3071721500
Naomi 883.0670852432 279.6641807925 116.9329147568 134.8389810830
Nick 710.2442182211 766.5503889911 142.1949669841 109.3517045825
Niels 621.0517721779 531.1782564293 146.7516530517 127.4815715963
Nikki 512.1999973559 926.9498670637 108.8517748220 73.0501329363
Nina 276.6189470549 863.7138777408 115.4914615494 136.2861222592
Pieter 512.1999973559 749.3279684857 108.8517748220 92.0631812348
Robin 710.2442182211 658.6598280256 208.2304180902 107.8905609655
Roos 155.9105225943 634.3049286140 120.7084244606 120.0183701279
Ruben 535.1608900793 152.7149937367 142.0043796804 126.9491870558
Sanne 276.6189470549 402.9819004146 115.4914615494 233.6670366071
Sarah 155.9105225943 279.6641807925 120.7084244606 90.0137775959
Sophie 0.0000000000 0.0000000000 105.0285306705 152.7149937367
Stijn 155.9105225943 486.7635487952 120.7084244606 147.5413798189
Sven 155.9105225943 863.9641406257 120.7084244606 136.0358593743
Tessa 726.9253573715 414.5031618755 115.9983738345 116.6750945538
Thijs 0.0000000000 448.0683117312 155.9105225943 116.8488289405
Thomas 0.0000000000 801.5840513059 155.9105225943 198.4159486941
Tim 0.0000000000 271.3104419438 155.9105225943 176.7578697873
Tom 392.1104086043 767.5700003572 120.0895887516 148.5284387961
Vera 392.1104086043 414.5031618755 120.0895887516 78.2325364651
Willem 392.1104086043 916.0984391533 120.0895887516 83.9015608467

Amber 743.0200510751 403.0588742070 145.7926084737 130.0780285423
Anne 814.2841103309 278.5701200071 185.7158896691 124.4887541999
Anouk 699.5535605772 883.8305091899 149.4909730461 116.1694908101
Bas 888.8126595488 403.0588742070 111.1873404512 130.0780285423
Bram 336.2020579981 0.0000000000 134.8924228251 142.3662902195
Charlotte 526.5835522594 776.4317562461 76.9629775852 123.8969524209
Cornelis 904.9158087308 654.8746969957 95.0841912692 108.6883178740
Daan 104.5837231057 0.0000000000 231.6183348924 142.3662902195
Daniël 286.6627002800 403.0588742070 116.1454301102 140.1194882288
David 286.6627002800 695.6815697552 116.1454301102 87.3740180281
Dylan 526.5835522594 403.0588742070 101.1538603736 130.0780285423
Eline 402.8081303902 403.0588742070 123.7754218692 85.0006289431
Emma 471.0944808232 0.0000000000 131.1506080449 142.3662902195
Eva 0.0000000000 142.3662902195 160.2844808845 113.9966527629
Femke 286.6627002800 543.1783624358 116.1454301102 152.5032073194
Fleur 829.6711185027 142.3662902195 170.3288814973 136.2038297876
Floris 635.8428062018 278.5701200071 75.5273145774 124.4887541999
Gijs 160.2844808845 689.9727275870 126.3782193955 93.5772324618
Ilse 849.0445336233 830.4358636490 150.9554663767 89.6343197360
Iris 402.8081303902 488.0595031501 123.7754218692 174.5202786655
Jan 516.4540199859 278.5701200071 119.3887862159 124.4887541999
Jasper 766.3287493786 533.1369027493 127.1189106845 121.7377942464
Jelle 603.5465298446 863.2260656100 96.0070307326 136.7739343900
Jesse 0.0000000000 546.8383788856 160.2844808845 126.2936677840
Johanna 849.0445336233 763.5630148696 150.9554663767 66.8728487794
Johannes 893.4476600631 533.1369027493 106.5523399369 121.7377942464
Joris 603.5465298446 776.6673079433 96.0070307326 86.5587576667
Julia 852.7595884004 0.0000000000 147.2404115996 142.3662902195
Koen 402.8081303902 894.9865647487 123.7754218692 105.0134352513
Lars 335.1111399644 142.3662902195 187.5377696394 136.2038297876
Lieke 160.2844808845 366.4568450895 126.3782193955 85.9898892893
Lisa 160.2844808845 142.3662902195 174.8266590799 136.2038297876
Lotte 0.0000000000 673.1320466696 160.2844808845 120.6436879094
Lucas 602.2450888681 0.0000000000 138.0729653882 142.3662902195
Luuk 740.3180542563 0.0000000000 112.4415341441 142.3662902195
Maria 603.5465298446 654.8746969957 96.0070307326 121.7926109477
Maud 160.2844808845 901.7860578216 126.3782193955 98.2139421784
Max 655.6266816110 142.3662902195 174.0444368917 136.2038297876
Merel 849.0445336233 920.0701833850 150.9554663767 79.9298166150
Mohamed 526.5835522594 533.1369027493 76.9629775852 104.5164235506
Naomi 286.6627002800 783.0555877833 116.1454301102 138.9728475722
Nick 699.5535605772 763.5630148696 149.4909730461 120.2674943203
Niels 603.5465298446 533.1369027493 162.7822195340 121.7377942464
Nikki 526.5835522594 900.3287086670 76.9629775852 99.6712913330
Nina 711.3701207792 278.5701200071 102.9139895517 124.4887541999
Pieter 526.5835522594 637.6533262998 76.9629775852 138.7784299463
Robin 699.5535605772 654.8746969957 205.3622481536 108.6883178740
Roos 160.2844808845 596.1847355926 126.3782193955 93.7879919944
Ruben 522.6489096039 142.3662902195 132.9777720071 136.2038297876
Sanne 286.6627002800 278.5701200071 229.7913197058 124.4887541999
Sarah 160.2844808845 278.5701200071 126.3782193955 87.8867250824
Sophie 0.0000000000 0.0000000000 104.5837231057 142.3662902195
Stijn 160.2844808845 452.4467343787 126.3782193955 143.7380012139
Sven 160.2844808845 783.5499600489 126.3782193955 118.2360977727
Tessa 627.7374126331 403.0588742070 115.2826384420 130.0780285423
Thijs 0.0000000000 431.0137914574 160.2844808845 115.8245874282
Thomas 0.0000000000 793.7757345790 160.2844808845 206.2242654210
Tim 0.0000000000 256.3629429824 160.2844808845 174.6508484750
Tom 402.8081303902 662.5797818156 123.7754218692 148.6973027841
Vera 286.6627002800 922.0284353555 116.1454301102 77.9715646445
Willem 402.8081303902 811.2770845997 123.7754218692 83.7094801491

Amber 390.2134299833 735.4663984899 135.7565700666 146.4757072529
Anne 266.8698334833 800.7882982957 123.3435965000 199.2117017043
Anouk 888.4876684881 688.3094810502 111.5123315119 152.0840412504
Bas 390.2134299833 881.9421057428 135.7565700666 118.0578942572
Bram 289.7164332081 0.0000000000 131.7048172190 151.5716431050
Charlotte 760.3732644880 513.6548782619 133.5249793248 79.3096492322
Cornelis 647.7852778149 921.6823967592 114.7189932400 78.3176032408
Daan 102.1523744448 0.0000000000 187.5640587632 151.5716431050
Daniël 390.2134299833 271.5862961920 132.8487125892 117.9134278913
David 687.7506292533 271.5862961920 87.8338595631 117.9134278913
Dylan 390.2134299833 513.6548782619 135.7565700666 103.1814552393
Eline 390.2134299833 389.4997240832 76.9532299371 124.1551541786
Emma 421.4212504271 0.0000000000 118.8930645712 151.5716431050
Eva 877.5196446874 0.0000000000 122.4803553126 151.5716431050
Femke 523.0621425725 271.5862961920 164.6884866808 117.9134278913
Fleur 736.5812828950 151.5716431050 192.4402093838 120.0146530870
Floris 266.8698334833 630.1253757609 123.3435965000 63.8149181434
Gijs 160.3393554688 644.6643860636 106.5304780146 123.7112363157
Ilse 762.5042710549 904.4362468947 155.2482326506 95.5637531053
Iris 467.1666599205 389.4997240832 176.6379017798 124.1551541786
Jan 266.8698334833 496.1980146573 123.3435965000 133.9273611036
Jasper 525.9700000499 759.1795350657 121.8152777650 116.9031383176
Jelle 864.2194594506 592.9645274941 135.7805405494 95.3449535561
Jesse 0.0000000000 427.2220437939 160.3393554688 104.9635386338
Johanna 762.5042710549 840.3935223006 155.2482326506 64.0427245941
Johannes 525.9700000499 876.0826733833 121.8152777650 123.9173266167
Joris 783.5658183643 592.9645274941 80.6536410863 95.3449535561
Julia 744.7898872566 0.0000000000 132.7297574308 151.5716431050
Koen 895.1016946928 389.4997240832 104.8983053072 124.1551541786
Lars 160.3393554688 151.5716431050 205.3846180868 120.0146530870
Lieke 160.3393554688 271.5862961920 106.5304780146 105.2396175338
Lisa 0.0000000000 850.9517751401 160.3393554688 149.0482248599
Lotte 0.0000000000 532.1855824277 160.3393554688 112.7146922559
Lucas 540.3143149983 0.0000000000 105.2271950803 151.5716431050
Luuk 645.5415100786 0.0000000000 99.2483771780 151.5716431050
Maria 647.7852778149 592.9645274941 135.7805405494 95.3449535561
Maud 160.3393554688 901.5657157016 106.5304780146 98.4342842984
Max 515.2318940746 151.5716431050 221.3493888204 120.0146530870
Merel 917.7525037055 840.3935223006 82.2474962945 159.6064776994
Mohamed 525.9700000499 513.6548782619 110.6722933768 79.3096492322
Naomi 775.5844888163 271.5862961920 139.6558367053 117.9134278913
Nick 762.5042710549 688.3094810502 125.9833974333 152.0840412504
Niels 525.9700000499 592.9645274941 121.8152777650 166.2150075716
Nikki 893.8982438128 513.6548782619 106.1017561872 79.3096492322
Nina 266.8698334833 693.9402939043 123.3435965000 106.8480043914
Pieter 636.6422934267 513.6548782619 123.7309710614 79.3096492322
Robin 647.7852778149 688.3094810502 114.7189932400 233.3729157090
Roos 160.3393554688 551.3341016918 106.5304780146 93.3302843718
Ruben 365.7239735555 151.5716431050 149.5079205191 120.0146530870
Sanne 266.8698334833 271.5862961920 123.3435965000 224.6117184653
Sarah 929.0214922788 151.5716431050 70.9785077212 120.0146530870
Sophie 0.0000000000 0.0000000000 102.1523744448 151.5716431050
Stijn 160.3393554688 376.8259137258 106.5304780146 174.5081879660
Sven 160.3393554688 768.3756223794 106.5304780146 133.1900933223
Tessa 390.2134299833 616.8363335012 135.7565700666 118.6300649887
Thijs 0.0000000000 323.2273993629 160.3393554688 103.9946444310
Thomas 0.0000000000 644.9002746836 160.3393554688 206.0515004564
Tim 0.0000000000 151.5716431050 160.3393554688 171.6557562580
Tom 643.8045617003 389.4997240832 159.9542746932 124.1551541786
Vera 915.2403255216 271.5862961920 84.7596744784 117.9134278913
Willem 803.7588363934 389.4997240832 91.3428582993 124.1551541786

Amber 375.4235723650 713.5753779519 134.0812332638 162.9169673796
Anne 252.4202204050 801.0339484664 123.0033519600 198.9660515336
Anouk 866.1608221667 676.1062004044 133.8391778333 164.3450255427
Bas 375.4235723650 876.4923453314 134.0812332638 123.5076546686
Bram 310.4009769998 0.0000000000 155.5058009363 124.2130811822
Charlotte 767.5072153079 502.9524004484 133.6833511979 78.2967233972
Cornelis 633.5172538364 910.4968793325 108.1885167588 89.5031206675
Daan 109.7089354773 0.0000000000 200.6920415225 124.2130811822
Daniël 375.4235723650 264.7711091574 132.8837016023 109.7803640349
David 668.3664986009 264.7711091574 103.6354691872 109.7803640349
Dylan 375.4235723650 502.9524004484 134.0812332638 104.4629628800
Eline 375.4235723650 374.5514731923 90.7722992244 128.4009272561
Emma 465.9067779361 0.0000000000 153.6739263179 124.2130811822
Eva 0.0000000000 124.2130811822 148.1235565820 122.0400793129
Femke 508.3072739673 264.7711091574 160.0592246336 109.7803640349
Fleur 815.9903712803 124.2130811822 184.0096287197 140.5580279752
Floris 252.4202204050 625.0887623995 123.0033519600 62.8962931501
Gijs 148.1235565820 672.7467844914 104.2966638230 105.4482583305
Ilse 815.5493969159 840.4512259472 96.8207203474 159.5487740528
Iris 466.1958715894 374.5514731923 176.2282164985 128.4009272561
Jan 252.4202204050 489.4300908994 123.0033519600 135.6586715002
Jasper 509.5048056288 760.4516652963 124.0124482076 107.8477183475
Jelle 845.6774472518 581.2491238456 154.3225527482 94.8570765589
Jesse 0.0000000000 543.7578573378 148.1235565820 123.4055627178
Johanna 741.7057705952 840.4512259472 73.8436263206 159.5487740528
Johannes 509.5048056288 868.2993836437 124.0124482076 131.7006163563
Joris 772.1143651128 581.2491238456 73.5630821390 94.8570765589
Julia 843.8835741909 0.0000000000 156.1164258091 124.2130811822
Koen 895.2475852769 374.5514731923 104.7524147231 128.4009272561
Lars 333.0325481009 124.2130811822 157.5683624228 140.5580279752
Lieke 148.1235565820 351.7962235038 104.2966638230 84.6010164537
Lisa 148.1235565820 124.2130811822 184.9089915189 140.5580279752
Lotte 0.0000000000 667.1634200556 148.1235565820 128.8674963374
Lucas 619.5807042540 0.0000000000 99.5318542642 124.2130811822
Luuk 719.1125585182 0.0000000000 124.7710156727 124.2130811822
Maria 633.5172538364 581.2491238456 138.5971112764 94.8570765589
Maud 148.1235565820 905.4601821864 104.2966638230 94.5398178136
Max 607.8778195415 124.2130811822 208.1125517387 140.5580279752
Merel 912.3701172633 840.4512259472 87.6298827367 159.5487740528
Mohamed 509.5048056288 502.9524004484 113.3402325374 78.2967233972
Naomi 772.0019677881 264.7711091574 145.7805599900 109.7803640349
Nick 741.7057705952 676.1062004044 124.4550515714 164.3450255427
Niels 509.5048056288 581.2491238456 124.0124482076 179.2025414507
Nikki 901.1905665059 502.9524004484 98.8094334941 78.2967233972
Nina 252.4202204050 687.9850555496 123.0033519600 113.0488929168
Pieter 622.8450381662 502.9524004484 144.6621771417 78.2967233972
Robin 633.5172538364 676.1062004044 108.1885167588 234.3906789281
Roos 148.1235565820 594.6908323479 104.2966638230 78.0559521435
Ruben 490.6009105237 124.2130811822 117.2769090179 140.5580279752
Sanne 252.4202204050 264.7711091574 123.0033519600 224.6589817419
Sarah 148.1235565820 264.7711091574 104.2966638230 87.0251143463
Sophie 0.0000000000 0.0000000000 109.7089354773 124.2130811822
Stijn 148.1235565820 436.3972399575 104.2966638230 158.2935923904
Sven 148.1235565820 778.1950428220 104.2966638230 127.2651393644
Tessa 375.4235723650 607.4153633284 134.0812332638 106.1600146235
Thijs 0.0000000000 435.7139829250 148.1235565820 108.0438744127
Thomas 0.0000000000 796.0309163931 148.1235565820 203.9690836069
Tim 0.0000000000 246.2531604952 148.1235565820 189.4608224299
Tom 642.4240880879 374.5514731923 159.0976524367 128.4009272561
Vera 917.7825277781 264.7711091574 82.2174722219 109.7803640349
Willem 801.5217405246 374.5514731923 93.7258447523 128.4009272561

Amber 373.6919497506 704.4354762468 123.2232536512 166.1110328393
Anne 244.6355883123 804.7961566253 129.0563614383 195.2038433747
Anouk 750.4115190019 742.4907865156 171.1105522995 144.0603752545
Bas 373.6919497506 870.5465090861 123.2232536512 129.4534909139
Bram 300.4283091984 0.0000000000 148.2765653681 126.5551597749
Charlotte 651.5391400002 496.0111664420 94.6904510869 115.8512456657
Cornelis 614.2905723371 742.4907865156 136.1209466648 78.1250338406
Daan 113.6039159698 0.0000000000 186.8243932286 126.5551597749
Daniël 373.6919497506 258.5854022645 139.0470652305 108.2242764677
David 665.6192359293 258.5854022645 103.0331598278 108.2242764677
Dylan 373.6919497506 496.0111664420 123.2232536512 109.9726257764
Eline 373.6919497506 366.8096787322 83.7075193156 129.2014877099
Emma 448.7048745666 0.0000000000 159.0862737100 126.5551597749
Eva 0.0000000000 126.5551597749 149.3838470404 113.3491226880
Femke 512.7390149812 258.5854022645 152.8802209482 108.2242764677
Fleur 868.8201703894 126.5551597749 131.1798296106 132.0302424896
Floris 244.6355883123 626.5926479708 129.0563614383 62.0012207440
Gijs 149.3838470404 642.0289899091 95.2517412719 120.5882660791
Ilse 750.4115190019 886.5511617701 132.6436503390 113.4488382299
Iris 457.3994690662 366.8096787322 174.0077549497 129.2014877099
Jan 244.6355883123 482.1898048186 129.0563614383 144.4028431522
Jasper 496.9152034018 611.8624121077 117.3753689353 124.9077336673
Jelle 668.6297591236 611.8624121077 121.5221813590 130.6283744079
Jesse 0.0000000000 544.5300496868 149.3838470404 136.8483310501
Johanna 921.5220713014 742.4907865156 78.4779286986 144.0603752545
Johannes 496.9152034018 736.7701457750 117.3753689353 145.7989919391
Joris 614.2905723371 611.8624121077 54.3391867865 130.6283744079
Julia 813.5835202937 0.0000000000 186.4164797063 126.5551597749
Koen 886.7251468927 366.8096787322 113.2748531073 129.2014877099
Lars 351.9208119832 126.5551597749 172.4301188027 132.0302424896
Lieke 149.3838470404 330.3963921767 95.2517412719 88.3410668354
Lisa 149.3838470404 126.5551597749 202.5369649428 132.0302424896
Lotte 0.0000000000 681.3783807369 149.3838470404 121.9885375270
Lucas 607.7911482766 0.0000000000 85.0499694065 126.5551597749
Luuk 692.8411176831 0.0000000000 120.7424026106 126.5551597749
Maria 496.9152034018 882.5691377142 117.3753689353 117.4308622858
Maud 149.3838470404 902.4454476664 95.2517412719 97.5545523336
Max 658.6587444111 126.5551597749 210.1614259783 132.0302424896
Merel 883.0551693409 886.5511617701 116.9448306591 113.4488382299
Mohamed 496.9152034018 496.0111664420 65.5035120460 115.8512456657
Naomi 768.6523957571 258.5854022645 150.4951941003 108.2242764677
Nick 614.2905723371 820.6158203562 136.1209466648 179.3841796438
Niels 813.9611137469 496.0111664420 186.0388862531 115.8512456657
Nikki 746.2295910871 496.0111664420 67.7315226598 115.8512456657
Nina 244.6355883123 688.5938687148 129.0563614383 116.2022879105
Pieter 562.4187154478 496.0111664420 89.1204245524 115.8512456657
Robin 790.1519404826 611.8624121077 209.8480595174 130.6283744079
Roos 149.3838470404 563.9853480422 95.2517412719 78.0436418669
Ruben 524.3509307859 126.5551597749 134.3078136252 132.0302424896
Sanne 244.6355883123 258.5854022645 129.0563614383 223.6044025542
Sarah 149.3838470404 258.5854022645 95.2517412719 71.8109899122
Sophie 0.0000000000 0.0000000000 113.6039159698 126.5551597749
Stijn 149.3838470404 418.7374590122 95.2517412719 145.2478890301
Sven 149.3838470404 762.6172559882 95.2517412719 139.8281916782
Tessa 373.6919497506 605.9837922184 123.2232536512 98.4516840284
Thijs 0.0000000000 441.0298599153 149.3838470404 103.5001897715
Thomas 0.0000000000 803.3669182639 149.3838470404 196.6330817361
Tim 0.0000000000 239.9042824629 149.3838470404 201.1255774524
Tom 631.4072240159 366.8096787322 160.2229844657 129.2014877099
Vera 919.1475898574 258.5854022645 80.8524101426 108.2242764677
Willem 791.6302084816 366.8096787322 95.0949384111 129.2014877099

Amber 710.4730656790 365.5598742260 155.4189193901 124.7819998410
Anne 808.2336148620 237.3955235877 191.7663851380 128.1643506383
Anouk 749.7717206662 753.7503322907 159.0378514684 162.1396989032
Bas 865.8919850692 365.5598742260 134.1080149308 124.7819998410
Bram 326.8062120189 0.0000000000 166.7792032411 119.3424480915
Charlotte 489.8298629437 649.3872857437 120.5856687588 90.4375870318
Cornelis 749.7717206662 614.3090426855 81.6757432159 139.4412896052
Daan 121.3144271888 0.0000000000 205.4917848301 119.3424480915
Daniël 242.3655931434 365.5598742260 107.1992354379 146.0815929408
David 242.3655931434 657.9736288778 107.1992354379 101.4803518714
Dylan 489.8298629437 365.5598742260 105.9087373130 124.7819998410
Eline 349.5648285813 365.5598742260 140.2650343624 94.9840936867
Emma 493.5854152600 0.0000000000 149.4485707855 119.3424480915
Eva 0.0000000000 119.3424480915 152.9006283170 118.5804603108
Femke 242.3655931434 511.6414671669 107.1992354379 146.3321617109
Fleur 915.3583222492 119.3424480915 84.6416777508 118.0530754962
Floris 628.6229131535 237.3955235877 64.3412898769 128.1643506383
Gijs 152.9006283170 638.2132306784 89.4649648264 120.3954311186
Ilse 908.8095721347 753.7503322907 91.1904278653 100.7385004265
Iris 349.5648285813 460.5439679127 140.2650343624 167.5626652738
Jan 489.8804574581 237.3955235877 138.7424556955 128.1643506383
Jasper 610.4155317025 490.3418740671 126.3224388306 123.9671686184
Jelle 610.4155317025 675.9887559992 139.3561889638 115.8422115672
Jesse 0.0000000000 530.2457024131 152.9006283170 120.1615331150
Johanna 749.7717206662 915.8900311939 159.0378514684 84.1099688061
Johannes 736.7379705331 490.3418740671 145.3899767673 123.9671686184
Joris 610.4155317025 614.3090426855 139.3561889638 61.6797133137
Julia 832.3205041639 0.0000000000 167.6794958361 119.3424480915
Koen 349.5648285813 882.2273838361 140.2650343624 117.7726161639
Lars 374.2886725414 119.3424480915 186.3482098868 118.0530754962
Lieke 152.9006283170 323.2635866798 89.4649648264 77.7616375554
Lisa 152.9006283170 119.3424480915 221.3880442244 118.0530754962
Lotte 0.0000000000 650.4072355281 152.9006283170 126.4858243316
Lucas 643.0339860455 0.0000000000 78.7756020707 119.3424480915
Luuk 721.8095881161 0.0000000000 110.5109160477 119.3424480915
Maria 882.1279473004 490.3418740671 117.8720526996 123.9671686184
Maud 152.9006283170 905.7252733884 89.4649648264 94.2747266116
Max 721.5015764330 119.3424480915 193.8567458163 118.0530754962
Merel 908.8095721347 854.4888327172 91.1904278653 145.5111672828
Mohamed 489.8298629437 490.3418740671 120.5856687588 63.7072657416
Naomi 242.3655931434 759.4539807492 107.1992354379 149.8401244916
Nick 831.4474638822 614.3090426855 168.5525361178 139.4412896052
Niels 489.8298629437 806.6506760010 120.5856687588 193.3493239990
Nikki 489.8298629437 739.8248727755 120.5856687588 66.8258032255
Nina 692.9642030304 237.3955235877 115.2694118316 128.1643506383
Pieter 489.8298629437 554.0491398087 120.5856687588 95.3381459350
Robin 610.4155317025 791.8309675664 139.3561889638 208.1690324336
Roos 152.9006283170 564.0544489171 89.4649648264 74.1587817614
Ruben 560.6368824282 119.3424480915 160.8646940048 118.0530754962
Sanne 242.3655931434 237.3955235877 247.5148643147 128.1643506383
Sarah 152.9006283170 237.3955235877 89.4649648264 85.8680630921
Sophie 0.0000000000 0.0000000000 121.3144271888 119.3424480915
Stijn 152.9006283170 401.0252242352 89.4649648264 163.0292246818
Sven 152.9006283170 758.6086617971 89.4649648264 147.1166115913
Tessa 595.7386002567 365.5598742260 114.7344654224 124.7819998410
Thijs 0.0000000000 434.8543098964 152.9006283170 95.3913925167
Thomas 0.0000000000 776.8930598596 152.9006283170 223.1069401404
Tim 0.0000000000 237.9229084024 152.9006283170 196.9314014940
Tom 349.5648285813 628.1066331865 140.2650343624 160.2856580962
Vera 242.3655931434 909.2941052408 107.1992354379 90.7058947592
Willem 349.5648285813 788.3922912828 140.2650343624 93.8350925533

Amber 644.3955219944 362.0648900442 181.3097186796 108.6878691230
Anne 602.8495507673 246.9520040253 236.1503954065 115.1128860189
Anouk 899.0108821475 668.4298100629 100.9891178525 177.9994995096
Bas 825.7052406741 362.0648900442 174.2947593259 108.6878691230
Bram 264.0905734679 0.0000000000 152.1043563869 119.1460660978
Charlotte 759.8632681995 470.7527591672 155.9467829296 82.5507428159
Cornelis 634.7355053614 907.9696913757 134.7852517746 92.0303086243
Daan 102.8796455821 0.0000000000 161.2109278858 119.1460660978
Daniël 838.9999461738 246.9520040253 161.0000538262 115.1128860189
David 247.7323434354 498.2797229487 112.1621192800 121.0508016023
Dylan 359.8944627154 909.9122557506 144.2018722055 90.0877442494
Eline 247.7323434354 869.7984898533 112.1621192800 130.2015101467
Emma 416.1949298548 0.0000000000 115.1858232833 119.1460660978
Eva 862.9091804086 0.0000000000 137.0908195914 119.1460660978
Femke 247.7323434354 362.0648900442 112.1621192800 136.2148329045
Fleur 845.1234640951 119.1460660978 79.3885650712 127.8059379275
Floris 437.2640523701 246.9520040253 74.1313538978 115.1128860189
Gijs 132.2325054930 484.0884936545 115.4998379424 89.3704971622
Ilse 861.3687404149 846.4293095725 138.6312595851 65.3627318762
Iris 359.8944627154 362.0648900442 144.2018722055 173.6680216456
Jan 247.7323434354 246.9520040253 189.5317089347 115.1128860189
Jasper 504.0963349209 725.2479831293 130.6391704405 119.8673014779
Jelle 845.1319297488 553.3035019831 154.8680702512 115.1263080798
Jesse 0.0000000000 457.7825104756 132.2325054930 152.1313692490
Johanna 769.5207571360 846.4293095725 91.8479832788 153.5706904275
Johannes 504.0963349209 845.1152846072 130.6391704405 154.8847153928
Joris 771.5186529353 553.3035019831 73.6132768135 115.1263080798
Julia 723.6032488309 0.0000000000 139.3059315777 119.1460660978
Koen 359.8944627154 791.7610606966 144.2018722055 118.1511950540
Lars 352.9602499975 119.1460660978 173.6911669333 127.8059379275
Lieke 132.2325054930 246.9520040253 115.4998379424 70.8362747394
Lisa 132.2325054930 119.1460660978 220.7277445044 127.8059379275
Lotte 0.0000000000 609.9138797246 132.2325054930 138.3818868970
Lucas 531.3807531381 0.0000000000 76.2983017475 119.1460660978
Luuk 607.6790548856 0.0000000000 115.9241939454 119.1460660978
Maria 634.7355053614 553.3035019831 136.7831475739 115.1263080798
Maud 132.2325054930 683.3948580646 115.4998379424 62.7116840883
Max 672.5795307611 119.1460660978 172.5439333340 127.8059379275
Merel 861.3687404149 911.7920414487 138.6312595851 88.2079585513
Mohamed 504.0963349209 470.7527591672 103.3724688668 82.5507428159
Naomi 247.7323434354 619.3305245510 112.1621192800 152.9475571001
Nick 769.5207571360 668.4298100629 129.4901250115 177.9994995096
Niels 504.0963349209 553.3035019831 130.6391704405 171.9444811462
Nikki 915.8100511291 470.7527591672 84.1899488709 82.5507428159
Nina 511.3954062679 246.9520040253 91.4541444994 115.1128860189
Pieter 607.4688037877 470.7527591672 152.3944644118 82.5507428159
Robin 634.7355053614 668.4298100629 134.7852517746 239.5398813128
Roos 132.2325054930 431.5325478802 115.4998379424 52.5559457744
Ruben 526.6514169308 119.1460660978 145.9281138304 127.8059379275
Sanne 132.2325054930 746.1065421528 115.4998379424 253.8934578472
Sarah 924.5120291664 119.1460660978 75.4879708336 127.8059379275
Sophie 0.0000000000 0.0000000000 102.8796455821 119.1460660978
Stijn 132.2325054930 317.7882787646 115.4998379424 113.7442691155
Sven 132.2325054930 573.4589908167 115.4998379424 109.9358672478
Tessa 504.0963349209 362.0648900442 140.2991870735 108.6878691230
Thijs 0.0000000000 354.4396269916 132.2325054930 103.3428834840
Thomas 0.0000000000 748.2957666216 132.2325054930 251.7042333784
Tim 0.0000000000 119.1460660978 132.2325054930 235.2935608938
Tom 359.8944627154 535.7329116898 144.2018722055 155.5691294601
Vera 247.7323434354 772.2780816510 112.1621192800 97.5204082023
Willem 359.8944627154 691.3020411498 144.2018722055 100.4590195468

Amber 703.1490252566 348.0039505362 143.6923769813 125.4311745801
Anne 206.3948319003 775.6382578205 129.3187828648 224.3617421795
Anouk 892.9799794056 676.0524297357 107.0200205944 171.2572525766
Bas 846.8414022379 348.0039505362 153.1585977621 125.4311745801
Bram 278.2608695652 0.0000000000 150.0000000000 112.0379954941
Charlotte 752.3412435011 473.4351251163 175.3468956755 81.2578417294
Cornelis 622.1940114121 904.8337629650 143.3219235315 95.1662370350
Daan 97.5543478261 0.0000000000 180.7065217391 112.0379954941
Daniël 335.7136147652 237.6880155538 153.4454633114 110.3159349824
David 611.1427017882 237.6880155538 127.2272636449 110.3159349824
Dylan 480.3287514917 348.0039505362 88.8368411742 125.4311745801
Eline 335.7136147652 348.0039505362 144.6151367266 98.1046687278
Emma 428.2608695652 0.0000000000 117.3913043478 112.0379954941
Eva 845.9239130435 0.0000000000 154.0760869565 112.0379954941
Femke 489.1590780766 237.6880155538 121.9836237116 110.3159349824
Fleur 859.2232024127 112.0379954941 68.0865406575 125.6500200597
Floris 206.3948319003 624.2588242199 129.3187828648 67.5674921359
Gijs 134.9859425358 616.7122628540 71.4088893645 126.6256484231
Ilse 870.5951035530 847.3096823123 129.4048964470 68.4636093176
Iris 335.7136147652 446.1086192640 144.6151367266 171.5779077536
Jan 206.3948319003 463.4623185445 129.3187828648 160.7965056753
Jasper 480.3287514917 711.3552001964 141.8652599204 115.0287083232
Jelle 870.8033969968 554.6929668457 129.1966030032 121.3594628900
Jesse 0.0000000000 476.7407034662 134.9859425358 134.8745945376
Johanna 765.5159349436 847.3096823123 105.0791686095 152.6903176877
Johannes 480.3287514917 826.3839085196 141.8652599204 173.6160914804
Joris 789.2715601502 554.6929668457 81.5318368467 121.3594628900
Julia 736.1413043478 0.0000000000 109.7826086957 112.0379954941
Koen 335.7136147652 882.3165025346 144.6151367266 117.6834974654
Lars 374.3791886912 112.0379954941 181.2410406115 125.6500200597
Lieke 134.9859425358 237.6880155538 71.4088893645 114.2615278700
Lisa 134.9859425358 112.0379954941 239.3932461554 125.6500200597
Lotte 0.0000000000 611.6152980038 134.9859425358 134.4235089371
Lucas 545.6521739130 0.0000000000 83.9673913043 112.0379954941
Luuk 629.6195652174 0.0000000000 106.5217391304 112.0379954941
Maria 622.1940114121 554.6929668457 167.0775487381 121.3594628900
Maud 134.9859425358 894.2654518218 71.4088893645 105.7345481782
Max 695.6701243207 112.0379954941 163.5530780920 125.6500200597
Merel 870.5951035530 915.7732916299 129.4048964470 84.2267083701
Mohamed 480.3287514917 473.4351251163 110.1538190782 81.2578417294
Naomi 738.3699654331 237.6880155538 164.2087242271 110.3159349824
Nick 765.5159349436 676.0524297357 127.4640444621 171.2572525766
Niels 480.3287514917 554.6929668457 141.8652599204 156.6622333507
Nikki 927.6881391766 473.4351251163 72.3118608234 81.2578417294
Nina 206.3948319003 691.8263163558 129.3187828648 83.8119414647
Pieter 590.4825705699 473.4351251163 161.8586729312 81.2578417294
Robin 622.1940114121 676.0524297357 143.3219235315 228.7813332293
Roos 134.9859425358 519.9310433521 71.4088893645 96.7812195018
Ruben 555.6202293027 112.0379954941 140.0498950180 125.6500200597
Sanne 206.3948319003 237.6880155538 129.3187828648 225.7743029907
Sarah 927.3097430702 112.0379954941 72.6902569298 125.6500200597
Sophie 0.0000000000 0.0000000000 97.5543478261 112.0379954941
Stijn 134.9859425358 351.9495434238 71.4088893645 167.9814999283
Sven 134.9859425358 743.3379112771 71.4088893645 150.9275405447
Tessa 569.1655926660 348.0039505362 133.9834325906 125.4311745801
Thijs 0.0000000000 366.4502741537 134.9859425358 110.2904293125
Thomas 0.0000000000 746.0388069409 134.9859425358 253.9611930591
Tim 0.0000000000 112.0379954941 134.9859425358 254.4122786595
Tom 335.7136147652 617.6865270177 144.6151367266 152.2096040563
Vera 902.5786896602 237.6880155538 97.4213103398 110.3159349824
Willem 335.7136147652 769.8961310740 144.6151367266 112.4203714607

Amber 879.9473704455 355.0624015735 120.0526295545 138.3446084124
Anne 361.2418181019 215.1659586514 202.8607881131 139.8964429220
Anouk 796.0460796102 737.4192619878 106.9185750061 171.4782149849
Bas 402.6323701947 493.4070099858 107.6003805239 169.8189050754
Bram 258.9993898719 0.0000000000 161.3788895668 101.0076110067
Charlotte 402.6323701947 859.3910920876 107.6003805239 140.6089079124
Cornelis 647.8333054719 737.4192619878 148.2127741383 102.9116906699
Daan 103.7217815741 0.0000000000 155.2776082977 101.0076110067
Daniël 564.1026062151 215.1659586514 130.1745122420 139.8964429220
David 772.0294074950 215.1659586514 98.0163417051 139.8964429220
Dylan 651.4241832046 355.0624015735 90.6519855819 138.3446084124
Eline 280.8463917596 447.6662309278 121.7859784351 127.7730432348
Emma 420.3782794387 0.0000000000 116.5344722392 101.0076110067
Eva 829.7742525930 0.0000000000 170.2257474070 101.0076110067
Femke 694.2771184571 215.1659586514 77.7522890379 139.8964429220
Fleur 685.8113758391 101.0076110067 80.9764495260 114.1583476447
Floris 162.4335904027 939.8883741540 118.4128013568 60.1116258460
Gijs 162.4335904027 276.5787019400 118.4128013568 66.3569895703
Ilse 796.0460796102 908.8974769728 95.0432033657 91.1025230272
Iris 280.8463917596 575.4392741625 121.7859784351 224.1721114970
Jan 162.4335904027 744.7207577709 118.4128013568 195.1676163831
Jasper 819.8378415922 493.4070099858 180.1621584078 99.0284856287
Jelle 647.8333054719 592.4354956145 113.9175306379 144.9837663733
Jesse 0.0000000000 368.1064258838 162.4335904027 112.3029108006
Johanna 902.9646546163 737.4192619878 97.0353453837 171.4782149849
Johannes 510.2327507186 592.4354956145 137.6005547533 178.7013596152
Joris 510.2327507186 926.3248780534 137.6005547533 73.6751219466
Julia 719.3410616229 0.0000000000 110.4331909701 101.0076110067
Koen 530.7033571962 355.0624015735 120.7208260084 138.3446084124
Lars 162.4335904027 101.0076110067 168.7009365125 114.1583476447
Lieke 837.5072579512 101.0076110067 67.4803746050 114.1583476447
Lisa 0.0000000000 812.5755475152 162.4335904027 187.4244524848
Lotte 0.0000000000 480.4093366844 162.4335904027 109.2676969952
Lucas 536.9127516779 0.0000000000 69.2495424039 101.0076110067
Luuk 606.1622940818 0.0000000000 113.1787675412 101.0076110067
Maria 510.2327507186 771.1368552297 137.6005547533 155.1880228237
Maud 162.4335904027 442.8615110984 118.4128013568 63.4945311966
Max 511.9819308566 101.0076110067 173.8294449825 114.1583476447
Merel 891.0892829759 908.8974769728 108.9107170241 91.1025230272
Mohamed 402.6323701947 663.2259150612 107.6003805239 68.1566600471
Naomi 870.0457492000 215.1659586514 129.9542508000 139.8964429220
Nick 647.8333054719 840.3309526577 148.2127741383 159.6690473423
Niels 580.8662739631 493.4070099858 238.9715676290 99.0284856287
Nikki 510.2327507186 493.4070099858 70.6335232445 99.0284856287
Nina 280.8463917596 215.1659586514 80.3954263423 139.8964429220
Pieter 402.6323701947 731.3825751084 107.6003805239 128.0085169793
Robin 761.7508361099 592.4354956145 238.2491638901 144.9837663733
Roos 162.4335904027 215.1659586514 118.4128013568 61.4127432886
Ruben 331.1345269152 101.0076110067 180.8474039414 114.1583476447
Sanne 162.4335904027 506.3560422950 118.4128013568 238.3647154759
Sarah 766.7878253651 101.0076110067 70.7194325860 114.1583476447
Sophie 0.0000000000 0.0000000000 103.7217815741 101.0076110067
Stijn 904.9876325562 101.0076110067 95.0123674438 114.1583476447
Sven 162.4335904027 342.9356915102 118.4128013568 99.9258195882
Tessa 742.0761687865 355.0624015735 137.8712016590 138.3446084124
Thijs 0.0000000000 286.3453540002 162.4335904027 81.7610718835
Thomas 0.0000000000 589.6770336796 162.4335904027 222.8985138356
Tim 0.0000000000 101.0076110067 162.4335904027 185.3377429936
Tom 280.8463917596 799.6113856595 121.7859784351 200.3886143405
Vera 280.8463917596 355.0624015735 121.7859784351 92.6038293543
Willem 402.6323701947 355.0624015735 128.0709870015 138.3446084124

Amber 885.4445275976 331.2861209126 114.5554724024 134.7823621044
Anne 343.0804673742 203.1742584471 218.4881871155 128.1118624656
Anouk 789.7541317543 706.3953615298 104.6436502287 194.4558149103
Bas 402.3292958965 466.0684830171 102.5791911346 175.0495841271
Bram 275.5854988771 0.0000000000 162.6564003850 96.8343222840
Charlotte 402.3292958965 847.0587543526 102.5791911346 152.9412456474
Cornelis 650.9304885040 706.3953615298 138.8236432503 114.1298518444
Daan 102.3419955085 0.0000000000 173.2435033686 96.8343222840
Daniël 561.5686544897 203.1742584471 139.1922523910 128.1118624656
David 780.2993368184 203.1742584471 91.6631905989 128.1118624656
Dylan 659.5604975084 331.2861209126 97.0379353751 134.7823621044
Eline 276.1517885242 411.3052706562 126.1775073723 131.7238311162
Emma 438.2418992621 0.0000000000 112.6082771896 96.8343222840
Eva 827.3981392364 0.0000000000 172.6018607636 96.8343222840
Femke 700.7609068807 203.1742584471 79.5384299377 128.1118624656
Fleur 676.3050825969 96.8343222840 85.3058807597 106.3399361631
Floris 163.0090809026 928.6096854570 113.1427076216 71.3903145430
Gijs 163.0090809026 274.8391511229 113.1427076216 66.7224862844
Ilse 789.7541317543 900.8511764401 100.8929501864 99.1488235599
Iris 276.1517885242 543.0291017724 126.1775073723 253.5991514948
Jan 163.0090809026 726.5201796738 113.1427076216 202.0895057832
Jasper 828.6731511346 466.0684830171 171.3268488654 93.7470544568
Jelle 650.9304885040 559.8155374738 99.8249786974 146.5798240559
Jesse 0.0000000000 374.7021336598 163.0090809026 107.6785414454
Johanna 894.3977819830 706.3953615298 105.6022180170 194.4558149103
Johannes 504.9084870311 559.8155374738 146.0220014729 197.0086091345
Joris 504.9084870311 921.2816572573 146.0220014729 78.7183427427
Julia 746.8719923003 0.0000000000 80.5261469362 96.8343222840
Koen 519.8811891062 331.2861209126 139.6793084021 134.7823621044
Lars 163.0090809026 96.8343222840 170.3196180921 106.3399361631
Lieke 838.1525412984 96.8343222840 72.4515699603 106.3399361631
Lisa 0.0000000000 802.5575771020 163.0090809026 197.4424228980
Lotte 0.0000000000 482.3806751052 163.0090809026 93.1943482598
Lucas 550.8501764517 0.0000000000 81.1677895412 96.8343222840
Luuk 632.0179659929 0.0000000000 114.8540263073 96.8343222840
Maria 504.9084870311 756.8241466083 146.0220014729 164.4575106490
Maud 163.0090809026 439.5860308375 113.1427076216 55.1902047044
Max 518.2554884497 96.8343222840 158.0495941472 106.3399361631
Merel 890.6470819408 900.8511764401 109.3529180592 99.1488235599
Mohamed 402.3292958965 641.1180671442 102.5791911346 73.8963642336
Naomi 871.9625274173 203.1742584471 128.0374725827 128.1118624656
Nick 650.9304885040 820.5252133741 138.8236432503 179.4747866259
Niels 587.7551257475 466.0684830171 240.9180253871 93.7470544568
Nikki 504.9084870311 466.0684830171 82.8466387163 93.7470544568
Nina 276.1517885242 203.1742584471 66.9286788500 128.1118624656
Pieter 402.3292958965 715.0144313778 102.5791911346 132.0443229748
Robin 750.7554672014 559.8155374738 249.2445327986 146.5798240559
Roos 163.0090809026 203.1742584471 113.1427076216 71.6648926758
Ruben 333.3286989947 96.8343222840 184.9267894550 106.3399361631
Sanne 163.0090809026 494.7762355419 113.1427076216 231.7439441319
Sarah 761.6109633565 96.8343222840 76.5415779419 106.3399361631
Sophie 0.0000000000 0.0000000000 102.3419955085 96.8343222840
Stijn 910.6041112587 96.8343222840 89.3958887413 106.3399361631
Sven 163.0090809026 341.5616374074 113.1427076216 98.0243934302
Tessa 756.5984328834 331.2861209126 128.8460947142 134.7823621044
Thijs 0.0000000000 296.7543045427 163.0090809026 77.9478291171
Thomas 0.0000000000 575.5750233649 163.0090809026 226.9825537370
Tim 0.0000000000 96.8343222840 163.0090809026 199.9199822587
Tom 276.1517885242 796.6282532672 126.1775073723 203.3717467328
Vera 276.1517885242 331.2861209126 126.1775073723 80.0191497435
Willem 402.3292958965 331.2861209126 117.5518932097 134.7823621044

