new shellcheck 53
ellcheck.hs 383.2599118943 916.1123429416 378.8546255507 83.8876570584
ellCheck/Analytics.hs 558.2896329165 0.0000000000 441.7103670835 691.0582605203
ellCheck/AST.hs 558.2896329165 691.0582605203 361.2501143434 225.0540824213
ellCheck/Parser.hs 0.0000000000 0.0000000000 558.2896329165 916.1123429416
ellCheck/Simple.hs 919.5397472599 691.0582605203 80.4602527401 225.0540824213
kefile 903.0837004405 916.1123429416 96.9162995595 83.8876570584
oncheck.hs 762.1145374449 916.1123429416 140.9691629956 83.8876570584
st/quackCheck.hs 0.0000000000 916.1123429416 286.3436123348 83.8876570584
st/runQuack 286.3436123348 916.1123429416 96.9162995595 83.8876570584

ellcheck.hs 383.2599118943 922.3666210670 378.8546255507 77.6333789330
ellCheck/Analytics.hs 548.3870967742 0.0000000000 451.6129032258 706.5419190932
ellCheck/AST.hs 548.3870967742 706.5419190932 373.9671760045 215.8247019738
ellCheck/Parser.hs 0.0000000000 0.0000000000 548.3870967742 922.3666210670
ellCheck/Simple.hs 922.3542727787 706.5419190932 77.6457272213 215.8247019738
kefile 903.0837004405 922.3666210670 96.9162995595 77.6333789330
oncheck.hs 762.1145374449 922.3666210670 140.9691629956 77.6333789330
st/quackCheck.hs 0.0000000000 922.3666210670 286.3436123348 77.6333789330
st/runQuack 286.3436123348 922.3666210670 96.9162995595 77.6333789330

ellcheck.hs 383.2599118943 923.7487403426 378.8546255507 76.2512596574
ellCheck/Analytics.hs 544.0000000000 0.0000000000 456.0000000000 713.8058448102
ellCheck/AST.hs 544.0000000000 713.8058448102 377.6000000000 209.9428955324
ellCheck/Parser.hs 0.0000000000 0.0000000000 544.0000000000 923.7487403426
ellCheck/Simple.hs 921.6000000000 713.8058448102 78.4000000000 209.9428955324
kefile 903.0837004405 923.7487403426 96.9162995595 76.2512596574
oncheck.hs 762.1145374449 923.7487403426 140.9691629956 76.2512596574
st/quackCheck.hs 0.0000000000 923.7487403426 286.3436123348 76.2512596574
st/runQuack 286.3436123348 923.7487403426 96.9162995595 76.2512596574

ellcheck.hs 383.2599118943 925.1319261214 378.8546255507 74.8680738786
ellCheck/Analytics.hs 536.8983957219 0.0000000000 463.1016042781 722.1584088430
ellCheck/AST.hs 536.8983957219 722.1584088430 383.4806267004 202.9735172784
ellCheck/Parser.hs 0.0000000000 0.0000000000 536.8983957219 925.1319261214
ellCheck/Simple.hs 920.3790224224 722.1584088430 79.6209775776 202.9735172784
kefile 903.0837004405 925.1319261214 96.9162995595 74.8680738786
oncheck.hs 762.1145374449 925.1319261214 140.9691629956 74.8680738786
st/quackCheck.hs 0.0000000000 925.1319261214 286.3436123348 74.8680738786
st/runQuack 286.3436123348 925.1319261214 96.9162995595 74.8680738786

ellcheck.hs 383.2599118943 926.1788617886 378.8546255507 73.8211382114
ellCheck/Analytics.hs 532.3033707865 0.0000000000 467.6966292135 728.0099611807
ellCheck/AST.hs 532.3033707865 728.0099611807 387.2856298048 198.1689006079
ellCheck/Parser.hs 0.0000000000 0.0000000000 532.3033707865 926.1788617886
ellCheck/Simple.hs 919.5890005914 728.0099611807 80.4109994086 198.1689006079
kefile 903.0837004405 926.1788617886 96.9162995595 73.8211382114
oncheck.hs 762.1145374449 926.1788617886 140.9691629956 73.8211382114
st/quackCheck.hs 0.0000000000 926.1788617886 286.3436123348 73.8211382114
st/runQuack 286.3436123348 926.1788617886 96.9162995595 73.8211382114

ellcheck.hs 383.2599118943 931.2329597092 378.8546255507 68.7670402908
ellCheck/Analytics.hs 509.7592713077 0.0000000000 490.2407286923 755.1205552519
ellCheck/AST.hs 509.7592713077 755.1205552519 405.9537262153 176.1124044573
ellCheck/Parser.hs 0.0000000000 0.0000000000 509.7592713077 931.2329597092
ellCheck/Simple.hs 915.7129975231 755.1205552519 84.2870024769 176.1124044573
kefile 903.0837004405 931.2329597092 96.9162995595 68.7670402908
oncheck.hs 762.1145374449 931.2329597092 140.9691629956 68.7670402908
st/quackCheck.hs 0.0000000000 931.2329597092 286.3436123348 68.7670402908
st/runQuack 286.3436123348 931.2329597092 96.9162995595 68.7670402908

ellcheck.hs 379.9126637555 933.8914549654 375.5458515284 66.1085450346
ellCheck/Analytics.hs 493.6630602782 0.0000000000 506.3369397218 770.8310421936
ellCheck/AST.hs 493.6630602782 770.8310421936 419.5869045946 163.0604127717
ellCheck/Parser.hs 0.0000000000 0.0000000000 493.6630602782 933.8914549654
ellCheck/Simple.hs 913.2499648728 770.8310421936 86.7500351272 163.0604127717
kefile 895.1965065502 933.8914549654 104.8034934498 66.1085450346
oncheck.hs 755.4585152838 933.8914549654 139.7379912664 66.1085450346
st/quackCheck.hs 0.0000000000 933.8914549654 283.8427947598 66.1085450346
st/runQuack 283.8427947598 933.8914549654 96.0698689956 66.1085450346

ellcheck.hs 379.9126637555 942.0546558704 375.5458515284 57.9453441296
ellCheck/Analytics.hs 0.0000000000 486.9299535871 899.0061778136 455.1247022834
ellCheck/AST.hs 899.0061778136 0.0000000000 100.9938221864 819.2868948661
ellCheck/Parser.hs 0.0000000000 0.0000000000 899.0061778136 486.9299535871
ellCheck/Simple.hs 899.0061778136 819.2868948661 100.9938221864 122.7677610044
kefile 895.1965065502 942.0546558704 104.8034934498 57.9453441296
oncheck.hs 755.4585152838 942.0546558704 139.7379912664 57.9453441296
st/quackCheck.hs 0.0000000000 942.0546558704 283.8427947598 57.9453441296
st/runQuack 283.8427947598 942.0546558704 96.0698689956 57.9453441296

ellcheck.hs 379.9126637555 944.2007797271 375.5458515284 55.7992202729
ellCheck/Analytics.hs 0.0000000000 473.5862566128 901.9354838710 470.6145231143
ellCheck/AST.hs 901.9354838710 0.0000000000 98.0645161290 822.4485739202
ellCheck/Parser.hs 0.0000000000 0.0000000000 901.9354838710 473.5862566128
ellCheck/Simple.hs 901.9354838710 822.4485739202 98.0645161290 121.7522058069
kefile 895.1965065502 944.2007797271 104.8034934498 55.7992202729
oncheck.hs 755.4585152838 944.2007797271 139.7379912664 55.7992202729
st/quackCheck.hs 0.0000000000 944.2007797271 283.8427947598 55.7992202729
st/runQuack 283.8427947598 944.2007797271 96.0698689956 55.7992202729

ellcheck.hs 381.5789473684 945.3237410072 377.1929824561 54.6762589928
ellCheck/Analytics.hs 0.0000000000 482.2638713064 886.6057838661 463.0598697008
ellCheck/AST.hs 886.6057838661 0.0000000000 113.3942161339 700.0048283521
ellCheck/Data.hs 886.6057838661 803.6309207667 113.3942161339 141.6928202405
ellCheck/Parser.hs 0.0000000000 0.0000000000 886.6057838661 482.2638713064
ellCheck/Simple.hs 886.6057838661 700.0048283521 113.3942161339 103.6260924147
kefile 899.1228070175 945.3237410072 100.8771929825 54.6762589928
oncheck.hs 758.7719298246 945.3237410072 140.3508771930 54.6762589928
st/quackCheck.hs 0.0000000000 945.3237410072 285.0877192982 54.6762589928
st/runQuack 285.0877192982 945.3237410072 96.4912280702 54.6762589928

ellcheck.hs 383.2599118943 946.1319411486 374.4493392070 53.8680588514
ellCheck/Analytics.hs 0.0000000000 481.2384498167 885.6282919488 464.8934913318
ellCheck/AST.hs 885.6282919488 0.0000000000 114.3717080512 705.4492543651
ellCheck/Data.hs 885.6282919488 807.1169410237 114.3717080512 139.0150001249
ellCheck/Parser.hs 0.0000000000 0.0000000000 885.6282919488 481.2384498167
ellCheck/Simple.hs 885.6282919488 705.4492543651 114.3717080512 101.6676866585
kefile 898.6784140969 946.1319411486 101.3215859031 53.8680588514
oncheck.hs 757.7092511013 946.1319411486 140.9691629956 53.8680588514
st/quackCheck.hs 0.0000000000 946.1319411486 286.3436123348 53.8680588514
st/runQuack 286.3436123348 946.1319411486 96.9162995595 53.8680588514

ellcheck.hs 230.7692307692 915.7353598570 716.1803713528 84.2646401430
ellCheck/Analytics.hs 0.0000000000 457.2375289789 886.7463998047 458.4978308780
ellCheck/AST.hs 886.7463998047 0.0000000000 113.2536001953 671.0129792055
ellCheck/Data.hs 886.7463998047 769.6913585005 113.2536001953 146.0440013565
ellCheck/Parser.hs 0.0000000000 0.0000000000 886.7463998047 457.2375289789
ellCheck/Simple.hs 886.7463998047 671.0129792055 113.2536001953 98.6783792949
kefile 946.9496021220 915.7353598570 53.0503978780 84.2646401430
st/quackCheck.hs 0.0000000000 915.7353598570 172.4137931034 84.2646401430
st/runQuack 172.4137931034 915.7353598570 58.3554376658 84.2646401430

ellcheck.hs 228.3464566929 917.1919148011 708.6614173228 82.8080851989
ellCheck/Analytics.hs 0.0000000000 451.7585309856 890.0473933649 465.4333838155
ellCheck/AST.hs 890.0473933649 0.0000000000 109.9526066351 672.0802823974
ellCheck/Data.hs 890.0473933649 770.9156180441 109.9526066351 146.2762967571
ellCheck/Parser.hs 0.0000000000 0.0000000000 890.0473933649 451.7585309856
ellCheck/Simple.hs 890.0473933649 672.0802823974 109.9526066351 98.8353356467
kefile 937.0078740157 917.1919148011 62.9921259843 82.8080851989
st/quackCheck.hs 0.0000000000 917.1919148011 170.6036745407 82.8080851989
st/runQuack 170.6036745407 917.1919148011 57.7427821522 82.8080851989

ellcheck.hs 227.1540469974 920.5394190871 704.9608355091 79.4605809129
ellCheck/Analytics.hs 0.0000000000 451.8842290053 890.6919089475 468.6551900818
ellCheck/AST.hs 890.6919089475 0.0000000000 109.3080910525 652.9186807546
ellCheck/Data.hs 890.6919089475 780.0859819481 109.3080910525 140.4534371391
ellCheck/Parser.hs 0.0000000000 0.0000000000 890.6919089475 451.8842290053
ellCheck/Simple.hs 890.6919089475 652.9186807546 109.3080910525 127.1673011935
kefile 932.1148825065 920.5394190871 67.8851174935 73.3482285350
st/quackCheck.hs 0.0000000000 920.5394190871 169.7127937337 79.4605809129
st/runQuack 169.7127937337 920.5394190871 57.4412532637 79.4605809129
tup.hs 932.1148825065 993.8876476221 67.8851174935 6.1123523779

ellcheck.hs 210.1449275362 919.9535962877 727.0531400966 80.0464037123
ellCheck/Analytics.hs 0.0000000000 429.5419184919 895.7545187053 490.4116777958
ellCheck/AST.hs 895.7545187053 0.0000000000 104.2454812947 654.7250392935
ellCheck/Data.hs 895.7545187053 778.9929645985 104.2454812947 140.9606316892
ellCheck/Parser.hs 0.0000000000 0.0000000000 895.7545187053 429.5419184919
ellCheck/Simple.hs 895.7545187053 654.7250392935 104.2454812947 124.2679253050
kefile 937.1980676329 919.9535962877 62.8019323671 73.8889880421
st/quackCheck.hs 0.0000000000 919.9535962877 157.0048309179 80.0464037123
st/runQuack 157.0048309179 919.9535962877 53.1400966184 80.0464037123
tup.hs 937.1980676329 993.8425843298 62.8019323672 6.1574156702

ellcheck.hs 210.1449275362 923.4891886897 727.0531400966 76.5108113103
ellCheck/Analytics.hs 0.0000000000 412.5835228420 900.3402041225 510.9056658477
ellCheck/AST.hs 900.3402041225 0.0000000000 99.6597958775 658.3105662346
ellCheck/Data.hs 900.3402041225 782.5550956367 99.6597958775 140.9340930530
ellCheck/Parser.hs 0.0000000000 0.0000000000 900.3402041225 412.5835228420
ellCheck/Simple.hs 900.3402041225 658.3105662346 99.6597958775 124.2445294020
kefile 937.1980676329 923.4891886897 62.8019323671 70.6253642864
st/quackCheck.hs 0.0000000000 923.4891886897 157.0048309179 76.5108113103
st/runQuack 157.0048309179 923.4891886897 53.1400966184 76.5108113103
tup.hs 937.1980676329 994.1145529761 62.8019323672 5.8854470239

ellcheck.hs 210.1449275362 926.2163607200 727.0531400966 73.7836392800
ellCheck/Analytics.hs 0.0000000000 399.9121813343 902.4437175293 526.3041793857
ellCheck/AST.hs 902.4437175293 0.0000000000 97.5562824707 650.3609949040
ellCheck/Data.hs 902.4437175293 772.7603956303 97.5562824707 153.4559650897
ellCheck/Parser.hs 0.0000000000 0.0000000000 902.4437175293 399.9121813343
ellCheck/Simple.hs 902.4437175293 650.3609949040 97.5562824707 122.3994007263
kefile 937.1980676329 926.2163607200 62.8019323671 68.1079747200
st/quackCheck.hs 0.0000000000 926.2163607200 157.0048309179 73.7836392800
st/runQuack 157.0048309179 926.2163607200 53.1400966184 73.7836392800
tup.hs 937.1980676329 994.3243354400 62.8019323672 5.6756645600

ellcheck.hs 46.3768115942 939.9582318134 872.4637681159 60.0417681866
ellCheck/Analytics.hs 0.0000000000 399.7611964200 904.6472875393 540.1970353934
ellCheck/AST.hs 904.6472875393 0.0000000000 95.3527124607 649.7575350011
ellCheck/Data.hs 904.6472875393 781.1691712935 95.3527124607 158.7890605199
ellCheck/Parser.hs 0.0000000000 0.0000000000 904.6472875393 399.7611964200
ellCheck/Simple.hs 904.6472875393 649.7575350011 95.3527124607 131.4116362924
kefile 918.8405797101 939.9582318134 75.3623188406 60.0417681866
st/shellcheck.hs 0.0000000000 939.9582318134 46.3768115942 60.0417681866
tup.hs 994.2028985507 939.9582318134 5.7971014493 60.0417681866

ellcheck.hs 50.1567398119 945.1513067400 943.5736677116 54.8486932600
ellCheck/Analytics.hs 0.0000000000 398.0482730432 906.6763689285 547.1030336968
ellCheck/AST.hs 906.6763689285 0.0000000000 93.3236310715 652.2096736569
ellCheck/Data.hs 906.6763689285 784.8624886379 93.3236310715 160.2888181021
ellCheck/Parser.hs 0.0000000000 0.0000000000 906.6763689285 398.0482730432
ellCheck/Simple.hs 906.6763689285 652.2096736569 93.3236310715 132.6528149811
st/shellcheck.hs 0.0000000000 945.1513067400 50.1567398119 54.8486932600
tup.hs 993.7304075235 945.1513067400 6.2695924765 54.8486932600

ellcheck.hs 50.1567398119 945.7667460048 943.5736677116 54.2332539952
ellCheck/Analytics.hs 0.0000000000 394.6001057093 907.7835700162 551.1666402954
ellCheck/AST.hs 907.7835700162 0.0000000000 92.2164299838 652.6343627401
ellCheck/Data.hs 907.7835700162 785.3735551618 92.2164299838 160.3931908429
ellCheck/Parser.hs 0.0000000000 0.0000000000 907.7835700162 394.6001057093
ellCheck/Simple.hs 907.7835700162 652.6343627401 92.2164299838 132.7391924217
st/shellcheck.hs 0.0000000000 945.7667460048 50.1567398119 54.2332539952
tup.hs 993.7304075235 945.7667460048 6.2695924765 54.2332539952

ellcheck.hs 44.3213296399 939.4091977174 950.1385041551 60.5908022826
ellCheck/Analytics.hs 0.0000000000 390.2760851046 904.4130784349 549.1331126127
ellCheck/AST.hs 904.4130784349 0.0000000000 95.5869215651 626.8581001591
ellCheck/Data.hs 904.4130784349 762.0627884287 95.5869215651 152.7637386942
ellCheck/Options.hs 904.4130784349 914.8265271229 95.5869215651 24.5826705945
ellCheck/Parser.hs 0.0000000000 0.0000000000 904.4130784349 390.2760851046
ellCheck/Simple.hs 904.4130784349 626.8581001591 95.5869215651 135.2046882696
st/shellcheck.hs 0.0000000000 939.4091977174 44.3213296399 60.5908022826
tup.hs 994.4598337950 939.4091977174 5.5401662050 60.5908022826

ellcheck.hs 43.7158469945 938.7959866221 950.8196721311 61.2040133779
ellCheck/Analytics.hs 0.0000000000 388.7158810526 904.7025293908 550.0801055695
ellCheck/AST.hs 904.7025293908 0.0000000000 95.2974706092 626.4489106992
ellCheck/Data.hs 904.7025293908 761.5653424187 95.2974706092 152.6640202544
ellCheck/Options.hs 904.7025293908 914.2293626731 95.2974706092 24.5666239490
ellCheck/Parser.hs 0.0000000000 0.0000000000 904.7025293908 388.7158810526
ellCheck/Simple.hs 904.7025293908 626.4489106992 95.2974706092 135.1164317194
st/shellcheck.hs 0.0000000000 938.7959866221 43.7158469945 61.2040133779
tup.hs 994.5355191257 938.7959866221 5.4644808743 61.2040133779

ellcheck.hs 43.7158469945 939.2833443928 950.8196721311 60.7166556072
ellCheck/Analytics.hs 0.0000000000 388.3910064585 905.5104203462 550.8923379343
ellCheck/AST.hs 905.5104203462 0.0000000000 94.4895796538 626.7741195294
ellCheck/Data.hs 905.5104203462 761.9606943299 94.4895796538 152.7432728265
ellCheck/Options.hs 905.5104203462 914.7039671564 94.4895796538 24.5793772364
ellCheck/Parser.hs 0.0000000000 0.0000000000 905.5104203462 388.3910064585
ellCheck/Simple.hs 905.5104203462 626.7741195294 94.4895796538 135.1865748005
st/shellcheck.hs 0.0000000000 939.2833443928 43.7158469945 60.7166556072
tup.hs 994.5355191257 939.2833443928 5.4644808743 60.7166556072

ellcheck.hs 43.7158469945 940.0393184797 950.8196721311 59.9606815203
ellCheck/Analytics.hs 0.0000000000 388.9880170453 906.7619379575 551.0513014344
ellCheck/AST.hs 906.7619379575 0.0000000000 93.2380620425 627.2785732659
ellCheck/Data.hs 906.7619379575 762.5739518134 93.2380620425 152.8662069303
ellCheck/Options.hs 906.7619379575 915.4401587438 93.2380620425 24.5991597359
ellCheck/Parser.hs 0.0000000000 0.0000000000 906.7619379575 388.9880170453
ellCheck/Simple.hs 906.7619379575 627.2785732659 93.2380620425 135.2953785475
st/shellcheck.hs 0.0000000000 940.0393184797 43.7158469945 59.9606815203
tup.hs 994.5355191257 940.0393184797 5.4644808743 59.9606815203

ellcheck.hs 43.7158469945 940.1471790679 950.8196721311 59.8528209321
ellCheck/Analytics.hs 0.0000000000 388.2119057409 906.9403374500 551.9352733270
ellCheck/AST.hs 906.9403374500 0.0000000000 93.0596625500 627.3505475275
ellCheck/Data.hs 906.9403374500 762.6614499354 93.0596625500 152.8837468765
ellCheck/Options.hs 906.9403374500 915.5451968119 93.0596625500 24.6019822560
ellCheck/Parser.hs 0.0000000000 0.0000000000 906.9403374500 388.2119057409
ellCheck/Simple.hs 906.9403374500 627.3505475275 93.0596625500 135.3109024079
st/shellcheck.hs 0.0000000000 940.1471790679 43.7158469945 59.8528209321
tup.hs 994.5355191257 940.1471790679 5.4644808743 59.8528209321

ellcheck.hs 39.3120393120 934.0463458111 855.0368550369 65.9536541889
ellCheck/Analytics.hs 0.0000000000 390.0354356144 906.1415683553 544.0109101967
ellCheck/AST.hs 906.1415683553 0.0000000000 93.8584316447 626.7261063390
ellCheck/Data.hs 906.1415683553 759.6680076837 93.8584316447 150.2070833375
ellCheck/Options.hs 906.1415683553 909.8750910211 93.8584316447 24.1712547899
ellCheck/Parser.hs 0.0000000000 0.0000000000 906.1415683553 390.0354356144
ellCheck/Simple.hs 906.1415683553 626.7261063390 93.8584316447 132.9419013446
st/shellcheck.hs 0.0000000000 934.0463458111 39.3120393120 65.9536541889
tup.hs 894.3488943489 934.0463458111 105.6511056511 65.9536541889

ellcheck.hs 38.7409200969 934.7860413706 857.1428571429 65.2139586294
ellCheck/Analytics.hs 0.0000000000 379.0236765624 908.6148648649 555.7623648082
ellCheck/AST.hs 908.6148648649 0.0000000000 91.3851351351 627.2224270195
ellCheck/Data.hs 908.6148648649 760.2696085084 91.3851351351 150.3260362278
ellCheck/Options.hs 908.6148648649 910.5956447362 91.3851351351 24.1903966344
ellCheck/Parser.hs 0.0000000000 0.0000000000 908.6148648649 379.0236765624
ellCheck/Simple.hs 908.6148648649 627.2224270195 91.3851351351 133.0471814890
st/shellcheck.hs 0.0000000000 934.7860413706 38.7409200969 65.2139586294
tup.hs 895.8837772397 934.7860413706 104.1162227603 65.2139586294

ellcheck.hs 38.7409200969 935.3171495693 857.1428571429 64.6828504307
ellCheck/Analytics.hs 0.0000000000 372.6144028420 911.2525117214 562.7027467273
ellCheck/AST.hs 911.2525117214 0.0000000000 88.7474882786 637.0745113104
ellCheck/Data.hs 911.2525117214 778.2544584152 88.7474882786 132.3562004108
ellCheck/Options.hs 911.2525117214 910.6106588260 88.7474882786 24.7064907433
ellCheck/Parser.hs 0.0000000000 0.0000000000 911.2525117214 372.6144028420
ellCheck/Simple.hs 911.2525117214 637.0745113104 88.7474882786 141.1799471048
st/shellcheck.hs 0.0000000000 935.3171495693 38.7409200969 64.6828504307
tup.hs 895.8837772397 935.3171495693 104.1162227603 64.6828504307

ellcheck.hs 38.7409200969 936.5493931479 857.1428571429 63.4506068521
ellCheck/Analytics.hs 0.0000000000 369.8116937444 901.0826771654 566.7376994036
ellCheck/AST.hs 901.0826771654 0.0000000000 98.9173228346 563.7934157756
ellCheck/Data.hs 901.0826771654 688.0454082331 98.9173228346 116.4862429288
ellCheck/Options.hs 901.0826771654 804.5316511619 98.9173228346 21.7440986801
ellCheck/Parser.hs 0.0000000000 0.0000000000 901.0826771654 369.8116937444
ellCheck/Regex.hs 901.0826771654 826.2757498420 98.9173228346 110.2736433060
ellCheck/Simple.hs 901.0826771654 563.7934157756 98.9173228346 124.2519924574
st/shellcheck.hs 0.0000000000 936.5493931479 38.7409200969 63.4506068521
tup.hs 895.8837772397 936.5493931479 104.1162227603 63.4506068521

ellcheck.hs 38.7409200969 937.2626462099 857.1428571429 62.7373537901
ellCheck/Analytics.hs 0.0000000000 368.2704648331 902.1069692058 568.9921813768
ellCheck/AST.hs 902.1069692058 0.0000000000 97.8930307942 564.8404026828
ellCheck/Data.hs 902.1069692058 688.9811505252 97.8930307942 116.3819511022
ellCheck/Options.hs 902.1069692058 805.3631016274 97.8930307942 21.7246308724
ellCheck/Parser.hs 0.0000000000 0.0000000000 902.1069692058 368.2704648331
ellCheck/Regex.hs 902.1069692058 827.0877324998 97.8930307942 110.1749137101
ellCheck/Simple.hs 902.1069692058 564.8404026828 97.8930307942 124.1407478424
st/shellcheck.hs 0.0000000000 937.2626462099 38.7409200969 62.7373537901
tup.hs 895.8837772397 937.2626462099 104.1162227603 62.7373537901

ellcheck.hs 38.2775119617 937.1900826446 858.8516746411 62.8099173554
ellCheck/Analytics.hs 0.0000000000 367.5810400563 902.1965688632 569.6090425883
ellCheck/AST.hs 902.1965688632 0.0000000000 97.8034311368 562.3140495868
ellCheck/Data.hs 902.1965688632 688.2969787292 97.8034311368 115.2282888497
ellCheck/Options.hs 902.1965688632 803.5252675789 97.8034311368 21.5092805853
ellCheck/Parser.hs 0.0000000000 0.0000000000 902.1965688632 367.5810400563
ellCheck/Regex.hs 902.1965688632 825.0345481642 97.8034311368 112.1555344804
ellCheck/Simple.hs 902.1965688632 562.3140495868 97.8034311368 125.9829291424
st/shellcheck.hs 0.0000000000 937.1900826446 38.2775119617 62.8099173554
tup.hs 897.1291866029 937.1900826446 102.8708133971 62.8099173554

ellcheck.hs 38.2775119617 938.5565191827 858.8516746411 61.4434808173
ellCheck/Analytics.hs 0.0000000000 360.1456703912 904.4635865309 578.4108487916
ellCheck/AST.hs 904.4635865309 0.0000000000 95.5364134691 563.1339115096
ellCheck/Data.hs 904.4635865309 689.3005255637 95.5364134691 115.3962933421
ellCheck/Options.hs 904.4635865309 804.6968189058 95.5364134691 21.5406414239
ellCheck/Parser.hs 0.0000000000 0.0000000000 904.4635865309 360.1456703912
ellCheck/Regex.hs 904.4635865309 826.2374603297 95.5364134691 112.3190588530
ellCheck/Simple.hs 904.4635865309 563.1339115096 95.5364134691 126.1666140541
st/shellcheck.hs 0.0000000000 938.5565191827 38.2775119617 61.4434808173
tup.hs 897.1291866029 938.5565191827 102.8708133971 61.4434808173

ellcheck.hs 51.4285714286 953.8806166820 825.7142857143 46.1193833180
ellCheck/Analytics.hs 0.0000000000 391.4194138671 806.6031219782 562.4612028149
ellCheck/Analyzer.hs 806.6031219782 410.1686651733 28.0737403580 126.7298533592
ellCheck/AST.hs 806.6031219782 0.0000000000 193.3968780218 246.6462737421
ellCheck/ASTLib.hs 806.6031219782 246.6462737421 193.3968780218 163.5223914312
ellCheck/Checker.hs 834.6768623362 410.1686651733 165.3231376638 126.7298533592
ellCheck/Data.hs 806.6031219782 536.8985185325 193.3968780218 59.9582101914
ellCheck/Formatter/CheckStyle.hs 806.6031219782 596.8567287239 110.8989090755 97.4320915611
ellCheck/Formatter/Format.hs 917.5020310536 596.8567287239 82.4979689464 97.4320915611
ellCheck/Formatter/GCC.hs 806.6031219782 694.2888202850 109.3962138305 65.0439512345
ellCheck/Formatter/JSON.hs 806.6031219782 759.3327715195 109.3962138305 69.8620216963
ellCheck/Formatter/TTY.hs 915.9993358087 694.2888202850 84.0006641913 134.9059729307
ellCheck/Interface.hs 806.6031219782 829.1947932157 108.8517947336 124.6858234663
ellCheck/Parser.hs 0.0000000000 0.0000000000 806.6031219782 391.4194138671
ellCheck/Regex.hs 915.4549167118 829.1947932157 84.5450832882 124.6858234663
st/shellcheck.hs 0.0000000000 953.8806166820 51.4285714286 46.1193833180
tup.hs 877.1428571429 953.8806166820 122.8571428571 46.1193833180

ellcheck.hs 51.4285714286 954.3438559875 825.7142857143 45.6561440125
ellCheck/Analytics.hs 0.0000000000 394.2942736644 808.2285401859 560.0495823231
ellCheck/Analyzer.hs 808.2285401859 411.5310284194 27.8377925537 126.5202831174
ellCheck/AST.hs 808.2285401859 0.0000000000 191.7714598141 248.2790502034
ellCheck/ASTLib.hs 808.2285401859 248.2790502034 191.7714598141 163.2519782160
ellCheck/Checker.hs 836.0663327396 411.5310284194 163.9336672604 126.5202831174
ellCheck/Data.hs 808.2285401859 538.0513115368 191.7714598141 59.8590586792
ellCheck/Formatter/CheckStyle.hs 808.2285401859 597.9103702160 109.9668510822 97.2709703537
ellCheck/Formatter/Format.hs 918.1953912681 597.9103702160 81.8046087319 97.2709703537
ellCheck/Formatter/GCC.hs 808.2285401859 695.1813405696 108.4767853494 64.9363895493
ellCheck/Formatter/JSON.hs 808.2285401859 760.1177301189 108.4767853494 69.7464924789
ellCheck/Formatter/TTY.hs 916.7053255353 695.1813405696 83.2946744647 134.6828820282
ellCheck/Interface.hs 808.2285401859 829.8642225978 107.9369418626 124.4796333897
ellCheck/Parser.hs 0.0000000000 0.0000000000 808.2285401859 394.2942736644
ellCheck/Regex.hs 916.1654820485 829.8642225978 83.8345179515 124.4796333897
st/shellcheck.hs 0.0000000000 954.3438559875 51.4285714286 45.6561440125
tup.hs 877.1428571429 954.3438559875 122.8571428571 45.6561440125

ellcheck.hs 51.7241379310 956.0883280757 824.7126436782 43.9116719243
ellCheck/Analytics.hs 0.0000000000 386.1335113389 812.0628216972 569.9548167368
ellCheck/Analyzer.hs 812.0628216972 414.9315918194 26.8481683290 126.8965547797
ellCheck/AST.hs 812.0628216972 0.0000000000 187.9371783028 245.0647751037
ellCheck/ASTLib.hs 812.0628216972 245.0647751037 187.9371783028 169.8668167157
ellCheck/Checker.hs 838.9109900262 414.9315918194 161.0890099738 126.8965547797
ellCheck/Data.hs 812.0628216972 541.8281465991 187.9371783028 62.4411618757
ellCheck/Formatter/CheckStyle.hs 812.0628216972 604.2693084748 107.7681721736 96.0116790132
ellCheck/Formatter/Format.hs 919.8309938709 604.2693084748 80.1690061291 96.0116790132
ellCheck/Formatter/GCC.hs 812.0628216972 700.2809874880 106.3078988379 64.0957087918
ellCheck/Formatter/JSON.hs 812.0628216972 764.3766962798 106.3078988379 68.8435390727
ellCheck/Formatter/TTY.hs 918.3707205352 700.2809874880 81.6292794648 132.9392478645
ellCheck/Interface.hs 812.0628216972 833.2202353525 105.7788489901 122.8680927232
ellCheck/Parser.hs 0.0000000000 0.0000000000 812.0628216972 386.1335113389
ellCheck/Regex.hs 917.8416706873 833.2202353525 82.1583293127 122.8680927232
st/shellcheck.hs 0.0000000000 956.0883280757 51.7241379310 43.9116719243
tup.hs 876.4367816092 956.0883280757 123.5632183908 43.9116719243

ellcheck.hs 51.7241379310 956.1160151324 824.7126436782 43.8839848676
ellCheck/Analytics.hs 0.0000000000 386.4522185230 812.1867581113 569.6637966094
ellCheck/Analyzer.hs 812.1867581113 414.9436076909 26.8304631270 126.9002295365
ellCheck/AST.hs 812.1867581113 0.0000000000 187.8132418887 245.0718718563
ellCheck/ASTLib.hs 812.1867581113 245.0718718563 187.8132418887 169.8717358346
ellCheck/Checker.hs 839.0172212383 414.9436076909 160.9827787617 126.9002295365
ellCheck/Data.hs 812.1867581113 541.8438372274 187.8132418887 62.4429700894
ellCheck/Formatter/CheckStyle.hs 812.1867581113 604.2868073168 107.6971037404 96.0144593848
ellCheck/Formatter/Format.hs 919.8838618517 604.2868073168 80.1161381483 96.0144593848
ellCheck/Formatter/GCC.hs 812.1867581113 700.3012667016 106.2377933916 64.0975649190
ellCheck/Formatter/JSON.hs 812.1867581113 764.3988316206 106.2377933916 68.8455326907
ellCheck/Formatter/TTY.hs 918.4245515029 700.3012667016 81.5754484971 132.9430976097
ellCheck/Interface.hs 812.1867581113 833.2443643113 105.7090924291 122.8716508211
ellCheck/Parser.hs 0.0000000000 0.0000000000 812.1867581113 386.4522185230
ellCheck/Regex.hs 917.8958505405 833.2443643113 82.1041494595 122.8716508211
st/shellcheck.hs 0.0000000000 956.1160151324 51.7241379310 43.8839848676
tup.hs 876.4367816092 956.1160151324 123.5632183908 43.8839848676

ellcheck.hs 46.1538461538 951.3290902284 792.3076923077 48.6709097716
ellCheck/Analytics.hs 0.0000000000 384.6879282331 810.7044470681 566.6411619953
ellCheck/Analyzer.hs 810.7044470681 407.4299222184 27.0422218474 124.6023548532
ellCheck/AST.hs 810.7044470681 0.0000000000 189.2955529319 240.6341773620
ellCheck/ASTLib.hs 810.7044470681 240.6341773620 189.2955529319 166.7957448564
ellCheck/Checker.hs 837.7466689155 407.4299222184 162.2533310845 124.6023548532
ellCheck/Data.hs 810.7044470681 532.0322770716 189.2955529319 61.9715415672
ellCheck/Formatter/CheckStyle.hs 810.7044470681 594.0038186388 108.5471002826 94.2758557884
ellCheck/Formatter/Format.hs 919.2515473507 594.0038186388 80.7484526493 94.2758557884
ellCheck/Formatter/GCC.hs 810.7044470681 688.2796744272 104.4389257555 64.5262194775
ellCheck/Formatter/JSON.hs 810.7044470681 752.8058939047 104.4389257555 69.3059394388
ellCheck/Formatter/TTY.hs 915.1433728236 688.2796744272 84.8566271764 133.8321589164
ellCheck/Interface.hs 810.7044470681 822.1118333436 112.0320619393 129.2172568848
ellCheck/Parser.hs 0.0000000000 0.0000000000 810.7044470681 384.6879282331
ellCheck/Regex.hs 922.7365090074 822.1118333436 77.2634909926 129.2172568848
ickrun 838.4615384615 951.3290902284 12.8205128205 48.6709097716
icktest 851.2820512821 951.3290902284 38.4615384615 48.6709097716
st/shellcheck.hs 0.0000000000 951.3290902284 46.1538461538 48.6709097716
tup.hs 889.7435897436 951.3290902284 110.2564102564 48.6709097716

ellcheck.hs 46.9973890339 952.3987074323 806.7885117493 47.6012925677
ellCheck/Analytics.hs 0.0000000000 382.6437893687 811.6925486102 569.7549180636
ellCheck/Analyzer.hs 811.6925486102 407.8880119149 26.9010644843 124.7424502458
ellCheck/AST.hs 811.6925486102 0.0000000000 188.3074513898 240.9047319562
ellCheck/ASTLib.hs 811.6925486102 240.9047319562 188.3074513898 166.9832799587
ellCheck/Checker.hs 838.5936130945 407.8880119149 161.4063869055 124.7424502458
ellCheck/Data.hs 811.6925486102 532.6304621607 188.3074513898 62.0412186408
ellCheck/Formatter/CheckStyle.hs 811.6925486102 594.6716808014 107.9804966011 94.3818538897
ellCheck/Formatter/Format.hs 919.6730452113 594.6716808014 80.3269547887 94.3818538897
ellCheck/Formatter/GCC.hs 811.6925486102 689.0535346911 103.8937662840 64.5987688773
ellCheck/Formatter/JSON.hs 811.6925486102 753.6523035684 103.8937662840 69.3838628682
ellCheck/Formatter/TTY.hs 915.5863148942 689.0535346911 84.4136851058 133.9826317455
ellCheck/Interface.hs 811.6925486102 823.0361664366 111.4472671491 129.3625409957
ellCheck/Parser.hs 0.0000000000 0.0000000000 811.6925486102 382.6437893687
ellCheck/Regex.hs 923.1398157593 823.0361664366 76.8601842407 129.3625409957
ickrun 853.7859007833 952.3987074323 13.0548302872 47.6012925677
icktest 866.8407310705 952.3987074323 39.1644908616 47.6012925677
st/shellcheck.hs 0.0000000000 952.3987074323 46.9973890339 47.6012925677
tup.hs 906.0052219321 952.3987074323 93.9947780679 47.6012925677

ellcheck.hs 46.9973890339 952.6693030153 806.7885117493 47.3306969847
ellCheck/Analytics.hs 0.0000000000 386.9363830472 812.8161888702 565.7329199681
ellCheck/Analyzer.hs 812.8161888702 408.0039010835 26.7405444471 124.7778920789
ellCheck/AST.hs 812.8161888702 0.0000000000 187.1838111298 240.9731778244
ellCheck/ASTLib.hs 812.8161888702 240.9731778244 187.1838111298 167.0307232591
ellCheck/Checker.hs 839.5567333173 408.0039010835 160.4432666827 124.7778920789
ellCheck/Data.hs 812.8161888702 532.7817931624 187.1838111298 62.0588457959
ellCheck/Formatter/CheckStyle.hs 812.8161888702 594.8406389583 107.3361714171 94.4086696682
ellCheck/Formatter/Format.hs 920.1523602873 594.8406389583 79.8476397127 94.4086696682
ellCheck/Formatter/GCC.hs 812.8161888702 689.2493086265 103.2738268303 64.6171226837
ellCheck/Formatter/JSON.hs 812.8161888702 753.8664313102 103.2738268303 69.4035762159
ellCheck/Formatter/TTY.hs 916.0900157004 689.2493086265 83.9099842996 134.0206988996
ellCheck/Interface.hs 812.8161888702 823.2700075261 110.7822555666 129.3992954893
ellCheck/Parser.hs 0.0000000000 0.0000000000 812.8161888702 386.9363830472
ellCheck/Regex.hs 923.5984444368 823.2700075261 76.4015555632 129.3992954893
ickrun 853.7859007833 952.6693030153 13.0548302872 47.3306969847
icktest 866.8407310705 952.6693030153 39.1644908616 47.3306969847
st/shellcheck.hs 0.0000000000 952.6693030153 46.9973890339 47.3306969847
tup.hs 906.0052219321 952.6693030153 93.9947780679 47.3306969847

ack.yaml 782.2966507177 949.0057338051 83.7320574163 50.9942661949
ellcheck.hs 43.0622009569 949.0057338051 739.2344497608 50.9942661949
ellCheck/Analytics.hs 0.0000000000 383.3791325132 813.9863735699 565.6266012919
ellCheck/Analyzer.hs 813.9863735699 407.9347383737 26.5733752043 123.9544462261
ellCheck/AST.hs 813.9863735699 0.0000000000 186.0136264301 242.0062997748
ellCheck/ASTLib.hs 813.9863735699 242.0062997748 186.0136264301 165.9284385989
ellCheck/Checker.hs 840.5597487742 407.9347383737 159.4402512258 123.9544462261
ellCheck/Data.hs 813.9863735699 531.8891845998 186.0136264301 61.6493012976
ellCheck/Formatter/CheckStyle.hs 813.9863735699 593.5384858974 106.6651564145 93.7856392081
ellCheck/Formatter/Format.hs 920.6515299843 593.5384858974 79.3484700157 93.7856392081
ellCheck/Formatter/GCC.hs 813.9863735699 687.3241251055 102.6282076856 64.1906953671
ellCheck/Formatter/JSON.hs 813.9863735699 751.5148204726 102.6282076856 68.9455616906
ellCheck/Formatter/TTY.hs 916.6145812555 687.3241251055 83.3854187445 133.1362570577
ellCheck/Interface.hs 813.9863735699 820.4603821632 110.0896972750 128.5453516419
ellCheck/Parser.hs 0.0000000000 0.0000000000 813.9863735699 383.3791325132
ellCheck/Regex.hs 924.0760708448 820.4603821632 75.9239291552 128.5453516419
ickrun 866.0287081340 949.0057338051 47.8468899522 12.7485665487
icktest 866.0287081340 961.7543003538 47.8468899522 38.2456996462
st/shellcheck.hs 0.0000000000 949.0057338051 43.0622009569 50.9942661949
tup.hs 913.8755980861 949.0057338051 86.1244019139 50.9942661949

ack.yaml 773.3644859813 949.8123827392 81.7757009346 50.1876172608
ellcheck.hs 51.4018691589 949.8123827392 721.9626168224 50.1876172608
ellCheck/Analytics.hs 0.0000000000 465.2320149626 672.7160493827 484.5803677767
ellCheck/Analyzer.hs 672.7160493827 223.9278533429 17.6380572189 239.3340896529
ellCheck/AnalyzerLib.hs 690.3541066016 223.9278533429 309.6458933984 239.3340896529
ellCheck/AST.hs 672.7160493827 0.0000000000 194.7994074074 223.9278533429
ellCheck/ASTLib.hs 867.5154567901 0.0000000000 132.4845432099 223.9278533429
ellCheck/Checker.hs 672.7160493827 463.2619429958 73.4349030471 258.6814561817
ellCheck/Checks/Commands.hs 746.1509524298 463.2619429958 253.8490475702 258.6814561817
ellCheck/Data.hs 672.7160493827 721.9433991775 226.4228589176 48.6811010336
ellCheck/Formatter/CheckStyle.hs 672.7160493827 770.6245002111 93.5793896683 102.7510934776
ellCheck/Formatter/Format.hs 672.7160493827 873.3755936888 93.5793896683 76.4367890504
ellCheck/Formatter/GCC.hs 766.2954390510 770.6245002111 64.0495298167 98.8622800155
ellCheck/Formatter/JSON.hs 830.3449688676 770.6245002111 68.7939394327 98.8622800155
ellCheck/Formatter/TTY.hs 766.2954390510 869.4867802266 132.8434692494 80.3256025126
ellCheck/Interface.hs 899.1389083003 721.9433991775 100.8610916997 134.8612351692
ellCheck/Parser.hs 0.0000000000 0.0000000000 672.7160493827 465.2320149626
ellCheck/Regex.hs 899.1389083003 856.8046343467 100.8610916997 93.0077483925
ickrun 855.1401869159 949.8123827392 11.6822429907 50.1876172608
icktest 866.8224299065 949.8123827392 49.0654205607 50.1876172608
st/shellcheck.hs 0.0000000000 949.8123827392 51.4018691589 50.1876172608
tup.hs 915.8878504673 949.8123827392 84.1121495327 50.1876172608

ack.yaml 773.3644859813 949.9005033361 81.7757009346 50.0994966639
ellcheck.hs 51.4018691589 949.9005033361 721.9626168224 50.0994966639
ellCheck/Analytics.hs 0.0000000000 463.9978849568 673.3210104744 485.9026183793
ellCheck/Analyzer.hs 673.3210104744 223.9486286628 17.6054545253 239.3562943148
ellCheck/AnalyzerLib.hs 690.9264649998 223.9486286628 309.0735350002 239.3562943148
ellCheck/AST.hs 673.3210104744 0.0000000000 194.4393345656 223.9486286628
ellCheck/ASTLib.hs 867.7603450400 0.0000000000 132.2396549600 223.9486286628
ellCheck/Checker.hs 673.3210104744 463.3049229776 73.2991638548 258.7054558312
ellCheck/Checks/Commands.hs 746.6201743292 463.3049229776 253.3798256708 258.7054558312
ellCheck/Data.hs 673.3210104744 722.0103788088 226.0043323762 48.6856175126
ellCheck/Formatter/CheckStyle.hs 673.3210104744 770.6959963215 93.4064148260 102.7606264000
ellCheck/Formatter/Format.hs 673.3210104744 873.4566227214 93.4064148260 76.4438806146
ellCheck/Formatter/GCC.hs 766.7274253004 770.6959963215 63.9311388188 98.8714521460
ellCheck/Formatter/JSON.hs 830.6585641193 770.6959963215 68.6667787313 98.8714521460
ellCheck/Formatter/TTY.hs 766.7274253004 869.5674484674 132.5979175502 80.3330548686
ellCheck/Interface.hs 899.3253428506 722.0103788088 100.6746571494 134.8737471692
ellCheck/Parser.hs 0.0000000000 0.0000000000 673.3210104744 463.9978849568
ellCheck/Regex.hs 899.3253428506 856.8841259780 100.6746571494 93.0163773581
ickrun 855.1401869159 949.9005033361 11.6822429907 50.0994966639
icktest 866.8224299065 949.9005033361 49.0654205607 50.0994966639
st/shellcheck.hs 0.0000000000 949.9005033361 51.4018691589 50.0994966639
tup.hs 915.8878504673 949.9005033361 84.1121495327 50.0994966639

ack.yaml 773.3644859813 950.4686957528 81.7757009346 49.5313042472
ellcheck.hs 51.4018691589 950.4686957528 721.9626168224 49.5313042472
ellCheck/Analytics.hs 0.0000000000 469.3927109177 673.5662973335 481.0759848351
ellCheck/Analyzer.hs 673.5662973335 229.7290991599 17.5922354730 236.8195034550
ellCheck/AnalyzerLib.hs 691.1585328065 229.7290991599 308.8414671935 236.8195034550
ellCheck/AST.hs 673.5662973335 0.0000000000 189.4121484608 229.7290991599
ellCheck/ASTLib.hs 862.9784457943 0.0000000000 137.0215542057 229.7290991599
ellCheck/Checker.hs 673.5662973335 466.5486026150 73.2441271911 255.9635950517
ellCheck/Checks/Commands.hs 746.8104245246 466.5486026150 253.1895754754 255.9635950517
ellCheck/Data.hs 673.5662973335 722.5121976666 226.9298057417 47.9371606714
ellCheck/Formatter/CheckStyle.hs 673.5662973335 770.4493583380 95.1433746453 99.7404437028
ellCheck/Formatter/Format.hs 673.5662973335 870.1898020408 95.1433746453 80.2788937120
ellCheck/Formatter/GCC.hs 768.7096719788 770.4493583380 62.4251515720 100.1083144648
ellCheck/Formatter/JSON.hs 831.1348235508 770.4493583380 69.3612795245 100.1083144648
ellCheck/Formatter/TTY.hs 768.7096719788 870.5576728028 131.7864310965 79.9110229500
ellCheck/Interface.hs 900.4961030752 722.5121976666 99.5038969248 134.9130294796
ellCheck/Parser.hs 0.0000000000 0.0000000000 673.5662973335 469.3927109177
ellCheck/Regex.hs 900.4961030752 857.4252271462 99.5038969248 93.0434686066
ickrun 855.1401869159 950.4686957528 11.6822429907 49.5313042472
icktest 866.8224299065 950.4686957528 49.0654205607 49.5313042472
st/shellcheck.hs 0.0000000000 950.4686957528 51.4018691589 49.5313042472
tup.hs 915.8878504673 950.4686957528 84.1121495327 49.5313042472

ack.yaml 773.3644859813 950.7706464228 81.7757009346 49.2293535772
ellcheck.hs 51.4018691589 950.7706464228 721.9626168224 49.2293535772
ellCheck/Analytics.hs 0.0000000000 471.0333843344 673.9656423905 479.7372620884
ellCheck/Analyzer.hs 673.9656423905 233.5473721454 17.5707138831 235.6641156996
ellCheck/AnalyzerLib.hs 691.5363562737 233.5473721454 308.4636437263 235.6641156996
ellCheck/AST.hs 673.9656423905 0.0000000000 185.1796351377 233.5473721454
ellCheck/ASTLib.hs 859.1452775282 0.0000000000 140.8547224718 233.5473721454
ellCheck/Checker.hs 673.9656423905 469.2114878450 73.1545234525 254.7148076873
ellCheck/Checks/Commands.hs 747.1201658431 469.2114878450 252.8798341569 254.7148076873
ellCheck/Data.hs 673.9656423905 723.9262955323 226.6521895046 47.7032863170
ellCheck/Formatter/CheckStyle.hs 673.9656423905 771.6295818493 95.0269803022 99.2538330745
ellCheck/Formatter/Format.hs 673.9656423905 870.8834149238 95.0269803022 79.8872314990
ellCheck/Formatter/GCC.hs 768.9926226927 771.6295818493 62.3487833064 99.6199090799
ellCheck/Formatter/JSON.hs 831.3414059991 771.6295818493 69.2764258960 99.6199090799
ellCheck/Formatter/TTY.hs 768.9926226927 871.2494909292 131.6252092024 79.5211554936
ellCheck/Interface.hs 900.6178318951 723.9262955323 99.3821681049 134.2548199148
ellCheck/Parser.hs 0.0000000000 0.0000000000 673.9656423905 471.0333843344
ellCheck/Regex.hs 900.6178318951 858.1811154471 99.3821681049 92.5895309757
ickrun 855.1401869159 950.7706464228 11.6822429907 49.2293535772
icktest 866.8224299065 950.7706464228 49.0654205607 49.2293535772
st/shellcheck.hs 0.0000000000 950.7706464228 51.4018691589 49.2293535772
tup.hs 915.8878504673 950.7706464228 84.1121495327 49.2293535772

ack.yaml 773.3644859813 951.2250712251 81.7757009346 48.7749287749
ellcheck.hs 51.4018691589 951.2250712251 721.9626168224 48.7749287749
ellCheck/Analytics.hs 0.0000000000 467.8432967495 674.7334371631 483.3817744755
ellCheck/Analyzer.hs 674.7334371631 233.6895478848 17.1443576312 239.2952941609
ellCheck/AnalyzerLib.hs 691.8777947943 233.6895478848 308.1222052057 239.2952941609
ellCheck/AST.hs 674.7334371631 0.0000000000 184.8216301577 233.6895478848
ellCheck/ASTLib.hs 859.5550673208 0.0000000000 140.4449326792 233.6895478848
ellCheck/Checker.hs 674.7334371631 472.9848420456 72.9822481712 252.9593007088
ellCheck/Checks/Commands.hs 747.7156853342 472.9848420456 252.2843146658 252.9593007088
ellCheck/Data.hs 674.7334371631 725.9441427545 47.5506328253 225.2809284706
ellCheck/Formatter/CheckStyle.hs 722.2840699884 725.9441427545 98.9362146177 94.4520606619
ellCheck/Formatter/Format.hs 821.2202846061 725.9441427545 79.6315873752 94.4520606619
ellCheck/Formatter/GCC.hs 722.2840699884 820.3962034164 99.3011191570 61.9715689620
ellCheck/Formatter/JSON.hs 722.2840699884 882.3677723784 99.3011191570 68.8572988467
ellCheck/Formatter/TTY.hs 821.5851891454 820.3962034164 79.2666828359 130.8288678087
ellCheck/Interface.hs 900.8518719813 725.9441427545 99.1481280187 133.3295290949
ellCheck/Parser.hs 0.0000000000 0.0000000000 674.7334371631 467.8432967495
ellCheck/Regex.hs 900.8518719813 859.2736718493 99.1481280187 91.9513993758
ickrun 855.1401869159 951.2250712251 11.6822429907 48.7749287749
icktest 866.8224299065 951.2250712251 49.0654205607 48.7749287749
st/shellcheck.hs 0.0000000000 951.2250712251 51.4018691589 48.7749287749
tup.hs 915.8878504673 951.2250712251 84.1121495327 48.7749287749

ack.yaml 737.1937639198 949.4824482448 77.9510022272 50.5175517552
ellcheck.hs 48.9977728285 949.4824482448 688.1959910913 50.5175517552
ellCheck/Analytics.hs 0.0000000000 466.4892482508 668.0886360943 482.9931999940
ellCheck/Analyzer.hs 668.0886360943 226.7774929939 16.9727401997 238.6417863493
ellCheck/AnalyzerLib.hs 685.0613762940 226.7774929939 314.9386237060 238.6417863493
ellCheck/AST.hs 668.0886360943 0.0000000000 188.0334931543 226.7774929939
ellCheck/ASTLib.hs 856.1221292487 0.0000000000 143.8778707513 226.7774929939
ellCheck/Checker.hs 668.0886360943 465.4192793431 68.4963579016 266.0991509719
ellCheck/Checks/Commands.hs 736.5849939959 465.4192793431 263.4150060041 266.0991509719
ellCheck/Data.hs 668.0886360943 731.5184303150 48.5220345368 217.9640179298
ellCheck/Formatter/CheckStyle.hs 716.6106706311 731.5184303150 100.9573613931 91.3843474607
ellCheck/Formatter/Format.hs 817.5680320242 731.5184303150 81.2583640481 91.3843474607
ellCheck/Formatter/GCC.hs 716.6106706311 822.9027777757 101.3297204893 59.9587912749
ellCheck/Formatter/JSON.hs 716.6106706311 882.8615690505 101.3297204893 66.6208791943
ellCheck/Formatter/TTY.hs 817.9403911203 822.9027777757 80.8860049520 126.5796704692
ellCheck/Interface.hs 898.8263960723 731.5184303150 101.1736039277 128.9991126523
ellCheck/Parser.hs 0.0000000000 0.0000000000 668.0886360943 466.4892482508
ellCheck/Regex.hs 898.8263960723 860.5175429673 101.1736039277 88.9649052775
ickrun 815.1447661470 949.4824482448 11.1358574610 50.5175517552
icktest 826.2806236080 949.4824482448 46.7706013363 50.5175517552
ravis.yml 873.0512249443 949.4824482448 46.7706013363 50.5175517552
st/shellcheck.hs 0.0000000000 949.4824482448 48.9977728285 50.5175517552
tup.hs 919.8218262806 949.4824482448 80.1781737194 50.5175517552

ack.yaml 737.1937639198 949.6297958268 77.9510022272 50.3702041732
ellcheck.hs 48.9977728285 949.6297958268 688.1959910913 50.3702041732
ellCheck/Analytics.hs 0.0000000000 466.7558048795 668.1630242174 482.8739909473
ellCheck/Analyzer.hs 668.1630242174 228.8712608668 16.9689362616 237.9990659530
ellCheck/AnalyzerLib.hs 685.1319604790 228.8712608668 314.8680395210 237.9990659530
ellCheck/AST.hs 668.1630242174 0.0000000000 187.2403615199 228.8712608668
ellCheck/ASTLib.hs 855.4033857373 0.0000000000 144.5966142627 228.8712608668
ellCheck/Checker.hs 668.1630242174 466.8703268198 68.4810064672 265.3824812118
ellCheck/Checks/Commands.hs 736.6440306846 466.8703268198 263.3559693154 265.3824812118
ellCheck/Data.hs 668.1630242174 732.2528080316 48.5111597567 217.3769877952
ellCheck/Formatter/CheckStyle.hs 716.6741839741 732.2528080316 100.9347347842 91.1382271776
ellCheck/Formatter/Format.hs 817.6089187583 732.2528080316 81.2401523873 91.1382271776
ellCheck/Formatter/GCC.hs 716.6741839741 823.3910352092 101.3070104271 59.7973076610
ellCheck/Formatter/JSON.hs 716.6741839741 883.1883428702 101.3070104271 66.4414529566
ellCheck/Formatter/TTY.hs 817.9811944012 823.3910352092 80.8678767444 126.2387606176
ellCheck/Interface.hs 898.8490711456 732.2528080316 101.1509288544 128.6516866543
ellCheck/Parser.hs 0.0000000000 0.0000000000 668.1630242174 466.7558048795
ellCheck/Regex.hs 898.8490711456 860.9044946859 101.1509288544 88.7253011409
ickrun 815.1447661470 949.6297958268 11.1358574610 50.3702041732
icktest 826.2806236080 949.6297958268 46.7706013363 50.3702041732
ravis.yml 873.0512249443 949.6297958268 46.7706013363 50.3702041732
st/shellcheck.hs 0.0000000000 949.6297958268 48.9977728285 50.3702041732
tup.hs 919.8218262806 949.6297958268 80.1781737194 50.3702041732

ack.yaml 736.7256637168 950.2640845070 77.4336283186 49.7359154930
ellcheck.hs 53.0973451327 950.2640845070 683.6283185841 49.7359154930
ellCheck/Analytics.hs 0.0000000000 498.4552438763 615.6785548865 451.8088406308
ellCheck/Analyzer.hs 615.6785548865 194.6910447318 22.0471233181 219.6000460431
ellCheck/AnalyzerLib.hs 637.7256782046 194.6910447318 362.2743217954 219.6000460431
ellCheck/AST.hs 615.6785548865 0.0000000000 217.5937593657 194.6910447318
ellCheck/ASTLib.hs 833.2723142522 0.0000000000 166.7276857478 194.6910447318
ellCheck/Checker.hs 615.6785548865 414.2910907748 56.9133466319 351.8754323167
ellCheck/Checks/Commands.hs 672.5919015185 414.2910907748 327.4080984815 222.8208324985
ellCheck/Checks/ShellSupport.hs 672.5919015185 637.1119232734 327.4080984815 129.0545998182
ellCheck/Data.hs 615.6785548865 766.1665230915 56.1838504520 184.0975614155
ellCheck/Formatter/CheckStyle.hs 671.8624053386 766.1665230915 88.4596794351 102.0000002437
ellCheck/Formatter/Format.hs 671.8624053386 868.1665233353 88.4596794351 82.0975611718
ellCheck/Formatter/GCC.hs 760.3220847737 766.1665230915 58.0398679082 102.3762048847
ellCheck/Formatter/JSON.hs 818.3619526819 766.1665230915 64.4887421202 102.3762048847
ellCheck/Formatter/TTY.hs 760.3220847737 868.5427279763 122.5286100284 81.7213565308
ellCheck/Interface.hs 882.8506948021 766.1665230915 117.1493051979 108.9556996133
ellCheck/Parser.hs 0.0000000000 0.0000000000 615.6785548865 498.4552438763
ellCheck/Regex.hs 882.8506948021 875.1222227048 117.1493051979 75.1418618022
ickrun 814.1592920354 950.2640845070 11.0619469027 49.7359154930
icktest 825.2212389381 950.2640845070 48.6725663717 49.7359154930
ravis.yml 873.8938053097 950.2640845070 46.4601769912 49.7359154930
st/shellcheck.hs 0.0000000000 950.2640845070 53.0973451327 49.7359154930
tup.hs 920.3539823009 950.2640845070 79.6460176991 49.7359154930

ack.yaml 720.7792207792 950.8876368662 75.7575757576 49.1123631338
ellcheck.hs 51.9480519481 950.8876368662 668.8311688312 49.1123631338
ellCheck/Analytics.hs 0.0000000000 484.2547322195 615.3158188932 466.6329046467
ellCheck/Analyzer.hs 615.3158188932 210.0187747801 22.3365008385 214.1638821771
ellCheck/AnalyzerLib.hs 637.6523197317 210.0187747801 362.3476802683 214.1638821771
ellCheck/AST.hs 615.3158188932 0.0000000000 194.8729075343 210.0187747801
ellCheck/ASTLib.hs 810.1887264276 0.0000000000 189.8112735724 210.0187747801
ellCheck/Checker.hs 615.3158188932 424.1826569572 56.0997764114 344.8729354284
ellCheck/Checks/Commands.hs 671.4155953046 424.1826569572 328.5844046954 220.3175131583
ellCheck/Checks/ShellSupport.hs 671.4155953046 644.5001701154 328.5844046954 124.5554222701
ellCheck/Data.hs 615.3158188932 769.0555923855 63.7242792411 181.8320444807
ellCheck/Formatter/CheckStyle.hs 679.0400981343 769.0555923855 86.5247094283 100.7447814014
ellCheck/Formatter/Format.hs 679.0400981343 869.8003737870 86.5247094283 81.0872630792
ellCheck/Formatter/GCC.hs 765.5648075626 769.0555923855 56.7703018831 101.1163564429
ellCheck/Formatter/JSON.hs 822.3351094457 769.0555923855 63.0781132034 101.1163564429
ellCheck/Formatter/TTY.hs 765.5648075626 870.1719488284 119.8484150865 80.7156880378
ellCheck/Interface.hs 885.4132226490 769.0555923855 114.5867773510 107.6148834681
ellCheck/Parser.hs 0.0000000000 0.0000000000 615.3158188932 484.2547322195
ellCheck/Regex.hs 885.4132226490 876.6704758537 114.5867773510 74.2171610125
ickrun 796.5367965368 950.8876368662 10.8225108225 49.1123631338
icktest 807.3593073593 950.8876368662 47.6190476190 49.1123631338
ravis.yml 854.9783549784 950.8876368662 45.4545454545 49.1123631338
st/shellcheck.hs 0.0000000000 950.8876368662 51.9480519481 49.1123631338
tup.hs 900.4329004329 950.8876368662 77.9220779221 49.1123631338
xtnumber 978.3549783550 950.8876368662 21.6450216450 49.1123631338

ack.yaml 740.4426559356 947.6731943567 70.4225352113 52.3268056433
ellcheck.hs 48.2897384306 947.6731943567 692.1529175050 52.3268056433
ellCheck/Analytics.hs 0.0000000000 479.9836665472 616.5981557605 467.6895278096
ellCheck/Analyzer.hs 616.5981557605 209.5261220789 22.2620425687 212.8214215087
ellCheck/AnalyzerLib.hs 638.8601983292 209.5261220789 361.1398016708 212.8214215087
ellCheck/AST.hs 616.5981557605 0.0000000000 193.4596461759 209.5261220789
ellCheck/ASTLib.hs 810.0578019364 0.0000000000 189.9421980636 209.5261220789
ellCheck/Checker.hs 616.5981557605 422.3475435875 55.6009049017 344.6333987011
ellCheck/Checks/Commands.hs 672.1990606621 422.3475435875 327.8009393379 220.0129339332
ellCheck/Checks/ShellSupport.hs 672.1990606621 642.3604775207 327.8009393379 124.6204647680
ellCheck/Data.hs 616.5981557605 766.9809422887 63.5118556567 180.6922520680
ellCheck/Formatter/CheckStyle.hs 680.1100114172 766.9809422887 86.2362810752 100.1132747944
ellCheck/Formatter/Format.hs 680.1100114172 867.0942170831 86.2362810752 80.5789772736
ellCheck/Formatter/GCC.hs 766.3462924923 766.9809422887 56.5810592403 100.4825206622
ellCheck/Formatter/JSON.hs 822.9273517326 766.9809422887 62.8678436003 100.4825206622
ellCheck/Formatter/TTY.hs 766.3462924923 867.4634629509 119.4489028406 80.2097314058
ellCheck/Interface.hs 885.7951953329 766.9809422887 114.2048046671 106.9403124484
ellCheck/Parser.hs 0.0000000000 0.0000000000 616.5981557605 479.9836665472
ellCheck/Regex.hs 885.7951953329 873.9212547371 114.2048046671 73.7519396196
ickrun 810.8651911469 947.6731943567 10.0603621730 52.3268056433
icktest 820.9255533199 947.6731943567 44.2655935614 52.3268056433
ravis.yml 865.1911468813 947.6731943567 42.2535211268 52.3268056433
st/shellcheck.hs 0.0000000000 947.6731943567 48.2897384306 52.3268056433
tup.hs 907.4446680080 947.6731943567 72.4346076459 52.3268056433
xtnumber 979.8792756539 947.6731943567 20.1207243461 52.3268056433

ack.yaml 740.4426559356 947.8543699507 70.4225352113 52.1456300493
ellcheck.hs 48.2897384306 947.8543699507 692.1529175050 52.1456300493
ellCheck/Analytics.hs 0.0000000000 482.0866200108 617.2238211202 465.7677499399
ellCheck/Analyzer.hs 617.2238211202 211.0606896651 22.2257136124 212.4312136240
ellCheck/AnalyzerLib.hs 639.4495347326 211.0606896651 360.5504652674 212.4312136240
ellCheck/AST.hs 617.2238211202 0.0000000000 191.3880894399 211.0606896651
ellCheck/ASTLib.hs 808.6119105601 0.0000000000 191.3880894399 211.0606896651
ellCheck/Checker.hs 617.2238211202 423.4919032891 55.5101709611 344.0015136750
ellCheck/Checks/Commands.hs 672.7339920813 423.4919032891 327.2660079187 219.6095404169
ellCheck/Checks/ShellSupport.hs 672.7339920813 643.1014437061 327.2660079187 124.3919732581
ellCheck/Data.hs 617.2238211202 767.4934169641 63.4082120029 180.3609529866
ellCheck/Formatter/CheckStyle.hs 680.6320331231 767.4934169641 86.0955539122 99.9297171953
ellCheck/Formatter/Format.hs 680.6320331231 867.4231341594 86.0955539122 80.4312357913
ellCheck/Formatter/GCC.hs 766.7275870353 767.4934169641 56.4887258065 100.2982860511
ellCheck/Formatter/JSON.hs 823.2163128418 767.4934169641 62.7652508961 100.2982860511
ellCheck/Formatter/TTY.hs 766.7275870353 867.7917030152 119.2539767027 80.0626669355
ellCheck/Interface.hs 885.9815637379 767.4934169641 114.0184362621 106.7442374818
ellCheck/Parser.hs 0.0000000000 0.0000000000 617.2238211202 482.0866200108
ellCheck/Regex.hs 885.9815637379 874.2376544460 114.0184362621 73.6167155047
ickrun 810.8651911469 947.8543699507 10.0603621730 52.1456300493
icktest 820.9255533199 947.8543699507 44.2655935614 52.1456300493
ravis.yml 865.1911468813 947.8543699507 42.2535211268 52.1456300493
st/shellcheck.hs 0.0000000000 947.8543699507 48.2897384306 52.1456300493
tup.hs 907.4446680080 947.8543699507 72.4346076459 52.1456300493
xtnumber 979.8792756539 947.8543699507 20.1207243461 52.1456300493

ack.yaml 739.9193548387 947.9702087486 70.5645161290 52.0297912514
ellcheck.hs 48.3870967742 947.9702087486 691.5322580645 52.0297912514
ellCheck/Analytics.hs 0.0000000000 482.3930107232 617.5722031648 465.5771980254
ellCheck/Analyzer.hs 617.5722031648 211.4829371948 22.2917757223 211.7572341302
ellCheck/AnalyzerLib.hs 639.8639788870 211.4829371948 360.1360211130 211.7572341302
ellCheck/AST.hs 617.5722031648 0.0000000000 190.9658907673 211.4829371948
ellCheck/ASTLib.hs 808.5380939320 0.0000000000 191.4619060680 211.4829371948
ellCheck/Checker.hs 617.5722031648 423.2401713249 55.4596486247 344.2426539292
ellCheck/Checks/Commands.hs 673.0318517895 423.2401713249 326.9681482105 219.7634836361
ellCheck/Checks/ShellSupport.hs 673.0318517895 643.0036549610 326.9681482105 124.4791702931
ellCheck/Data.hs 617.5722031648 767.4828252542 63.3505012995 180.4873834944
ellCheck/Formatter/CheckStyle.hs 680.9227044642 767.4828252542 86.0171944249 99.9997665307
ellCheck/Formatter/Format.hs 680.9227044642 867.4825917849 86.0171944249 80.4876169637
ellCheck/Formatter/GCC.hs 766.9398988892 767.4828252542 56.4373128428 100.3685937481
ellCheck/Formatter/JSON.hs 823.3772117320 767.4828252542 62.7081253809 100.3685937481
ellCheck/Formatter/TTY.hs 766.9398988892 867.8514190023 119.1454382237 80.1187897463
ellCheck/Interface.hs 886.0853371129 767.4828252542 113.9146628871 106.8190637008
ellCheck/Parser.hs 0.0000000000 0.0000000000 617.5722031648 482.3930107232
ellCheck/Regex.hs 886.0853371129 874.3018889549 113.9146628871 73.6683197936
ickrun 810.4838709677 947.9702087486 10.0806451613 52.0297912514
icktest 820.5645161290 947.9702087486 44.3548387097 52.0297912514
ravis.yml 864.9193548387 947.9702087486 42.3387096774 52.0297912514
st/shellcheck.hs 0.0000000000 947.9702087486 48.3870967742 52.0297912514
tup.hs 907.2580645161 947.9702087486 72.5806451613 52.0297912514
xtnumber 979.8387096774 947.9702087486 20.1612903226 52.0297912514

ack.yaml 739.9193548387 949.0602855089 70.5645161290 50.9397144911
ellcheck.hs 48.3870967742 949.0602855089 691.5322580645 50.9397144911
ellCheck/Analytics.hs 0.0000000000 478.9293202192 618.6559896115 470.1309652897
ellCheck/Analyzer.hs 618.6559896115 207.9099149866 21.2909186941 217.0665692736
ellCheck/AnalyzerLib.hs 639.9469083057 207.9099149866 360.0530916943 217.0665692736
ellCheck/AST.hs 618.6559896115 0.0000000000 190.6720051942 207.9099149866
ellCheck/ASTLib.hs 809.3279948058 0.0000000000 190.6720051942 207.9099149866
ellCheck/Checker.hs 618.6559896115 424.9764842602 53.9274358125 346.6062960982
ellCheck/Checks/Commands.hs 672.5834254240 424.9764842602 327.4165745760 214.8645364952
ellCheck/Checks/ShellSupport.hs 672.5834254240 639.8410207555 327.4165745760 131.7417596029
ellCheck/Data.hs 618.6559896115 771.5827803584 63.0751094573 177.4775051505
ellCheck/Formatter/CheckStyle.hs 681.7310990688 771.5827803584 85.6432678869 98.3321312320
ellCheck/Formatter/Format.hs 681.7310990688 869.9149115904 85.6432678869 79.1453739185
ellCheck/Formatter/GCC.hs 767.3743669557 771.5827803584 56.1919734180 98.6948077422
ellCheck/Formatter/JSON.hs 823.5663403737 771.5827803584 62.4355260200 98.6948077422
ellCheck/Formatter/TTY.hs 767.3743669557 870.2775881006 118.6274994380 78.7826974083
ellCheck/Interface.hs 886.0018663937 771.5827803584 113.9981336063 105.4054218407
ellCheck/Parser.hs 0.0000000000 0.0000000000 618.6559896115 478.9293202192
ellCheck/Regex.hs 886.0018663937 876.9882021990 113.9981336063 72.0720833098
ickrun 810.4838709677 949.0602855089 10.0806451613 50.9397144911
icktest 820.5645161290 949.0602855089 44.3548387097 50.9397144911
ravis.yml 864.9193548387 949.0602855089 42.3387096774 50.9397144911
st/shellcheck.hs 0.0000000000 949.0602855089 48.3870967742 50.9397144911
tup.hs 907.2580645161 949.0602855089 72.5806451613 50.9397144911
xtnumber 979.8387096774 949.0602855089 20.1612903226 50.9397144911

