new coffee 20
Africa/NorthernAfrica/DZA 0.0000000000 0.0000000000 61.1591345537 188.8545047800
Africa/NorthernAfrica/EGY 0.0000000000 188.8545047800 61.1591345537 20.3683534288
Africa/NorthernAfrica/MAR 0.0000000000 209.2228582088 61.1591345537 60.7368873023
Africa/NorthernAfrica/TUN 0.0000000000 269.9597455111 61.1591345537 22.8544616539
America/NorthernAmerica/CAN 61.1591345537 0.0000000000 122.3117640079 292.8142071649
America/NorthernAmerica/MEX 183.4708985615 0.0000000000 1.0999401198 292.8142071649
America/NorthernAmerica/USA 184.5708386813 0.0000000000 778.1517253965 292.8142071649
America/SouthernAmerica/ARG 962.7225640779 0.0000000000 37.2774359221 227.9760784340
America/SouthernAmerica/CHL 962.7225640779 227.9760784340 37.2774359221 64.8247799849
America/SouthernAmerica/COL 962.7225640779 292.8008584189 37.2774359221 0.0133487461
Asia/EasternAsia/CHN 0.0000000000 292.8142071649 14.4556047704 100.6348280368
Asia/EasternAsia/JPN 14.4556047704 292.8142071649 784.1457428634 100.6348280368
Asia/EasternAsia/KOR 798.6013476339 292.8142071649 123.1567624529 100.6348280368
Asia/SouthEasternAsia/IDN 921.7581100868 292.8142071649 38.2142478460 1.2764640486
Asia/SouthEasternAsia/MYS 921.7581100868 294.0906712135 38.2142478460 67.2039461440
Asia/SouthEasternAsia/PHL 959.9723579328 292.8142071649 0.2022213418 68.4804101926
Asia/SouthEasternAsia/SGP 960.1745792746 292.8142071649 39.8254207254 68.3754610153
Asia/SouthEasternAsia/THA 960.1745792746 361.1896681802 39.8254207254 0.1049491772
Asia/WesternAsia/IND 921.7581100868 361.2946173575 2.7681585262 32.1544178442
Asia/WesternAsia/TUR 924.5262686129 361.2946173575 75.4737313871 32.1544178442
AustraliaandNewZealand/NZL 0.0000000000 393.4490352017 3.1714936186 606.5509647983
Europe/EasternEurope/BGR 3.1714936186 393.4490352017 40.1824899445 9.6522600303
Europe/EasternEurope/CZE 3.1714936186 403.1012952320 40.1824899445 161.1148382186
Europe/EasternEurope/HUN 43.3539835631 393.4490352017 32.6055304180 170.7670982489
Europe/EasternEurope/POL 75.9595139812 393.4490352017 112.6529649304 170.7670982489
Europe/EasternEurope/ROU 188.6124789116 393.4490352017 25.2805067692 59.8938584482
Europe/EasternEurope/RUS 188.6124789116 453.3428936499 25.2805067692 110.8732398006
Europe/EasternEurope/SVK 213.8929856808 393.4490352017 20.5343707521 152.8127648540
Europe/EasternEurope/UKR 213.8929856808 546.2618000557 20.5343707521 17.9543333949
Europe/NorthernEurope/DNK 3.1714936186 564.2161334506 204.7362269909 63.8303212328
Europe/NorthernEurope/EST 207.9077206095 564.2161334506 26.5196358233 63.8303212328
Europe/NorthernEurope/FIN 3.1714936186 628.0464546833 231.2558628142 69.4360180460
Europe/NorthernEurope/GBR 3.1714936186 697.4824727293 231.2558628142 141.2620877138
Europe/NorthernEurope/IRL 3.1714936186 838.7445604431 73.5197442057 15.0129153878
Europe/NorthernEurope/LTU 126.1591558887 838.7445604431 108.2682005441 15.0129153878
Europe/NorthernEurope/LVA 76.6912378243 838.7445604431 49.4679180644 15.0129153878
Europe/NorthernEurope/NOR 3.1714936186 853.7574758310 63.3855165173 146.2425241690
Europe/NorthernEurope/SWE 66.5570101360 853.7574758310 167.8703462969 146.2425241690
Europe/SouthernEurope/ESP 234.4273564328 393.4490352017 224.9962872533 179.3869004125
Europe/SouthernEurope/GRC 234.4273564328 572.8359356142 137.2294691255 50.8993753277
Europe/SouthernEurope/HRV 371.6568255583 572.8359356142 87.7668181278 50.8993753277
Europe/SouthernEurope/ITA 234.4273564328 623.7353109419 224.9962872533 318.8776093737
Europe/SouthernEurope/PRT 234.4273564328 942.6129203157 181.7669673346 57.3870796843
Europe/SouthernEurope/SVN 416.1943237674 942.6129203157 43.2293199187 57.3870796843
Europe/WesternEurope/AUS 459.4236436861 393.4490352017 268.2970978744 58.9650334310
Europe/WesternEurope/CHE 727.7207415605 393.4490352017 272.2792584395 58.9650334310
Europe/WesternEurope/DEU 459.4236436861 452.4140686327 540.5763563139 312.1028944666
Europe/WesternEurope/FRA 459.4236436861 764.5169630993 348.9533771194 235.4830369007
Europe/WesternEurope/NLD 808.3770208055 764.5169630993 191.6229791945 235.4830369007

Africa/NorthernAfrica/DZA 0.0000000000 0.0000000000 41.7328248353 192.6228995377
Africa/NorthernAfrica/EGY 0.0000000000 192.6228995377 41.7328248353 20.7855047591
Africa/NorthernAfrica/MAR 0.0000000000 213.4084042968 41.7328248353 74.3565942724
Africa/NorthernAfrica/TUN 0.0000000000 287.7649985692 41.7328248353 33.6015593619
America/NorthernAmerica/CAN 41.7328248353 0.0000000000 113.5906807569 321.3665579312
America/NorthernAmerica/MEX 155.3235055922 0.0000000000 5.6764349357 321.3665579312
America/NorthernAmerica/USA 160.9999405279 0.0000000000 810.5865998706 321.3665579312
America/SouthernAmerica/ARG 971.5865403985 0.0000000000 28.4134596015 254.8371381911
America/SouthernAmerica/CHL 971.5865403985 254.8371381911 28.4134596015 66.4407529687
America/SouthernAmerica/COL 971.5865403985 321.2778911598 28.4134596015 0.0886667714
Asia/EasternAsia/CHN 0.0000000000 321.3665579312 1.8343733329 98.7360382685
Asia/EasternAsia/JPN 1.8343733329 321.3665579312 756.3604963295 98.7360382685
Asia/EasternAsia/KOR 758.1948696623 321.3665579312 143.6696418567 98.7360382685
Asia/SouthEasternAsia/IDN 901.8645115190 321.3665579312 40.0741598418 23.6675444219
Asia/SouthEasternAsia/MYS 901.8645115190 345.0341023531 40.0741598418 54.2889481552
Asia/SouthEasternAsia/PHL 941.9386713609 321.3665579312 6.0239521945 77.9564925771
Asia/SouthEasternAsia/SGP 947.9626235554 321.3665579312 52.0373764446 77.7988916898
Asia/SouthEasternAsia/THA 947.9626235554 399.1654496210 52.0373764446 0.1576008872
Asia/WesternAsia/IND 901.8645115190 399.3230505083 10.6927286102 20.7795456914
Asia/WesternAsia/TUR 912.5572401292 399.3230505083 87.4427598708 20.7795456914
AustraliaandNewZealand/NZL 0.0000000000 420.1025961996 3.2818634251 579.8974038004
Europe/EasternEurope/BGR 3.2818634251 420.1025961996 41.5773348753 9.5412384434
Europe/EasternEurope/CZE 3.2818634251 429.6438346430 41.5773348753 129.1464129548
Europe/EasternEurope/HUN 44.8591983004 420.1025961996 31.7363865100 138.6876513982
Europe/EasternEurope/POL 76.5955848104 420.1025961996 123.8530249283 138.6876513982
Europe/EasternEurope/ROU 200.4486097387 420.1025961996 20.8291585961 58.4772438200
Europe/EasternEurope/RUS 200.4486097387 478.5798400197 20.8291585961 80.2104075782
Europe/EasternEurope/SVK 221.2777683348 420.1025961996 21.7636191934 121.5886247464
Europe/EasternEurope/UKR 221.2777683348 541.6912209460 21.7636191934 17.0990266518
Europe/NorthernEurope/DNK 3.2818634251 558.7902475978 209.1342651963 60.2650983341
Europe/NorthernEurope/EST 212.4161286213 558.7902475978 30.6252589069 60.2650983341
Europe/NorthernEurope/FIN 3.2818634251 619.0553459320 239.7595241032 75.0725046942
Europe/NorthernEurope/GBR 3.2818634251 694.1278506262 239.7595241032 136.4802688779
Europe/NorthernEurope/IRL 3.2818634251 830.6081195041 71.5317520668 16.3330093933
Europe/NorthernEurope/LTU 135.9644736051 830.6081195041 107.0769139232 16.3330093933
Europe/NorthernEurope/LVA 74.8136154918 830.6081195041 61.1508581132 16.3330093933
Europe/NorthernEurope/NOR 3.2818634251 846.9411288974 64.6336580465 153.0588711026
Europe/NorthernEurope/SWE 67.9155214715 846.9411288974 175.1258660567 153.0588711026
Europe/SouthernEurope/ESP 243.0413875282 420.1025961996 206.3911054610 181.3248548537
Europe/SouthernEurope/GRC 243.0413875282 601.4274510533 118.6099740482 51.7908267637
Europe/SouthernEurope/HRV 361.6513615764 601.4274510533 87.7811314129 51.7908267637
Europe/SouthernEurope/ITA 243.0413875282 653.2182778171 206.3911054610 295.6235421242
Europe/SouthernEurope/PRT 243.0413875282 948.8418199413 167.6433551779 51.1581800587
Europe/SouthernEurope/SVN 410.6847427061 948.8418199413 38.7477502832 51.1581800587
Europe/WesternEurope/AUS 449.4324929893 420.1025961996 312.5877057920 53.7417605857
Europe/WesternEurope/CHE 762.0201987813 420.1025961996 237.9798012187 53.7417605857
Europe/WesternEurope/DEU 449.4324929893 473.8443567853 550.5675070107 320.0835477879
Europe/WesternEurope/FRA 449.4324929893 793.9279045733 367.3151267324 206.0720954267
Europe/WesternEurope/NLD 816.7476197217 793.9279045733 183.2523802783 206.0720954267

Africa/NorthernAfrica/DZA 0.0000000000 0.0000000000 56.1460033361 214.6042309529
Africa/NorthernAfrica/EGY 0.0000000000 214.6042309529 56.1460033361 15.7256699557
Africa/NorthernAfrica/MAR 0.0000000000 230.3299009086 56.1460033361 66.7653483646
Africa/NorthernAfrica/TUN 0.0000000000 297.0952492733 56.1460033361 23.7008684164
America/NorthernAmerica/CAN 56.1460033361 0.0000000000 134.4491979475 320.7961176896
America/NorthernAmerica/MEX 190.5952012836 0.0000000000 4.2955684384 320.7961176896
America/NorthernAmerica/USA 194.8907697221 0.0000000000 778.8360996626 320.7961176896
America/SouthernAmerica/ARG 973.7268693846 0.0000000000 26.2731306154 255.6300899187
America/SouthernAmerica/CHL 973.7268693846 255.6300899187 26.2731306154 65.1018673119
America/SouthernAmerica/COL 973.7268693846 320.7319572306 26.2731306154 0.0641604590
Asia/EasternAsia/CHN 0.0000000000 320.7961176896 8.3956613716 100.2620997067
Asia/EasternAsia/JPN 8.3956613716 320.7961176896 783.7583365329 100.2620997067
Asia/EasternAsia/KOR 792.1539979046 320.7961176896 118.5290102843 100.2620997067
Asia/SouthEasternAsia/IDN 910.6830081889 320.7961176896 28.6328680712 10.9251046464
Asia/SouthEasternAsia/MYS 910.6830081889 331.7212223360 28.6328680712 62.9209226912
Asia/SouthEasternAsia/PHL 939.3158762600 320.7961176896 19.9930294839 73.8460273376
Asia/SouthEasternAsia/SGP 959.3089057440 320.7961176896 40.6910942560 69.6135685711
Asia/SouthEasternAsia/THA 959.3089057440 390.4096862607 40.6910942560 4.2324587665
Asia/WesternAsia/IND 910.6830081889 394.6421450272 9.7203950461 26.4160723692
Asia/WesternAsia/TUR 920.4034032350 394.6421450272 79.5965967650 26.4160723692
AustraliaandNewZealand/NZL 0.0000000000 421.0582173964 3.5534325329 578.9417826036
Europe/EasternEurope/BGR 3.5534325329 421.0582173964 38.9232320819 15.6783715732
Europe/EasternEurope/CZE 3.5534325329 436.7365889696 38.9232320819 130.6222794438
Europe/EasternEurope/HUN 42.4766646148 421.0582173964 35.9884788270 146.3006510170
Europe/EasternEurope/POL 78.4651434418 421.0582173964 119.1564067209 146.3006510170
Europe/EasternEurope/ROU 197.6215501627 421.0582173964 23.6681248928 114.1089036867
Europe/EasternEurope/RUS 197.6215501627 535.1671210830 23.6681248928 32.1917473303
Europe/EasternEurope/SVK 221.2896750554 421.0582173964 25.5690693380 114.1605915702
Europe/EasternEurope/UKR 221.2896750554 535.2188089666 25.5690693380 32.1400594468
Europe/NorthernEurope/DNK 3.5534325329 567.3588684134 212.4869044134 60.7146117634
Europe/NorthernEurope/EST 216.0403369464 567.3588684134 30.8184074471 60.7146117634
Europe/NorthernEurope/FIN 3.5534325329 628.0734801768 243.3053118605 71.5090214087
Europe/NorthernEurope/GBR 3.5534325329 699.5825015855 243.3053118605 146.8431342255
Europe/NorthernEurope/IRL 3.5534325329 846.4256358110 54.6388178595 20.1062511871
Europe/NorthernEurope/LTU 122.0012063802 846.4256358110 124.8575380133 20.1062511871
Europe/NorthernEurope/LVA 58.1922503924 846.4256358110 63.8089559878 20.1062511871
Europe/NorthernEurope/NOR 3.5534325329 866.5318869981 70.7295132882 133.4681130019
Europe/NorthernEurope/SWE 74.2829458211 866.5318869981 172.5757985724 133.4681130019
Europe/SouthernEurope/ESP 246.8587443935 421.0582173964 176.9910034898 217.6997031242
Europe/SouthernEurope/GRC 423.8497478833 421.0582173964 42.1693371122 117.0901909650
Europe/SouthernEurope/HRV 423.8497478833 538.1484083613 42.1693371122 100.6095121592
Europe/SouthernEurope/ITA 246.8587443935 638.7579205205 219.1603406020 309.4033114810
Europe/SouthernEurope/PRT 246.8587443935 948.1612320015 177.8634356923 51.8387679985
Europe/SouthernEurope/SVN 424.7221800858 948.1612320015 41.2969049097 51.8387679985
Europe/WesternEurope/AUS 466.0190849955 421.0582173964 277.2111109660 63.4354065543
Europe/WesternEurope/CHE 743.2301959615 421.0582173964 256.7698040385 63.4354065543
Europe/WesternEurope/DEU 466.0190849955 484.4936239506 533.9809150045 322.9981622504
Europe/WesternEurope/FRA 466.0190849955 807.4917862010 392.4188076640 192.5082137990
Europe/WesternEurope/NLD 858.4378926595 807.4917862010 141.5621073405 192.5082137990

Africa/NorthernAfrica/DZA 0.0000000000 0.0000000000 61.1184953453 228.2168029777
Africa/NorthernAfrica/EGY 0.0000000000 228.2168029777 61.1184953453 18.5827781007
Africa/NorthernAfrica/MAR 0.0000000000 246.7995810785 61.1184953453 63.4965665770
Africa/NorthernAfrica/TUN 0.0000000000 310.2961476555 61.1184953453 23.3716479628
America/NorthernAmerica/CAN 61.1184953453 0.0000000000 130.8886731812 333.6677956183
America/NorthernAmerica/MEX 192.0071685264 0.0000000000 4.1645866170 333.6677956183
America/NorthernAmerica/USA 196.1717551434 0.0000000000 782.4282682465 333.6677956183
America/SouthernAmerica/ARG 978.6000233899 0.0000000000 21.3999766101 261.6006898331
America/SouthernAmerica/CHL 978.6000233899 261.6006898331 21.3999766101 71.9280022131
America/SouthernAmerica/COL 978.6000233899 333.5286920462 21.3999766101 0.1391035721
Asia/EasternAsia/CHN 0.0000000000 333.6677956183 7.4992057198 100.7401255530
Asia/EasternAsia/JPN 7.4992057198 333.6677956183 795.1195301611 100.7401255530
Asia/EasternAsia/KOR 802.6187358809 333.6677956183 115.4167993689 100.7401255530
Asia/SouthEasternAsia/IDN 918.0355352499 333.6677956183 34.0055096290 9.0102665223
Asia/SouthEasternAsia/MYS 918.0355352499 342.6780621406 34.0055096290 69.9867597354
Asia/SouthEasternAsia/PHL 952.0410448788 333.6677956183 9.4764748066 78.9970262577
Asia/SouthEasternAsia/SGP 961.5175196855 333.6677956183 38.4824803145 78.2274216201
Asia/SouthEasternAsia/THA 961.5175196855 411.8952172385 38.4824803145 0.7696046375
Asia/WesternAsia/IND 918.0355352499 412.6648218760 12.6182895621 21.7430992953
Asia/WesternAsia/TUR 930.6538248120 412.6648218760 69.3461751880 21.7430992953
AustraliaandNewZealand/NZL 0.0000000000 434.4079211713 2.9224443452 565.5920788287
Europe/EasternEurope/BGR 2.9224443452 434.4079211713 35.8241459688 27.3565950255
Europe/EasternEurope/CZE 2.9224443452 461.7645161969 35.8241459688 141.1097593902
Europe/EasternEurope/HUN 38.7465903140 434.4079211713 38.1210928048 168.4663544158
Europe/EasternEurope/POL 76.8676831188 434.4079211713 111.0879223132 168.4663544158
Europe/EasternEurope/ROU 187.9556054320 434.4079211713 38.8323769319 136.1901625000
Europe/EasternEurope/RUS 187.9556054320 570.5980836713 38.8323769319 32.2761919158
Europe/EasternEurope/SVK 226.7879823639 434.4079211713 22.2665292612 124.5132064884
Europe/EasternEurope/UKR 226.7879823639 558.9211276597 22.2665292612 43.9531479274
Europe/NorthernEurope/DNK 2.9224443452 602.8742755871 211.7819283941 58.8006639099
Europe/NorthernEurope/EST 214.7043727392 602.8742755871 34.3501388859 58.8006639099
Europe/NorthernEurope/FIN 2.9224443452 661.6749394970 246.1320672800 63.6587210202
Europe/NorthernEurope/GBR 2.9224443452 725.3336605172 246.1320672800 127.9075938876
Europe/NorthernEurope/IRL 2.9224443452 853.2412544048 72.6364508539 25.2140120868
Europe/NorthernEurope/LTU 140.5365877144 853.2412544048 108.5179239108 25.2140120868
Europe/NorthernEurope/LVA 75.5588951991 853.2412544048 64.9776925153 25.2140120868
Europe/NorthernEurope/NOR 2.9224443452 878.4552664915 76.5356671639 121.5447335085
Europe/NorthernEurope/SWE 79.4581115090 878.4552664915 169.5964001161 121.5447335085
Europe/SouthernEurope/ESP 249.0545116251 434.4079211713 181.1696598579 214.9819929825
Europe/SouthernEurope/GRC 430.2241714831 434.4079211713 40.8435306124 114.8320792429
Europe/SouthernEurope/HRV 430.2241714831 549.2400004143 40.8435306124 100.1499137396
Europe/SouthernEurope/ITA 249.0545116251 649.3899141538 222.0131904703 295.6837569659
Europe/SouthernEurope/PRT 249.0545116251 945.0736711197 180.4748833196 54.9263288803
Europe/SouthernEurope/SVN 429.5293949448 945.0736711197 41.5383071507 54.9263288803
Europe/WesternEurope/AUS 471.0677020954 434.4079211713 281.1503193745 63.8760428877
Europe/WesternEurope/CHE 752.2180214699 434.4079211713 247.7819785301 63.8760428877
Europe/WesternEurope/DEU 471.0677020954 498.2839640591 528.9322979046 309.5432544922
Europe/WesternEurope/FRA 471.0677020954 807.8272185513 370.1929473417 192.1727814487
Europe/WesternEurope/NLD 841.2606494371 807.8272185513 158.7393505629 192.1727814487

Africa/NorthernAfrica/DZA 0.0000000000 0.0000000000 55.1464531795 235.0098681266
Africa/NorthernAfrica/EGY 0.0000000000 235.0098681266 55.1464531795 15.3253671457
Africa/NorthernAfrica/MAR 0.0000000000 250.3352352723 55.1464531795 72.5411214239
Africa/NorthernAfrica/TUN 0.0000000000 322.8763566962 55.1464531795 26.0035141282
America/NorthernAmerica/CAN 55.1464531795 0.0000000000 128.1265299931 348.8798708244
America/NorthernAmerica/MEX 183.2729831726 0.0000000000 2.7539526214 348.8798708244
America/NorthernAmerica/USA 186.0269357940 0.0000000000 791.8841423795 348.8798708244
America/SouthernAmerica/ARG 977.9110781734 0.0000000000 22.0889218266 265.2515200016
America/SouthernAmerica/CHL 977.9110781734 265.2515200016 22.0889218266 79.2074728553
America/SouthernAmerica/COL 977.9110781734 344.4589928569 22.0889218266 4.4208779675
Asia/EasternAsia/CHN 0.0000000000 348.8798708244 6.0893131632 106.4295513421
Asia/EasternAsia/JPN 6.0893131632 348.8798708244 797.6300272128 106.4295513421
Asia/EasternAsia/KOR 803.7193403760 348.8798708244 110.8482350313 106.4295513421
Asia/SouthEasternAsia/IDN 914.5675754073 348.8798708244 46.7016178155 25.0253292164
Asia/SouthEasternAsia/MYS 914.5675754073 373.9052000407 46.7016178155 52.6248934812
Asia/SouthEasternAsia/PHL 961.2691932229 348.8798708244 16.7102428935 77.6502226976
Asia/SouthEasternAsia/SGP 977.9794361164 348.8798708244 22.0205638836 75.0220382130
Asia/SouthEasternAsia/THA 977.9794361164 423.9019090373 22.0205638836 2.6281844846
Asia/WesternAsia/IND 914.5675754073 426.5300935220 16.8183449002 28.7793286445
Asia/WesternAsia/TUR 931.3859203075 426.5300935220 68.6140796925 28.7793286445
AustraliaandNewZealand/NZL 0.0000000000 455.3094221665 2.8226370690 544.6905778335
Europe/EasternEurope/BGR 2.8226370690 455.3094221665 34.9424632017 38.3360640116
Europe/EasternEurope/CZE 2.8226370690 493.6454861781 34.9424632017 125.5078619601
Europe/EasternEurope/HUN 37.7651002707 455.3094221665 32.7573361303 163.8439259717
Europe/EasternEurope/POL 70.5224364010 455.3094221665 99.6732891043 163.8439259717
Europe/EasternEurope/ROU 170.1957255052 455.3094221665 54.0703621253 103.9455749037
Europe/EasternEurope/RUS 170.1957255052 559.2549970702 54.0703621253 59.8983510680
Europe/EasternEurope/SVK 224.2660876305 455.3094221665 23.0282147035 114.5073192744
Europe/EasternEurope/UKR 224.2660876305 569.8167414409 23.0282147035 49.3366066972
Europe/NorthernEurope/DNK 2.8226370690 619.1533481382 58.4188126292 208.8135455505
Europe/NorthernEurope/EST 2.8226370690 827.9668936887 58.4188126292 34.0650039552
Europe/NorthernEurope/FIN 61.2414496982 619.1533481382 60.3823501389 242.8785495057
Europe/NorthernEurope/GBR 121.6237998371 619.1533481382 125.6705024969 242.8785495057
Europe/NorthernEurope/IRL 2.8226370690 862.0318976439 60.0069750987 27.6642380181
Europe/NorthernEurope/LTU 140.3984138815 862.0318976439 106.8958884524 27.6642380181
Europe/NorthernEurope/LVA 62.8296121678 862.0318976439 77.5688017138 27.6642380181
Europe/NorthernEurope/NOR 2.8226370690 889.6961356619 72.8541864569 110.3038643381
Europe/NorthernEurope/SWE 75.6768235259 889.6961356619 171.6174788080 110.3038643381
Europe/SouthernEurope/ESP 247.2943023340 455.3094221665 175.5869776730 194.2613460498
Europe/SouthernEurope/GRC 422.8812800070 455.3094221665 48.8054244799 115.1821239984
Europe/SouthernEurope/HRV 422.8812800070 570.4915461649 48.8054244799 79.0792220514
Europe/SouthernEurope/ITA 247.2943023340 649.5707682163 224.3924021529 295.6795745939
Europe/SouthernEurope/PRT 247.2943023340 945.2503428102 183.9247300717 54.7496571898
Europe/SouthernEurope/SVN 431.2190324057 945.2503428102 40.4676720812 54.7496571898
Europe/WesternEurope/AUS 471.6867044869 455.3094221665 236.6167467422 56.3353642549
Europe/WesternEurope/CHE 708.3034512291 455.3094221665 291.6965487709 56.3353642549
Europe/WesternEurope/DEU 471.6867044869 511.6447864214 528.3132955131 293.8699953429
Europe/WesternEurope/FRA 471.6867044869 805.5147817643 343.8508367706 194.4852182357
Europe/WesternEurope/NLD 815.5375412575 805.5147817643 184.4624587425 194.4852182357

Africa/NorthernAfrica/DZA 0.0000000000 0.0000000000 50.3151896583 188.3862230135
Africa/NorthernAfrica/EGY 0.0000000000 188.3862230135 50.3151896583 13.7943450631
Africa/NorthernAfrica/MAR 0.0000000000 202.1805680766 50.3151896583 69.8602908257
Africa/NorthernAfrica/TUN 0.0000000000 272.0408589022 50.3151896583 42.5480865866
America/NorthernAmerica/CAN 50.3151896583 0.0000000000 165.9825287855 314.5889454888
America/NorthernAmerica/MEX 216.2977184438 0.0000000000 6.9806727042 314.5889454888
America/NorthernAmerica/USA 223.2783911481 0.0000000000 752.9559242128 314.5889454888
America/SouthernAmerica/ARG 976.2343153608 0.0000000000 23.7656846392 198.0080275267
America/SouthernAmerica/CHL 976.2343153608 198.0080275267 23.7656846392 91.4865060029
America/SouthernAmerica/COL 976.2343153608 289.4945335296 23.7656846392 25.0944119593
Asia/EasternAsia/CHN 0.0000000000 314.5889454888 10.0452695288 104.4177135096
Asia/EasternAsia/JPN 10.0452695288 314.5889454888 807.1167720540 104.4177135096
Asia/EasternAsia/KOR 817.1620415828 314.5889454888 101.2100619670 104.4177135096
Asia/SouthEasternAsia/IDN 918.3721035498 314.5889454888 43.5801021479 17.0694014005
Asia/SouthEasternAsia/MYS 918.3721035498 331.6583468894 43.5801021479 60.0138718089
Asia/SouthEasternAsia/PHL 961.9522056977 314.5889454888 15.3567033813 77.0832732094
Asia/SouthEasternAsia/SGP 977.3089090791 314.5889454888 22.6910909209 72.2620401044
Asia/SouthEasternAsia/THA 977.3089090791 386.8509855932 22.6910909209 4.8212331051
Asia/WesternAsia/IND 918.3721035498 391.6722186983 10.2564595952 27.3344403001
Asia/WesternAsia/TUR 928.6285631450 391.6722186983 71.3714368550 27.3344403001
AustraliaandNewZealand/NZL 0.0000000000 419.0066589984 3.5941218510 580.9933410016
Europe/EasternEurope/BGR 3.5941218510 419.0066589984 43.5256717825 45.9644908285
Europe/EasternEurope/CZE 47.1197936335 419.0066589984 108.1945259268 45.9644908285
Europe/EasternEurope/HUN 3.5941218510 464.9711498270 151.7201977093 36.1035073250
Europe/EasternEurope/POL 3.5941218510 501.0746571519 151.7201977093 101.2147674910
Europe/EasternEurope/ROU 155.3143195603 419.0066589984 65.6839022752 112.9495394773
Europe/EasternEurope/RUS 155.3143195603 531.9561984758 65.6839022752 70.3332261671
Europe/EasternEurope/SVK 220.9982218355 419.0066589984 27.7664109232 100.1597203044
Europe/EasternEurope/UKR 220.9982218355 519.1663793029 27.7664109232 83.1230453401
Europe/NorthernEurope/DNK 3.5941218510 602.2894246429 203.3643995291 62.3771960702
Europe/NorthernEurope/EST 206.9585213801 602.2894246429 41.8061113786 62.3771960702
Europe/NorthernEurope/FIN 3.5941218510 664.6666207131 245.1705109077 60.2807432913
Europe/NorthernEurope/GBR 3.5941218510 724.9473640045 245.1705109077 125.2181166143
Europe/NorthernEurope/IRL 3.5941218510 850.1654806188 65.8749153335 34.5587374371
Europe/NorthernEurope/LTU 137.0093754719 850.1654806188 111.7552572868 34.5587374371
Europe/NorthernEurope/LVA 69.4690371845 850.1654806188 67.5403382874 34.5587374371
Europe/NorthernEurope/NOR 3.5941218510 884.7242180559 71.4097019071 115.2757819441
Europe/NorthernEurope/SWE 75.0038237581 884.7242180559 173.7608090005 115.2757819441
Europe/SouthernEurope/ESP 248.7646327587 419.0066589984 174.2375608636 203.1986653705
Europe/SouthernEurope/GRC 423.0021936222 419.0066589984 50.2720463820 126.6486595932
Europe/SouthernEurope/HRV 423.0021936222 545.6553185916 50.2720463820 76.5500057773
Europe/SouthernEurope/ITA 248.7646327587 622.2053243689 224.5096072455 318.2388380550
Europe/SouthernEurope/PRT 248.7646327587 940.4441624239 183.6498100246 59.5558375761
Europe/SouthernEurope/SVN 432.4144427833 940.4441624239 40.8597972209 59.5558375761
Europe/WesternEurope/AUS 473.2742400042 419.0066589984 256.6537291636 71.0526866665
Europe/WesternEurope/CHE 729.9279691678 419.0066589984 270.0720308322 71.0526866665
Europe/WesternEurope/DEU 473.2742400042 490.0593456649 526.7257599958 304.3226564314
Europe/WesternEurope/FRA 473.2742400042 794.3820020963 350.4421876012 205.6179979037
Europe/WesternEurope/NLD 823.7164276054 794.3820020963 176.2835723946 205.6179979037

Africa/NorthernAfrica/DZA 0.0000000000 0.0000000000 53.1334692789 205.2601604263
Africa/NorthernAfrica/EGY 0.0000000000 205.2601604263 53.1334692789 18.6842327647
Africa/NorthernAfrica/MAR 0.0000000000 223.9443931910 53.1334692789 71.4702157241
Africa/NorthernAfrica/TUN 0.0000000000 295.4146089150 53.1334692789 31.4924442559
America/NorthernAmerica/CAN 53.1334692789 0.0000000000 151.8493751211 326.9070531709
America/NorthernAmerica/MEX 204.9828444000 0.0000000000 4.4868165535 326.9070531709
America/NorthernAmerica/USA 209.4696609535 0.0000000000 773.3646298204 326.9070531709
America/SouthernAmerica/ARG 982.8342907739 0.0000000000 17.1657092261 180.0377529723
America/SouthernAmerica/CHL 982.8342907739 180.0377529723 17.1657092261 103.8973803068
America/SouthernAmerica/COL 982.8342907739 283.9351332791 17.1657092261 42.9719198918
Asia/EasternAsia/CHN 0.0000000000 326.9070531709 11.7810180993 111.8889966594
Asia/EasternAsia/JPN 11.7810180993 326.9070531709 784.7043287815 111.8889966594
Asia/EasternAsia/KOR 796.4853468808 326.9070531709 99.4936444138 111.8889966594
Asia/SouthEasternAsia/IDN 895.9789912945 326.9070531709 41.3502265316 16.8178120128
Asia/SouthEasternAsia/MYS 895.9789912945 343.7248651838 41.3502265316 72.8751650154
Asia/SouthEasternAsia/PHL 937.3292178261 326.9070531709 28.9520973926 89.6929770282
Asia/SouthEasternAsia/SGP 966.2813152188 326.9070531709 33.7186847812 86.2210994637
Asia/SouthEasternAsia/THA 966.2813152188 413.1281526346 33.7186847812 3.4718775646
Asia/WesternAsia/IND 895.9789912945 416.6000301992 11.7060812653 22.1960196312
Asia/WesternAsia/TUR 907.6850725599 416.6000301992 92.3149274401 22.1960196312
AustraliaandNewZealand/NZL 0.0000000000 438.7960498304 3.6025949438 561.2039501696
Europe/EasternEurope/BGR 3.6025949438 438.7960498304 45.9719445884 42.5566567816
Europe/EasternEurope/CZE 49.5745395322 438.7960498304 107.5724122166 42.5566567816
Europe/EasternEurope/HUN 3.6025949438 481.3527066120 153.5443568049 30.7749351782
Europe/EasternEurope/POL 3.6025949438 512.1276417901 153.5443568049 98.2570785556
Europe/EasternEurope/ROU 157.1469517488 438.7960498304 69.0469860941 93.8157155033
Europe/EasternEurope/RUS 157.1469517488 532.6117653336 69.0469860941 77.7729550122
Europe/EasternEurope/SVK 226.1939378429 438.7960498304 26.1096173328 93.7371093600
Europe/EasternEurope/UKR 226.1939378429 532.5331591903 26.1096173328 77.8515611555
Europe/NorthernEurope/DNK 3.6025949438 610.3847203458 61.5814117373 186.5605455768
Europe/NorthernEurope/EST 3.6025949438 796.9452659226 61.5814117373 48.8290292675
Europe/NorthernEurope/FIN 65.1840066812 610.3847203458 53.3971977217 235.3895748443
Europe/NorthernEurope/GBR 118.5812044029 610.3847203458 133.7223507728 235.3895748443
Europe/NorthernEurope/IRL 3.6025949438 845.7742951901 67.4220128760 36.3052469024
Europe/NorthernEurope/LTU 143.6901457510 845.7742951901 108.6134094246 36.3052469024
Europe/NorthernEurope/LVA 71.0246078199 845.7742951901 72.6655379312 36.3052469024
Europe/NorthernEurope/NOR 3.6025949438 882.0795420924 69.9381217187 117.9204579076
Europe/NorthernEurope/SWE 73.5407166625 882.0795420924 178.7628385132 117.9204579076
Europe/SouthernEurope/ESP 252.3035551757 438.7960498304 161.2836646455 208.5181191112
Europe/SouthernEurope/GRC 413.5872198212 438.7960498304 49.8022818137 132.1335244277
Europe/SouthernEurope/HRV 413.5872198212 570.9295742581 49.8022818137 76.3845946835
Europe/SouthernEurope/ITA 252.3035551757 647.3141689416 211.0859464592 297.7064494899
Europe/SouthernEurope/PRT 252.3035551757 945.0206184315 168.9331149984 54.9793815685
Europe/SouthernEurope/SVN 421.2366701741 945.0206184315 42.1528314608 54.9793815685
Europe/WesternEurope/AUS 463.3895016349 438.7960498304 248.9256789606 65.8221513045
Europe/WesternEurope/CHE 712.3151805955 438.7960498304 287.6848194045 65.8221513045
Europe/WesternEurope/DEU 463.3895016349 504.6182011349 536.6104983651 292.1990835603
Europe/WesternEurope/FRA 463.3895016349 796.8172846952 366.6022913029 203.1827153048
Europe/WesternEurope/NLD 829.9917929378 796.8172846952 170.0082070622 203.1827153048

Africa/NorthernAfrica/DZA 0.0000000000 0.0000000000 56.5837831920 231.7491326260
Africa/NorthernAfrica/EGY 0.0000000000 231.7491326260 56.5837831920 15.2090584923
Africa/NorthernAfrica/MAR 0.0000000000 246.9581911183 56.5837831920 67.3223916271
Africa/NorthernAfrica/TUN 0.0000000000 314.2805827453 56.5837831920 10.8152010644
America/NorthernAmerica/CAN 56.5837831920 0.0000000000 143.1654201166 325.0957838098
America/NorthernAmerica/MEX 199.7492033086 0.0000000000 6.3264953291 325.0957838098
America/NorthernAmerica/USA 206.0756986377 0.0000000000 775.1113797705 325.0957838098
America/SouthernAmerica/ARG 981.1870784082 0.0000000000 18.8129215918 200.6847957772
America/SouthernAmerica/CHL 981.1870784082 200.6847957772 18.8129215918 105.9949566048
America/SouthernAmerica/COL 981.1870784082 306.6797523820 18.8129215918 18.4160314278
Asia/EasternAsia/CHN 0.0000000000 325.0957838098 19.2871022488 102.3319711553
Asia/EasternAsia/JPN 19.2871022488 325.0957838098 754.5302882813 102.3319711553
Asia/EasternAsia/KOR 773.8173905301 325.0957838098 102.7206233214 102.3319711553
Asia/SouthEasternAsia/IDN 876.5380138515 325.0957838098 24.2833821400 32.4582738802
Asia/SouthEasternAsia/MYS 900.8213959915 325.0957838098 74.8037794876 32.4582738802
Asia/SouthEasternAsia/PHL 876.5380138515 357.5540576900 99.0871616276 29.0437949072
Asia/SouthEasternAsia/SGP 876.5380138515 386.5978525972 95.0133114613 40.8299023679
Asia/SouthEasternAsia/THA 971.5513253128 386.5978525972 4.0738501663 40.8299023679
Asia/WesternAsia/IND 975.6251754791 325.0957838098 24.3748245209 28.6650753707
Asia/WesternAsia/TUR 975.6251754791 353.7608591804 24.3748245209 73.6668957847
AustraliaandNewZealand/NZL 0.0000000000 427.4277549651 3.5636812744 572.5722450349
Europe/EasternEurope/BGR 3.5636812744 427.4277549651 52.3539784215 46.3256224335
Europe/EasternEurope/CZE 55.9176596959 427.4277549651 106.7091157257 46.3256224335
Europe/EasternEurope/HUN 3.5636812744 473.7533773986 159.0630941471 31.8839542945
Europe/EasternEurope/POL 3.5636812744 505.6373316931 159.0630941471 109.0508422257
Europe/EasternEurope/ROU 162.6267754215 427.4277549651 67.2648269280 105.2150196948
Europe/EasternEurope/RUS 162.6267754215 532.6427746599 67.2648269280 82.0453992590
Europe/EasternEurope/SVK 229.8916023495 427.4277549651 25.4291309447 99.4615557822
Europe/EasternEurope/UKR 229.8916023495 526.8893107473 25.4291309447 87.7988631715
Europe/NorthernEurope/DNK 3.5636812744 614.6881739188 59.7345220814 170.8777434709
Europe/NorthernEurope/EST 3.5636812744 785.5659173897 59.7345220814 64.1598468782
Europe/NorthernEurope/FIN 63.2982033558 614.6881739188 51.6631686205 235.0375903491
Europe/NorthernEurope/GBR 114.9613719764 614.6881739188 140.3593613179 235.0375903491
Europe/NorthernEurope/IRL 3.5636812744 849.7257642679 80.1470211350 37.7110860871
Europe/NorthernEurope/LTU 151.9456667991 849.7257642679 103.3750664951 37.7110860871
Europe/NorthernEurope/LVA 83.7107024094 849.7257642679 68.2349643897 37.7110860871
Europe/NorthernEurope/NOR 3.5636812744 887.4368503551 67.7829773249 112.5631496449
Europe/NorthernEurope/SWE 71.3466585993 887.4368503551 183.9740746950 112.5631496449
Europe/SouthernEurope/ESP 255.3207332943 427.4277549651 213.8773983160 172.3546846912
Europe/SouthernEurope/GRC 255.3207332943 599.7824396563 141.5757702874 50.4927009241
Europe/SouthernEurope/HRV 396.8965035817 599.7824396563 72.3016280286 50.4927009241
Europe/SouthernEurope/ITA 255.3207332943 650.2751405803 213.8773983160 296.9829991604
Europe/SouthernEurope/PRT 255.3207332943 947.2581397408 178.0617116780 52.7418602592
Europe/SouthernEurope/SVN 433.3824449723 947.2581397408 35.8156866380 52.7418602592
Europe/WesternEurope/AUS 469.1981316103 427.4277549651 247.4518768682 70.5970588622
Europe/WesternEurope/CHE 716.6500084784 427.4277549651 283.3499915216 70.5970588622
Europe/WesternEurope/DEU 469.1981316103 498.0248138273 530.8018683897 283.3492402433
Europe/WesternEurope/FRA 469.1981316103 781.3740540706 344.1308487207 218.6259459294
Europe/WesternEurope/NLD 813.3289803310 781.3740540706 186.6710196690 218.6259459294

Africa/NorthernAfrica/DZA 0.0000000000 0.0000000000 58.1101815611 223.6029806026
Africa/NorthernAfrica/EGY 0.0000000000 223.6029806026 58.1101815611 15.6728193682
Africa/NorthernAfrica/MAR 0.0000000000 239.2757999708 58.1101815611 58.3041189811
Africa/NorthernAfrica/TUN 0.0000000000 297.5799189519 58.1101815611 27.6713390993
America/NorthernAmerica/CAN 58.1101815611 0.0000000000 142.0821363034 325.2512580512
America/NorthernAmerica/MEX 200.1923178645 0.0000000000 4.8540623607 325.2512580512
America/NorthernAmerica/USA 205.0463802253 0.0000000000 773.8662682577 325.2512580512
America/SouthernAmerica/ARG 978.9126484830 0.0000000000 21.0873515170 201.3899444810
America/SouthernAmerica/CHL 978.9126484830 201.3899444810 21.0873515170 94.9492030044
America/SouthernAmerica/COL 978.9126484830 296.3391474854 21.0873515170 28.9121105657
Asia/EasternAsia/CHN 0.0000000000 325.2512580512 18.1540025996 102.4450524083
Asia/EasternAsia/JPN 18.1540025996 325.2512580512 757.1590978337 102.4450524083
Asia/EasternAsia/KOR 775.3131004332 325.2512580512 108.0000260935 102.4450524083
Asia/SouthEasternAsia/IDN 883.3131265267 325.2512580512 20.0608767660 39.4194972220
Asia/SouthEasternAsia/MYS 903.3740032927 325.2512580512 65.9730798983 39.4194972220
Asia/SouthEasternAsia/PHL 883.3131265267 364.6707552731 86.0339566643 12.8698868572
Asia/SouthEasternAsia/SGP 883.3131265267 377.5406421303 83.2121918198 50.1556683292
Asia/SouthEasternAsia/THA 966.5253183465 377.5406421303 2.8217648445 50.1556683292
Asia/WesternAsia/IND 969.3470831910 325.2512580512 30.6529168090 33.7323280528
Asia/WesternAsia/TUR 969.3470831910 358.9835861040 30.6529168090 68.7127243555
AustraliaandNewZealand/NZL 0.0000000000 427.6963104595 3.3828497473 572.3036895405
Europe/EasternEurope/BGR 3.3828497473 427.6963104595 51.0526789574 47.2648488212
Europe/EasternEurope/CZE 54.4355287047 427.6963104595 113.5646269375 47.2648488212
Europe/EasternEurope/HUN 3.3828497473 474.9611592807 164.6173058949 29.5123214148
Europe/EasternEurope/POL 3.3828497473 504.4734806955 164.6173058949 101.1465082738
Europe/EasternEurope/ROU 168.0001556422 427.6963104595 72.7495024742 105.5201145052
Europe/EasternEurope/RUS 168.0001556422 533.2164249647 72.7495024742 72.4035640047
Europe/EasternEurope/SVK 240.7496581164 427.6963104595 25.4643698713 92.1884456618
Europe/EasternEurope/UKR 240.7496581164 519.8847561213 25.4643698713 85.7352328480
Europe/NorthernEurope/DNK 3.3828497473 605.6199889693 57.1584922638 191.9851237170
Europe/NorthernEurope/EST 3.3828497473 797.6051126863 57.1584922638 57.1663409449
Europe/NorthernEurope/FIN 60.5413420111 605.6199889693 50.7756116590 249.1514646619
Europe/NorthernEurope/GBR 111.3169536701 605.6199889693 154.8970743176 249.1514646619
Europe/NorthernEurope/IRL 3.3828497473 854.7714536312 79.2845078921 34.3817848113
Europe/NorthernEurope/LTU 152.7889454852 854.7714536312 113.4250825025 34.3817848113
Europe/NorthernEurope/LVA 82.6673576394 854.7714536312 70.1215878458 34.3817848113
Europe/NorthernEurope/NOR 3.3828497473 889.1532384425 71.8642985307 110.8467615575
Europe/NorthernEurope/SWE 75.2471482780 889.1532384425 190.9668797097 110.8467615575
Europe/SouthernEurope/ESP 266.2140279877 427.6963104595 208.5852475612 167.6784973512
Europe/SouthernEurope/GRC 266.2140279877 595.3748078107 141.8117461802 56.4716282261
Europe/SouthernEurope/HRV 408.0257741679 595.3748078107 66.7735013810 56.4716282261
Europe/SouthernEurope/ITA 266.2140279877 651.8464360369 208.5852475612 294.5802067318
Europe/SouthernEurope/PRT 266.2140279877 946.4266427686 169.7579078512 53.5733572314
Europe/SouthernEurope/SVN 435.9719358389 946.4266427686 38.8273397100 53.5733572314
Europe/WesternEurope/AUS 474.7992755489 427.6963104595 255.3984301267 66.5032535649
Europe/WesternEurope/CHE 730.1977056755 427.6963104595 269.8022943245 66.5032535649
Europe/WesternEurope/DEU 474.7992755489 494.1995640244 525.2007244511 299.0548498266
Europe/WesternEurope/FRA 474.7992755489 793.2544138510 339.1026832365 206.7455861490
Europe/WesternEurope/NLD 813.9019587853 793.2544138510 186.0980412147 206.7455861490

Africa/NorthernAfrica/DZA 0.0000000000 0.0000000000 48.9698839515 222.1046520201
Africa/NorthernAfrica/EGY 0.0000000000 222.1046520201 48.9698839515 16.1306734167
Africa/NorthernAfrica/MAR 0.0000000000 238.2353254368 48.9698839515 60.8900262740
Africa/NorthernAfrica/TUN 0.0000000000 299.1253517107 48.9698839515 19.7869446173
America/NorthernAmerica/CAN 48.9698839515 0.0000000000 147.1666467339 318.9122963280
America/NorthernAmerica/MEX 196.1365306855 0.0000000000 1.8242097793 318.9122963280
America/NorthernAmerica/USA 197.9607404647 0.0000000000 775.7255444853 318.9122963280
America/SouthernAmerica/ARG 973.6862849500 0.0000000000 26.3137150500 158.2715111584
America/SouthernAmerica/CHL 973.6862849500 158.2715111584 26.3137150500 79.3822382723
America/SouthernAmerica/COL 973.6862849500 237.6537494307 26.3137150500 81.2585468973
Asia/EasternAsia/CHN 0.0000000000 318.9122963280 17.5044423712 110.9517550753
Asia/EasternAsia/JPN 17.5044423712 318.9122963280 736.5192314709 110.9517550753
Asia/EasternAsia/KOR 754.0236738421 318.9122963280 108.2860642365 110.9517550753
Asia/SouthEasternAsia/IDN 862.3097380786 318.9122963280 15.9189349539 33.3908094269
Asia/SouthEasternAsia/MYS 878.2286730326 318.9122963280 72.9574829770 33.3908094269
Asia/SouthEasternAsia/PHL 862.3097380786 352.3031057549 88.8764179309 27.5409239091
Asia/SouthEasternAsia/SGP 862.3097380786 379.8440296640 86.0332578835 50.0200217393
Asia/SouthEasternAsia/THA 948.3429959621 379.8440296640 2.8431600474 50.0200217393
Asia/WesternAsia/IND 951.1861560095 318.9122963280 48.8138439905 70.7367260106
Asia/WesternAsia/TUR 951.1861560095 389.6490223386 48.8138439905 40.2150290648
AustraliaandNewZealand/NZL 0.0000000000 429.8640514034 3.4689663526 570.1359485966
Europe/EasternEurope/BGR 3.4689663526 429.8640514034 47.0595855735 51.8809348658
Europe/EasternEurope/CZE 50.5285519262 429.8640514034 112.6540284573 51.8809348658
Europe/EasternEurope/HUN 3.4689663526 481.7449862692 159.7136140308 28.9668995906
Europe/EasternEurope/POL 3.4689663526 510.7118858598 159.7136140308 99.7836928561
Europe/EasternEurope/ROU 163.1825803835 429.8640514034 74.5846835057 99.3167456738
Europe/EasternEurope/RUS 163.1825803835 529.1807970772 74.5846835057 81.3147816387
Europe/EasternEurope/SVK 237.7672638892 429.8640514034 26.3545458253 77.1430472646
Europe/EasternEurope/UKR 237.7672638892 507.0070986679 26.3545458253 103.4884800480
Europe/NorthernEurope/DNK 3.4689663526 610.4955787159 61.9856728794 173.6562092642
Europe/NorthernEurope/EST 3.4689663526 784.1517879801 61.9856728794 58.4461863085
Europe/NorthernEurope/FIN 65.4546392320 610.4955787159 57.8496787237 232.1023955727
Europe/NorthernEurope/GBR 123.3043179557 610.4955787159 140.8174917588 232.1023955727
Europe/NorthernEurope/IRL 3.4689663526 842.5979742886 77.3689793102 31.3373808176
Europe/NorthernEurope/LTU 148.9751644228 842.5979742886 115.1466452917 31.3373808176
Europe/NorthernEurope/LVA 80.8379456628 842.5979742886 68.1372187599 31.3373808176
Europe/NorthernEurope/NOR 3.4689663526 873.9353551062 71.8774912222 126.0646448938
Europe/NorthernEurope/SWE 75.3464575748 873.9353551062 188.7753521397 126.0646448938
Europe/SouthernEurope/ESP 264.1218097145 429.8640514034 209.2054330799 170.7070787822
Europe/SouthernEurope/GRC 264.1218097145 600.5711301856 142.1243145059 51.1865804041
Europe/SouthernEurope/HRV 406.2461242204 600.5711301856 67.0811185740 51.1865804041
Europe/SouthernEurope/ITA 264.1218097145 651.7577105897 209.2054330799 299.7826527824
Europe/SouthernEurope/PRT 264.1218097145 951.5403633720 171.0552558439 48.4596366280
Europe/SouthernEurope/SVN 435.1770655584 951.5403633720 38.1501772361 48.4596366280
Europe/WesternEurope/AUS 473.3272427945 429.8640514034 227.2038855387 69.8632133620
Europe/WesternEurope/CHE 700.5311283331 429.8640514034 299.4688716669 69.8632133620
Europe/WesternEurope/DEU 473.3272427945 499.7272647654 526.6727572055 312.1429668722
Europe/WesternEurope/FRA 473.3272427945 811.8702316376 347.0618680233 188.1297683624
Europe/WesternEurope/NLD 820.3891108178 811.8702316376 179.6108891822 188.1297683624

Africa/NorthernAfrica/DZA 0.0000000000 0.0000000000 54.6354738845 209.0815826577
Africa/NorthernAfrica/EGY 0.0000000000 209.0815826577 54.6354738845 13.8573353514
Africa/NorthernAfrica/MAR 0.0000000000 222.9389180091 54.6354738845 65.6093526555
Africa/NorthernAfrica/TUN 0.0000000000 288.5482706646 54.6354738845 22.6255688901
America/NorthernAmerica/CAN 54.6354738845 0.0000000000 149.7694422532 311.1738395546
America/NorthernAmerica/MEX 204.4049161377 0.0000000000 2.6534402228 311.1738395546
America/NorthernAmerica/USA 207.0583563605 0.0000000000 767.3485419929 311.1738395546
America/SouthernAmerica/ARG 974.4068983533 0.0000000000 25.5931016467 151.9050724923
America/SouthernAmerica/CHL 974.4068983533 151.9050724923 25.5931016467 79.6539415052
America/SouthernAmerica/COL 974.4068983533 231.5590139975 25.5931016467 79.6148255571
Asia/EasternAsia/CHN 0.0000000000 311.1738395546 25.5655990444 104.1128868386
Asia/EasternAsia/JPN 25.5655990444 311.1738395546 727.6263042518 104.1128868386
Asia/EasternAsia/KOR 753.1919032962 311.1738395546 115.8934318240 104.1128868386
Asia/SouthEasternAsia/IDN 869.0853351202 311.1738395546 16.5772980748 52.5986301452
Asia/SouthEasternAsia/MYS 885.6626331950 311.1738395546 80.4356168120 52.5986301452
Asia/SouthEasternAsia/PHL 869.0853351202 363.7724696998 97.0129148867 9.8963365587
Asia/SouthEasternAsia/SGP 869.0853351202 373.6688062586 93.3189379609 41.6179201346
Asia/SouthEasternAsia/THA 962.4042730811 373.6688062586 3.6939769258 41.6179201346
Asia/WesternAsia/IND 966.0982500069 311.1738395546 33.9017499931 46.1655145179
Asia/WesternAsia/TUR 966.0982500069 357.3393540725 33.9017499931 57.9473723207
AustraliaandNewZealand/NZL 0.0000000000 415.2867263932 3.3432369597 584.7132736068
Europe/EasternEurope/BGR 3.3432369597 415.2867263932 38.7212204680 63.9440117395
Europe/EasternEurope/CZE 42.0644574278 415.2867263932 104.3309846755 63.9440117395
Europe/EasternEurope/HUN 3.3432369597 479.2307381327 143.0522051435 33.4145069037
Europe/EasternEurope/POL 3.3432369597 512.6452450364 143.0522051435 106.9823206037
Europe/EasternEurope/ROU 146.3954421032 415.2867263932 79.9840191178 92.4543205606
Europe/EasternEurope/RUS 146.3954421032 507.7410469538 79.9840191178 111.8865186864
Europe/EasternEurope/SVK 226.3794612210 415.2867263932 28.1100218566 107.9970733436
Europe/EasternEurope/UKR 226.3794612210 523.2837997368 28.1100218566 96.3437659033
Europe/NorthernEurope/DNK 3.3432369597 619.6275656401 56.2391008243 173.0962299645
Europe/NorthernEurope/EST 3.3432369597 792.7237956046 56.2391008243 56.1298638367
Europe/NorthernEurope/FIN 59.5823377841 619.6275656401 55.1168481333 229.2260938012
Europe/NorthernEurope/GBR 114.6991859174 619.6275656401 139.7902971603 229.2260938012
Europe/NorthernEurope/IRL 3.3432369597 848.8536594413 67.6938965581 33.2296780651
Europe/NorthernEurope/LTU 144.0756966783 848.8536594413 110.4137863994 33.2296780651
Europe/NorthernEurope/LVA 71.0371335178 848.8536594413 73.0385631605 33.2296780651
Europe/NorthernEurope/NOR 3.3432369597 882.0833375064 65.7837985849 117.9166624936
Europe/NorthernEurope/SWE 69.1270355447 882.0833375064 185.3624475330 117.9166624936
Europe/SouthernEurope/ESP 254.4894830777 415.2867263932 207.7204721408 173.6353697214
Europe/SouthernEurope/GRC 254.4894830777 588.9220961146 135.1753821807 49.1462957023
Europe/SouthernEurope/HRV 389.6648652583 588.9220961146 72.5450899602 49.1462957023
Europe/SouthernEurope/ITA 254.4894830777 638.0683918170 207.7204721408 311.4394762393
Europe/SouthernEurope/PRT 254.4894830777 949.5078680562 171.5385966788 50.4921319438
Europe/SouthernEurope/SVN 426.0280797564 949.5078680562 36.1818754621 50.4921319438
Europe/WesternEurope/AUS 462.2099552185 415.2867263932 267.3708587825 69.3704294867
Europe/WesternEurope/CHE 729.5808140010 415.2867263932 270.4191859990 69.3704294867
Europe/WesternEurope/DEU 462.2099552185 484.6571558800 537.7900447815 323.4434582159
Europe/WesternEurope/FRA 462.2099552185 808.1006140958 355.2280151134 191.8993859042
Europe/WesternEurope/NLD 817.4379703319 808.1006140958 182.5620296681 191.8993859042

Africa/NorthernAfrica/DZA 0.0000000000 0.0000000000 68.8476899217 200.9299353926
Africa/NorthernAfrica/EGY 0.0000000000 200.9299353926 68.8476899217 12.5322012928
Africa/NorthernAfrica/MAR 0.0000000000 213.4621366854 68.8476899217 61.6144372921
Africa/NorthernAfrica/TUN 0.0000000000 275.0765739775 68.8476899217 22.1163892385
America/NorthernAmerica/CAN 68.8476899217 0.0000000000 142.1924333053 297.1929632160
America/NorthernAmerica/MEX 211.0401232270 0.0000000000 2.7780189388 297.1929632160
America/NorthernAmerica/USA 213.8181421658 0.0000000000 761.0487097898 297.1929632160
America/SouthernAmerica/ARG 974.8668519555 0.0000000000 25.1331480445 177.2563963149
America/SouthernAmerica/CHL 974.8668519555 177.2563963149 25.1331480445 88.1259583524
America/SouthernAmerica/COL 974.8668519555 265.3823546673 25.1331480445 31.8106085487
Asia/EasternAsia/CHN 0.0000000000 297.1929632160 28.9626370145 103.3608280962
Asia/EasternAsia/JPN 28.9626370145 297.1929632160 639.7441102792 103.3608280962
Asia/EasternAsia/KOR 668.7067472937 297.1929632160 122.3144609776 103.3608280962
Asia/SouthEasternAsia/IDN 791.0212082713 297.1929632160 100.1002268251 48.5008688132
Asia/SouthEasternAsia/MYS 791.0212082713 345.6938320292 100.1002268251 54.8599592830
Asia/SouthEasternAsia/PHL 891.1214350964 297.1929632160 23.8639659753 103.3608280962
Asia/SouthEasternAsia/SGP 914.9854010717 297.1929632160 38.9686289625 98.7003635452
Asia/SouthEasternAsia/THA 914.9854010717 395.8933267612 38.9686289625 4.6604645511
Asia/WesternAsia/IND 953.9540300342 297.1929632160 46.0459699658 44.9698996387
Asia/WesternAsia/TUR 953.9540300342 342.1628628547 46.0459699658 58.3909284575
AustraliaandNewZealand/NZL 0.0000000000 400.5537913123 3.3617075351 599.4462086877
Europe/EasternEurope/BGR 3.3617075351 400.5537913123 34.4976220369 78.7186078550
Europe/EasternEurope/CZE 37.8593295720 400.5537913123 94.8644317899 78.7186078550
Europe/EasternEurope/HUN 3.3617075351 479.2723991673 129.3620538268 37.9914051205
Europe/EasternEurope/POL 3.3617075351 517.2638042878 129.3620538268 100.6844828477
Europe/EasternEurope/ROU 132.7237613619 400.5537913123 81.0545420091 86.7349977938
Europe/EasternEurope/RUS 132.7237613619 487.2887891061 81.0545420091 130.6594980294
Europe/EasternEurope/SVK 213.7783033710 400.5537913123 38.0685724767 135.7879888918
Europe/EasternEurope/UKR 213.7783033710 536.3417802041 38.0685724767 81.6065069314
Europe/NorthernEurope/DNK 3.3617075351 617.9482871355 55.2158714867 169.7495867229
Europe/NorthernEurope/EST 3.3617075351 787.6978738584 55.2158714867 63.4973562842
Europe/NorthernEurope/FIN 58.5775790218 617.9482871355 50.8669715635 233.2469430070
Europe/NorthernEurope/GBR 109.4445505853 617.9482871355 142.4023252623 233.2469430070
Europe/NorthernEurope/IRL 3.3617075351 851.1952301425 64.3876217867 33.2133053654
Europe/NorthernEurope/LTU 138.8782213293 851.1952301425 112.9686545183 33.2133053654
Europe/NorthernEurope/LVA 67.7493293219 851.1952301425 71.1288920075 33.2133053654
Europe/NorthernEurope/NOR 3.3617075351 884.4085355079 67.3801337064 115.5914644921
Europe/NorthernEurope/SWE 70.7418412416 884.4085355079 181.1050346061 115.5914644921
Europe/SouthernEurope/ESP 251.8468758476 400.5537913123 215.3555816143 177.7549325496
Europe/SouthernEurope/GRC 251.8468758476 578.3087238618 145.4664105304 53.3132630175
Europe/SouthernEurope/HRV 397.3132863781 578.3087238618 69.8891710839 53.3132630175
Europe/SouthernEurope/ITA 251.8468758476 631.6219868793 215.3555816143 314.5926462626
Europe/SouthernEurope/PRT 251.8468758476 946.2146331419 177.2170385119 53.7853668581
Europe/SouthernEurope/SVN 429.0639143596 946.2146331419 38.1385431024 53.7853668581
Europe/WesternEurope/AUS 467.2024574620 400.5537913123 288.4677867502 82.9822060816
Europe/WesternEurope/CHE 755.6702442122 400.5537913123 244.3297557878 82.9822060816
Europe/WesternEurope/DEU 467.2024574620 483.5359973939 532.7975425380 317.1682680471
Europe/WesternEurope/FRA 467.2024574620 800.7042654410 352.0278310313 199.2957345590
Europe/WesternEurope/NLD 819.2302884933 800.7042654410 180.7697115067 199.2957345590

Africa/NorthernAfrica/DZA 0.0000000000 0.0000000000 84.6586309235 185.8413140005
Africa/NorthernAfrica/EGY 0.0000000000 185.8413140005 84.6586309235 34.5404315319
Africa/NorthernAfrica/MAR 0.0000000000 220.3817455324 84.6586309235 47.5038867566
Africa/NorthernAfrica/TUN 0.0000000000 267.8856322891 84.6586309235 26.1782950515
America/NorthernAmerica/CAN 84.6586309235 0.0000000000 138.6883805645 294.0639273406
America/NorthernAmerica/MEX 223.3470114880 0.0000000000 3.0682896745 294.0639273406
America/NorthernAmerica/USA 226.4153011625 0.0000000000 748.8081571084 294.0639273406
America/SouthernAmerica/ARG 975.2234582709 0.0000000000 24.7765417291 167.7221078775
America/SouthernAmerica/CHL 975.2234582709 167.7221078775 24.7765417291 83.7445474961
America/SouthernAmerica/COL 975.2234582709 251.4666553736 24.7765417291 42.5972719670
Asia/EasternAsia/CHN 0.0000000000 294.0639273406 33.0310030334 102.3079525452
Asia/EasternAsia/JPN 33.0310030334 294.0639273406 640.6292843881 102.3079525452
Asia/EasternAsia/KOR 673.6602874215 294.0639273406 146.2447965465 102.3079525452
Asia/SouthEasternAsia/IDN 819.9050839679 294.0639273406 61.6755717964 15.4663731571
Asia/SouthEasternAsia/MYS 819.9050839679 309.5303004977 61.6755717964 86.8415793881
Asia/SouthEasternAsia/PHL 881.5806557644 294.0639273406 21.0811100693 102.3079525452
Asia/SouthEasternAsia/SGP 902.6617658337 294.0639273406 44.3407753535 60.6863115363
Asia/SouthEasternAsia/THA 902.6617658337 354.7502388769 44.3407753535 41.6216410089
Asia/WesternAsia/IND 947.0025411872 294.0639273406 52.9974588128 57.3229774260
Asia/WesternAsia/TUR 947.0025411872 351.3869047665 52.9974588128 44.9849751193
AustraliaandNewZealand/NZL 0.0000000000 396.3718798858 3.0190549077 603.6281201142
Europe/EasternEurope/BGR 3.0190549077 396.3718798858 47.8165956361 92.8690824183
Europe/EasternEurope/CZE 50.8356505438 396.3718798858 81.1731399481 92.8690824183
Europe/EasternEurope/HUN 3.0190549077 489.2409623041 128.9897355842 34.7675173803
Europe/EasternEurope/POL 3.0190549077 524.0084796843 128.9897355842 108.3918698402
Europe/EasternEurope/ROU 132.0087904919 396.3718798858 83.1439925412 84.2820903086
Europe/EasternEurope/RUS 132.0087904919 480.6539701944 83.1439925412 151.7463793301
Europe/EasternEurope/SVK 215.1527830331 396.3718798858 43.6863873510 149.9490385342
Europe/EasternEurope/UKR 215.1527830331 546.3209184200 43.6863873510 86.0794311045
Europe/NorthernEurope/DNK 3.0190549077 632.4003495245 56.5365839504 169.6213854621
Europe/NorthernEurope/EST 3.0190549077 802.0217349866 56.5365839504 58.0699933394
Europe/NorthernEurope/FIN 59.5556388581 632.4003495245 55.0383530894 227.6913788015
Europe/NorthernEurope/GBR 114.5939919475 632.4003495245 144.2451784367 227.6913788015
Europe/NorthernEurope/IRL 3.0190549077 860.0917283260 59.2039569978 28.5269290730
Europe/NorthernEurope/LTU 130.3003516603 860.0917283260 128.5388187238 28.5269290730
Europe/NorthernEurope/LVA 62.2230119055 860.0917283260 68.0773397548 28.5269290730
Europe/NorthernEurope/NOR 3.0190549077 888.6186573990 66.0729297364 111.3813426010
Europe/NorthernEurope/SWE 69.0919846441 888.6186573990 189.7471857400 111.3813426010
Europe/SouthernEurope/ESP 258.8391703841 396.3718798858 223.8353095419 176.8606256688
Europe/SouthernEurope/GRC 258.8391703841 573.2325055546 159.9335735365 52.8306950628
Europe/SouthernEurope/HRV 418.7727439206 573.2325055546 63.9017360054 52.8306950628
Europe/SouthernEurope/ITA 258.8391703841 626.0632006173 223.8353095419 318.9632652835
Europe/SouthernEurope/PRT 258.8391703841 945.0264659009 187.5323877456 54.9735340991
Europe/SouthernEurope/SVN 446.3715581297 945.0264659009 36.3029217963 54.9735340991
Europe/WesternEurope/AUS 482.6744799260 396.3718798858 267.7184289494 87.4515098906
Europe/WesternEurope/CHE 750.3929088754 396.3718798858 249.6070911246 87.4515098906
Europe/WesternEurope/DEU 482.6744799260 483.8233897764 517.3255200740 332.9156743523
Europe/WesternEurope/FRA 482.6744799260 816.7390641287 389.9137275707 183.2609358713
Europe/WesternEurope/NLD 872.5882074967 816.7390641287 127.4117925033 183.2609358713

Africa/NorthernAfrica/DZA 0.0000000000 0.0000000000 74.5640680266 174.1149601743
Africa/NorthernAfrica/EGY 0.0000000000 174.1149601743 74.5640680266 41.1857681328
Africa/NorthernAfrica/MAR 0.0000000000 215.3007283071 74.5640680266 57.4189030377
Africa/NorthernAfrica/TUN 0.0000000000 272.7196313448 74.5640680266 20.3202510843
America/NorthernAmerica/CAN 74.5640680266 0.0000000000 149.3137402207 293.0398824291
America/NorthernAmerica/MEX 223.8778082473 0.0000000000 2.9509850843 293.0398824291
America/NorthernAmerica/USA 226.8287933316 0.0000000000 738.8420828342 293.0398824291
America/SouthernAmerica/ARG 965.6708761658 0.0000000000 34.3291238342 105.7247711551
America/SouthernAmerica/CHL 965.6708761658 105.7247711551 34.3291238342 51.3202416454
America/SouthernAmerica/COL 965.6708761658 157.0450128004 34.3291238342 135.9948696286
Asia/EasternAsia/CHN 0.0000000000 293.0398824291 28.5913740221 99.5539038490
Asia/EasternAsia/JPN 28.5913740221 293.0398824291 647.3944174133 99.5539038490
Asia/EasternAsia/KOR 675.9857914354 293.0398824291 155.1693882397 99.5539038490
Asia/SouthEasternAsia/IDN 831.1551796751 293.0398824291 55.9943170918 24.9755116598
Asia/SouthEasternAsia/MYS 831.1551796751 318.0153940889 55.9943170918 74.5783921892
Asia/SouthEasternAsia/PHL 887.1494967668 293.0398824291 26.4860549837 99.5539038490
Asia/SouthEasternAsia/SGP 913.6355517506 293.0398824291 31.2483419782 79.0745706608
Asia/SouthEasternAsia/THA 913.6355517506 372.1144530899 31.2483419782 20.4793331882
Asia/WesternAsia/IND 944.8838937287 293.0398824291 55.1161062713 54.7321407310
Asia/WesternAsia/TUR 944.8838937287 347.7720231601 55.1161062713 44.8217631180
AustraliaandNewZealand/NZL 0.0000000000 392.5937862780 3.5430602070 607.4062137220
Europe/EasternEurope/BGR 3.5430602070 392.5937862780 50.8663984603 85.9198362693
Europe/EasternEurope/CZE 54.4094586673 392.5937862780 87.5760533588 85.9198362693
Europe/EasternEurope/HUN 3.5430602070 478.5136225473 138.4424518191 36.1026074462
Europe/EasternEurope/POL 3.5430602070 514.6162299935 138.4424518191 135.0389429561
Europe/EasternEurope/ROU 141.9855120262 392.5937862780 82.5719324035 89.4267398066
Europe/EasternEurope/RUS 141.9855120262 482.0205260846 82.5719324035 167.6346468650
Europe/EasternEurope/SVK 224.5574444297 392.5937862780 48.7142642309 176.6980185612
Europe/EasternEurope/UKR 224.5574444297 569.2918048393 48.7142642309 80.3633681103
Europe/NorthernEurope/DNK 3.5430602070 649.6551729496 57.5047275613 159.4657957378
Europe/NorthernEurope/EST 3.5430602070 809.1209686874 57.5047275613 58.6612817580
Europe/NorthernEurope/FIN 61.0477877683 649.6551729496 57.5610671242 218.1270774958
Europe/NorthernEurope/GBR 118.6088548925 649.6551729496 154.6628537681 218.1270774958
Europe/NorthernEurope/IRL 3.5430602070 867.7822504454 73.5747995338 28.4196861807
Europe/NorthernEurope/LTU 132.6425611679 867.7822504454 140.6291474927 28.4196861807
Europe/NorthernEurope/LVA 77.1178597408 867.7822504454 55.5247014271 28.4196861807
Europe/NorthernEurope/NOR 3.5430602070 896.2019366262 72.4998188733 103.7980633738
Europe/NorthernEurope/SWE 76.0428790803 896.2019366262 197.2288295803 103.7980633738
Europe/SouthernEurope/ESP 273.2717086606 392.5937862780 213.7495987327 168.8595617348
Europe/SouthernEurope/GRC 273.2717086606 561.4533480128 156.0483282987 54.5730769077
Europe/SouthernEurope/HRV 429.3200369593 561.4533480128 57.7012704340 54.5730769077
Europe/SouthernEurope/ITA 273.2717086606 616.0264249205 213.7495987327 321.6754142749
Europe/SouthernEurope/PRT 273.2717086606 937.7018391954 181.8369136758 62.2981608046
Europe/SouthernEurope/SVN 455.1086223364 937.7018391954 31.9126850569 62.2981608046
Europe/WesternEurope/AUS 487.0213073933 392.5937862780 233.9082921667 84.0933308750
Europe/WesternEurope/CHE 720.9295995600 392.5937862780 279.0704004400 84.0933308750
Europe/WesternEurope/DEU 487.0213073933 476.6871171530 512.9786926067 311.9241486655
Europe/WesternEurope/FRA 487.0213073933 788.6112658185 380.7132382713 211.3887341815
Europe/WesternEurope/NLD 867.7345456646 788.6112658185 132.2654543354 211.3887341815

Africa/NorthernAfrica/DZA 0.0000000000 0.0000000000 55.9920109438 181.1491073917
Africa/NorthernAfrica/EGY 0.0000000000 181.1491073917 55.9920109438 32.4915709295
Africa/NorthernAfrica/MAR 0.0000000000 213.6406783212 55.9920109438 57.0966547784
Africa/NorthernAfrica/TUN 0.0000000000 270.7373330996 55.9920109438 24.4274173438
America/NorthernAmerica/CAN 55.9920109438 0.0000000000 154.8390459061 295.1647504434
America/NorthernAmerica/MEX 210.8310568500 0.0000000000 7.5960700699 295.1647504434
America/NorthernAmerica/USA 218.4271269199 0.0000000000 748.7118416295 295.1647504434
America/SouthernAmerica/ARG 967.1389685493 0.0000000000 32.8610314507 116.4832498676
America/SouthernAmerica/CHL 967.1389685493 116.4832498676 32.8610314507 64.8482237289
America/SouthernAmerica/COL 967.1389685493 181.3314735965 32.8610314507 113.8332768469
Asia/EasternAsia/CHN 0.0000000000 295.1647504434 31.6143892602 104.8675642321
Asia/EasternAsia/JPN 31.6143892602 295.1647504434 630.9959402853 104.8675642321
Asia/EasternAsia/KOR 662.6103295455 295.1647504434 166.7970073889 104.8675642321
Asia/SouthEasternAsia/IDN 829.4073369344 295.1647504434 65.4865532667 25.0507324260
Asia/SouthEasternAsia/MYS 829.4073369344 320.2154828694 65.4865532667 79.8168318061
Asia/SouthEasternAsia/PHL 894.8938902011 295.1647504434 19.5484309570 104.8675642321
Asia/SouthEasternAsia/SGP 914.4423211581 295.1647504434 32.1763633898 65.4414505059
Asia/SouthEasternAsia/THA 914.4423211581 360.6062009493 32.1763633898 39.4261137263
Asia/WesternAsia/IND 946.6186845479 295.1647504434 53.3813154521 52.9145035396
Asia/WesternAsia/TUR 946.6186845479 348.0792539830 53.3813154521 51.9530606925
AustraliaandNewZealand/NZL 0.0000000000 400.0323146755 3.3824741528 599.9676853245
Europe/EasternEurope/BGR 3.3824741528 400.0323146755 48.3158044620 77.8027150271
Europe/EasternEurope/CZE 51.6982786148 400.0323146755 84.6582315421 77.8027150271
Europe/EasternEurope/HUN 3.3824741528 477.8350297026 132.9740360041 31.0684004884
Europe/EasternEurope/POL 3.3824741528 508.9034301910 132.9740360041 130.6149201873
Europe/EasternEurope/ROU 136.3565101569 400.0323146755 93.7225347942 72.2431872369
Europe/EasternEurope/RUS 136.3565101569 472.2755019125 93.7225347942 167.2428484659
Europe/EasternEurope/SVK 230.0790449511 400.0323146755 45.5241210369 153.4685171892
Europe/EasternEurope/UKR 230.0790449511 553.5008318647 45.5241210369 86.0175185137
Europe/NorthernEurope/DNK 3.3824741528 639.5183503784 56.9690586363 171.8751369626
Europe/NorthernEurope/EST 3.3824741528 811.3934873409 56.9690586363 42.1635324675
Europe/NorthernEurope/FIN 60.3515327891 639.5183503784 64.7257947541 214.0386694300
Europe/NorthernEurope/GBR 125.0773275432 639.5183503784 150.5258384448 214.0386694300
Europe/NorthernEurope/IRL 3.3824741528 853.5570198084 57.5685588981 29.2091547330
Europe/NorthernEurope/LTU 124.9689117252 853.5570198084 150.6342542628 29.2091547330
Europe/NorthernEurope/LVA 60.9510330509 853.5570198084 64.0178786743 29.2091547330
Europe/NorthernEurope/NOR 3.3824741528 882.7661745414 71.1119247924 117.2338254586
Europe/NorthernEurope/SWE 74.4943989452 882.7661745414 201.1087670428 117.2338254586
Europe/SouthernEurope/ESP 275.6031659880 400.0323146755 194.8192478811 177.0930271813
Europe/SouthernEurope/GRC 275.6031659880 577.1253418568 139.1342115906 48.1987335118
Europe/SouthernEurope/HRV 414.7373775785 577.1253418568 55.6850362905 48.1987335118
Europe/SouthernEurope/ITA 275.6031659880 625.3240753686 194.8192478811 314.8801773726
Europe/SouthernEurope/PRT 275.6031659880 940.2042527412 165.0353594877 59.7957472588
Europe/SouthernEurope/SVN 440.6385254757 940.2042527412 29.7838883934 59.7957472588
Europe/WesternEurope/AUS 470.4224138690 400.0323146755 215.9014161580 83.8129088472
Europe/WesternEurope/CHE 686.3238300271 400.0323146755 313.6761699729 83.8129088472
Europe/WesternEurope/DEU 470.4224138690 483.8452235227 529.5775861310 313.5273141861
Europe/WesternEurope/FRA 470.4224138690 797.3725377088 390.5495210626 202.6274622912
Europe/WesternEurope/NLD 860.9719349317 797.3725377088 139.0280650683 202.6274622912

Africa/NorthernAfrica/DZA 0.0000000000 0.0000000000 51.3853476513 188.0941926054
Africa/NorthernAfrica/EGY 0.0000000000 188.0941926054 51.3853476513 32.1987733277
Africa/NorthernAfrica/MAR 0.0000000000 220.2929659330 51.3853476513 57.3460932722
Africa/NorthernAfrica/TUN 0.0000000000 277.6390592052 51.3853476513 39.2643337804
America/NorthernAmerica/CAN 51.3853476513 0.0000000000 143.8353713161 316.9033929856
America/NorthernAmerica/MEX 195.2207189674 0.0000000000 6.6309761475 316.9033929856
America/NorthernAmerica/USA 201.8516951150 0.0000000000 765.8237441141 316.9033929856
America/SouthernAmerica/ARG 967.6754392291 0.0000000000 32.3245607709 107.1743454434
America/SouthernAmerica/CHL 967.6754392291 107.1743454434 32.3245607709 45.4158672883
America/SouthernAmerica/COL 967.6754392291 152.5902127317 32.3245607709 164.3131802539
Asia/EasternAsia/CHN 0.0000000000 316.9033929856 37.9549679630 105.8142338895
Asia/EasternAsia/JPN 37.9549679630 316.9033929856 601.8926009373 105.8142338895
Asia/EasternAsia/KOR 639.8475689003 316.9033929856 180.8248934680 105.8142338895
Asia/SouthEasternAsia/IDN 820.6724623682 316.9033929856 65.5013010457 23.1940602981
Asia/SouthEasternAsia/MYS 820.6724623682 340.0974532838 65.5013010457 82.6201735914
Asia/SouthEasternAsia/PHL 886.1737634140 316.9033929856 16.3413337481 105.8142338895
Asia/SouthEasternAsia/SGP 902.5150971621 316.9033929856 45.4140829198 44.4945631445
Asia/SouthEasternAsia/THA 902.5150971621 361.3979561301 45.4140829198 61.3196707451
Asia/WesternAsia/IND 947.9291800820 316.9033929856 52.0708199180 56.7071735730
Asia/WesternAsia/TUR 947.9291800820 373.6105665587 52.0708199180 49.1070603165
AustraliaandNewZealand/NZL 0.0000000000 422.7176268752 3.2962705569 577.2823731248
Europe/EasternEurope/BGR 3.2962705569 422.7176268752 39.8394601218 73.9825513775
Europe/EasternEurope/CZE 43.1357306787 422.7176268752 86.9707611018 73.9825513775
Europe/EasternEurope/HUN 3.2962705569 496.7001782527 126.8102212235 27.5243798773
Europe/EasternEurope/POL 3.2962705569 524.2245581300 126.8102212235 135.8914542163
Europe/EasternEurope/ROU 130.1064917804 422.7176268752 91.9469442358 63.5591583854
Europe/EasternEurope/RUS 130.1064917804 486.2767852606 91.9469442358 173.8392270857
Europe/EasternEurope/SVK 222.0534360162 422.7176268752 47.8817828849 154.9201882799
Europe/EasternEurope/UKR 222.0534360162 577.6378151551 47.8817828849 82.4781971912
Europe/NorthernEurope/DNK 3.2962705569 660.1160123463 50.9681339870 169.1506102637
Europe/NorthernEurope/EST 3.2962705569 829.2666226100 50.9681339870 31.0215594210
Europe/NorthernEurope/FIN 54.2644045439 660.1160123463 67.7642204750 200.1721696847
Europe/NorthernEurope/GBR 122.0286250189 660.1160123463 147.9065938822 200.1721696847
Europe/NorthernEurope/IRL 3.2962705569 860.2881820310 69.8400451084 25.0130799781
Europe/NorthernEurope/LTU 142.3799545216 860.2881820310 127.5552643795 25.0130799781
Europe/NorthernEurope/LVA 73.1363156653 860.2881820310 69.2436388563 25.0130799781
Europe/NorthernEurope/NOR 3.2962705569 885.3012620091 77.0171605742 114.6987379909
Europe/NorthernEurope/SWE 80.3134311311 885.3012620091 189.6217877700 114.6987379909
Europe/SouthernEurope/ESP 269.9352189011 422.7176268752 196.6682759309 167.6245332060
Europe/SouthernEurope/GRC 269.9352189011 590.3421600812 143.4155550795 43.4193798787
Europe/SouthernEurope/HRV 413.3507739806 590.3421600812 53.2527208514 43.4193798787
Europe/SouthernEurope/ITA 269.9352189011 633.7615399598 196.6682759309 310.1547918000
Europe/SouthernEurope/PRT 269.9352189011 943.9163317598 167.4452536135 56.0836682402
Europe/SouthernEurope/SVN 437.3804725146 943.9163317598 29.2230223174 56.0836682402
Europe/WesternEurope/AUS 466.6034948320 422.7176268752 200.1384344770 82.8594585466
Europe/WesternEurope/CHE 666.7419293090 422.7176268752 333.2580706910 82.8594585466
Europe/WesternEurope/DEU 466.6034948320 505.5770854218 533.3965051680 305.5070098335
Europe/WesternEurope/FRA 466.6034948320 811.0840952553 387.9443281607 188.9159047447
Europe/WesternEurope/NLD 854.5478229926 811.0840952553 145.4521770074 188.9159047447

Africa/NorthernAfrica/DZA 0.0000000000 0.0000000000 65.6014432561 175.6601863925
Africa/NorthernAfrica/EGY 0.0000000000 175.6601863925 65.6014432561 42.5420288679
Africa/NorthernAfrica/MAR 0.0000000000 218.2022152604 65.6014432561 59.7391484619
Africa/NorthernAfrica/TUN 0.0000000000 277.9413637223 65.6014432561 33.1107178997
America/NorthernAmerica/CAN 65.6014432561 0.0000000000 154.3397736737 311.0520816219
America/NorthernAmerica/MEX 219.9412169298 0.0000000000 5.3341270685 311.0520816219
America/NorthernAmerica/USA 225.2753439983 0.0000000000 738.1151764428 311.0520816219
America/SouthernAmerica/ARG 963.3905204411 0.0000000000 36.6094795589 109.2584595772
America/SouthernAmerica/CHL 963.3905204411 109.2584595772 36.6094795589 39.0067029842
America/SouthernAmerica/COL 963.3905204411 148.2651625614 36.6094795589 162.7869190606
Asia/EasternAsia/CHN 0.0000000000 311.0520816219 54.5816221792 105.1578119457
Asia/EasternAsia/JPN 54.5816221792 311.0520816219 549.3641588943 105.1578119457
Asia/EasternAsia/KOR 603.9457810735 311.0520816219 154.3314121653 105.1578119457
Asia/SouthEasternAsia/IDN 758.2771932388 311.0520816219 96.3696627873 41.3581119701
Asia/SouthEasternAsia/MYS 758.2771932388 352.4101935921 96.3696627873 63.7996999756
Asia/SouthEasternAsia/PHL 854.6468560261 311.0520816219 22.6572559783 105.1578119457
Asia/SouthEasternAsia/SGP 877.3041120044 311.0520816219 50.9987213256 59.2257363267
Asia/SouthEasternAsia/THA 877.3041120044 370.2778179487 50.9987213256 45.9320756190
Asia/WesternAsia/IND 928.3028333300 311.0520816219 71.6971666700 59.3464003276
Asia/WesternAsia/TUR 928.3028333300 370.3984819495 71.6971666700 45.8114116182
AustraliaandNewZealand/NZL 0.0000000000 416.2098935677 3.6840438296 583.7901064323
Europe/EasternEurope/BGR 3.6840438296 416.2098935677 47.6628724697 80.9312026918
Europe/EasternEurope/CZE 51.3469162992 416.2098935677 76.8095184512 80.9312026918
Europe/EasternEurope/HUN 3.6840438296 497.1410962595 124.4723909208 29.6014852301
Europe/EasternEurope/POL 3.6840438296 526.7425814896 124.4723909208 146.4501645861
Europe/EasternEurope/ROU 128.1564347504 416.2098935677 92.2666206457 69.1907590578
Europe/EasternEurope/RUS 128.1564347504 485.4006526255 92.2666206457 187.7920934502
Europe/EasternEurope/SVK 220.4230553962 416.2098935677 48.0343292405 165.1108740534
Europe/EasternEurope/UKR 220.4230553962 581.3207676211 48.0343292405 91.8719784547
Europe/NorthernEurope/DNK 3.6840438296 673.1927460757 49.5650052380 161.3044078714
Europe/NorthernEurope/EST 3.6840438296 834.4971539472 49.5650052380 27.1928661014
Europe/NorthernEurope/FIN 53.2490490675 673.1927460757 62.4835021170 188.4972739728
Europe/NorthernEurope/GBR 115.7325511845 673.1927460757 152.7248334521 188.4972739728
Europe/NorthernEurope/IRL 3.6840438296 861.6900200486 70.1978615975 28.3585176026
Europe/NorthernEurope/LTU 140.1666715973 861.6900200486 128.2907130393 28.3585176026
Europe/NorthernEurope/LVA 73.8819054271 861.6900200486 66.2847661703 28.3585176026
Europe/NorthernEurope/NOR 3.6840438296 890.0485376511 70.3613910704 109.9514623489
Europe/NorthernEurope/SWE 74.0454349000 890.0485376511 194.4119497366 109.9514623489
Europe/SouthernEurope/ESP 268.4573846367 416.2098935677 200.1068831245 160.4539342000
Europe/SouthernEurope/GRC 268.4573846367 576.6638277677 146.1603087740 44.6915382267
Europe/SouthernEurope/HRV 414.6176934107 576.6638277677 53.9465743505 44.6915382267
Europe/SouthernEurope/ITA 268.4573846367 621.3553659944 200.1068831245 322.7569103892
Europe/SouthernEurope/PRT 268.4573846367 944.1122763836 168.0040584172 55.8877236164
Europe/SouthernEurope/SVN 436.4614430539 944.1122763836 32.1028247072 55.8877236164
Europe/WesternEurope/AUS 468.5642677611 416.2098935677 201.3965541849 83.7067500135
Europe/WesternEurope/CHE 669.9608219460 416.2098935677 330.0391780540 83.7067500135
Europe/WesternEurope/DEU 468.5642677611 499.9166435812 531.4357322389 296.1212672314
Europe/WesternEurope/FRA 468.5642677611 796.0379108126 390.9736307043 203.9620891874
Europe/WesternEurope/NLD 859.5378984654 796.0379108126 140.4621015346 203.9620891874

Africa/NorthernAfrica/DZA 0.0000000000 0.0000000000 74.5571670497 166.1134784839
Africa/NorthernAfrica/EGY 0.0000000000 166.1134784839 74.5571670497 39.7681415094
Africa/NorthernAfrica/MAR 0.0000000000 205.8816199932 74.5571670497 56.6870959907
Africa/NorthernAfrica/TUN 0.0000000000 262.5687159839 74.5571670497 29.2753509061
America/NorthernAmerica/CAN 74.5571670497 0.0000000000 158.4436790246 291.8440668900
America/NorthernAmerica/MEX 233.0008460743 0.0000000000 7.3060773724 291.8440668900
America/NorthernAmerica/USA 240.3069234467 0.0000000000 732.8317376874 291.8440668900
America/SouthernAmerica/ARG 973.1386611341 0.0000000000 26.8613388659 147.9233032915
America/SouthernAmerica/CHL 973.1386611341 147.9233032915 26.8613388659 68.5870811892
America/SouthernAmerica/COL 973.1386611341 216.5103844807 26.8613388659 75.3336824093
Asia/EasternAsia/CHN 0.0000000000 291.8440668900 50.6700390072 110.2730954119
Asia/EasternAsia/JPN 50.6700390072 291.8440668900 563.3088189573 110.2730954119
Asia/EasternAsia/KOR 613.9788579645 291.8440668900 147.5680565081 110.2730954119
Asia/SouthEasternAsia/IDN 761.5469144726 291.8440668900 87.2438476450 17.4356876084
Asia/SouthEasternAsia/MYS 761.5469144726 309.2797544984 87.2438476450 92.8374078035
Asia/SouthEasternAsia/PHL 848.7907621177 291.8440668900 19.7416259238 110.2730954119
Asia/SouthEasternAsia/SGP 868.5323880414 291.8440668900 53.1046990599 52.4274202671
Asia/SouthEasternAsia/THA 868.5323880414 344.2714871571 53.1046990599 57.8456751448
Asia/WesternAsia/IND 921.6370871014 291.8440668900 78.3629128986 62.0411599140
Asia/WesternAsia/TUR 921.6370871014 353.8852268040 78.3629128986 48.2319354978
AustraliaandNewZealand/NZL 0.0000000000 402.1171623019 3.9088355013 597.8828376981
Europe/EasternEurope/BGR 3.9088355013 402.1171623019 90.0998229222 46.3180445940
Europe/EasternEurope/CZE 3.9088355013 448.4352068958 90.0998229222 77.4890355957
Europe/EasternEurope/HUN 94.0086584236 402.1171623019 30.0101408234 123.8070801897
Europe/EasternEurope/POL 124.0187992470 402.1171623019 141.9634931422 123.8070801897
Europe/EasternEurope/ROU 3.9088355013 525.9242424915 70.6261480497 105.9353659061
Europe/EasternEurope/RUS 74.5349835510 525.9242424915 191.4473088382 105.9353659061
Europe/EasternEurope/SVK 3.9088355013 631.8596083976 162.1754905140 55.6953254973
Europe/EasternEurope/UKR 166.0843260154 631.8596083976 99.8979663739 55.6953254973
Europe/NorthernEurope/DNK 3.9088355013 687.5549338949 52.6643800334 152.0756477959
Europe/NorthernEurope/EST 3.9088355013 839.6305816909 52.6643800334 27.2840196456
Europe/NorthernEurope/FIN 56.5732155347 687.5549338949 58.2618024986 179.3596674415
Europe/NorthernEurope/GBR 114.8350180333 687.5549338949 151.1472743559 179.3596674415
Europe/NorthernEurope/IRL 3.9088355013 866.9146013365 67.6527058109 31.4663280585
Europe/NorthernEurope/LTU 132.5857252571 866.9146013365 133.3965671321 31.4663280585
Europe/NorthernEurope/LVA 71.5615413123 866.9146013365 61.0241839449 31.4663280585
Europe/NorthernEurope/NOR 3.9088355013 898.3809293950 74.8992631115 101.6190706050
Europe/NorthernEurope/SWE 78.8080986129 898.3809293950 187.1741937763 101.6190706050
Europe/SouthernEurope/ESP 265.9822923892 402.1171623019 197.6271718429 160.2552083347
Europe/SouthernEurope/GRC 265.9822923892 562.3723706366 143.2391883509 51.5021114215
Europe/SouthernEurope/HRV 409.2214807401 562.3723706366 54.3879834920 51.5021114215
Europe/SouthernEurope/ITA 265.9822923892 613.8744820581 197.6271718429 326.8186770965
Europe/SouthernEurope/PRT 265.9822923892 940.6931591546 162.9570710267 59.3068408454
Europe/SouthernEurope/SVN 428.9393634160 940.6931591546 34.6701008162 59.3068408454
Europe/WesternEurope/AUS 463.6094642321 402.1171623019 210.4968456128 86.0240404441
Europe/WesternEurope/CHE 674.1063098449 402.1171623019 325.8936901551 86.0240404441
Europe/WesternEurope/DEU 463.6094642321 488.1412027459 536.3905357679 265.0651836442
Europe/WesternEurope/FRA 463.6094642321 753.2063863901 409.6737481206 246.7936136099
Europe/WesternEurope/NLD 873.2832123527 753.2063863901 126.7167876473 246.7936136099

Africa/NorthernAfrica/DZA 0.0000000000 0.0000000000 63.8441983193 173.2573191107
Africa/NorthernAfrica/EGY 0.0000000000 173.2573191107 63.8441983193 35.5079111314
Africa/NorthernAfrica/MAR 0.0000000000 208.7652302421 63.8441983193 55.3096179640
Africa/NorthernAfrica/TUN 0.0000000000 264.0748482060 63.8441983193 28.7052155832
America/NorthernAmerica/CAN 63.8441983193 0.0000000000 160.5175808111 292.7800637892
America/NorthernAmerica/MEX 224.3617791304 0.0000000000 16.6774073124 292.7800637892
America/NorthernAmerica/USA 241.0391864428 0.0000000000 739.6713729476 292.7800637892
America/SouthernAmerica/ARG 980.7105593904 0.0000000000 19.2894406096 146.5748685985
America/SouthernAmerica/CHL 980.7105593904 146.5748685985 19.2894406096 77.5134315171
America/SouthernAmerica/COL 980.7105593904 224.0883001157 19.2894406096 68.6917636736
Asia/EasternAsia/CHN 0.0000000000 292.7800637892 65.8041094246 102.5983306399
Asia/EasternAsia/JPN 65.8041094246 292.7800637892 506.2773053067 102.5983306399
Asia/EasternAsia/KOR 572.0814147313 292.7800637892 185.0949975879 102.5983306399
Asia/SouthEasternAsia/IDN 757.1764123193 292.7800637892 90.1921386525 18.6752367166
Asia/SouthEasternAsia/MYS 757.1764123193 311.4553005058 90.1921386525 83.9230939233
Asia/SouthEasternAsia/PHL 847.3685509717 292.7800637892 7.5919263492 102.5983306399
Asia/SouthEasternAsia/SGP 854.9604773209 292.7800637892 58.3667487903 37.5913070509
Asia/SouthEasternAsia/THA 854.9604773209 330.3713708401 58.3667487903 65.0070235889
Asia/WesternAsia/IND 913.3272261113 292.7800637892 86.6727738887 57.2345220047
Asia/WesternAsia/TUR 913.3272261113 350.0145857939 86.6727738887 45.3638086352
AustraliaandNewZealand/NZL 0.0000000000 395.3783944291 3.7622588689 604.6216055709
Europe/EasternEurope/BGR 3.7622588689 395.3783944291 113.1417825819 35.3144561726
Europe/EasternEurope/CZE 3.7622588689 430.6928506017 113.1417825819 94.7619917079
Europe/EasternEurope/HUN 116.9040414508 395.3783944291 35.1489633320 130.0764478805
Europe/EasternEurope/POL 152.0530047828 395.3783944291 112.2578455396 130.0764478805
Europe/EasternEurope/ROU 3.7622588689 525.4548423096 65.6145753789 105.6073381769
Europe/EasternEurope/RUS 69.3768342478 525.4548423096 194.9340160746 105.6073381769
Europe/EasternEurope/SVK 3.7622588689 631.0621804864 174.6294984024 45.0891662469
Europe/EasternEurope/UKR 178.3917572713 631.0621804864 85.9190930511 45.0891662469
Europe/NorthernEurope/DNK 3.7622588689 676.1513467333 46.3513007975 155.6465205150
Europe/NorthernEurope/EST 3.7622588689 831.7978672482 46.3513007975 34.3524578014
Europe/NorthernEurope/FIN 50.1135596665 676.1513467333 56.2648874838 189.9989783164
Europe/NorthernEurope/GBR 106.3784471503 676.1513467333 157.9324031721 189.9989783164
Europe/NorthernEurope/IRL 3.7622588689 866.1503250497 69.8714462698 32.5549827505
Europe/NorthernEurope/LTU 138.0506254919 866.1503250497 126.2602248305 32.5549827505
Europe/NorthernEurope/LVA 73.6337051388 866.1503250497 64.4169203531 32.5549827505
Europe/NorthernEurope/NOR 3.7622588689 898.7053078002 73.1630628366 101.2946921998
Europe/NorthernEurope/SWE 76.9253217055 898.7053078002 187.3855286169 101.2946921998
Europe/SouthernEurope/ESP 264.3108503224 395.3783944291 199.0887468146 190.1860834790
Europe/SouthernEurope/GRC 264.3108503224 585.5644779081 148.6888227825 51.1572447826
Europe/SouthernEurope/HRV 412.9996731049 585.5644779081 50.3999240321 51.1572447826
Europe/SouthernEurope/ITA 264.3108503224 636.7217226907 199.0887468146 308.9687079332
Europe/SouthernEurope/PRT 264.3108503224 945.6904306239 165.8359491241 54.3095693761
Europe/SouthernEurope/SVN 430.1467994465 945.6904306239 33.2527976905 54.3095693761
Europe/WesternEurope/AUS 463.3995971370 395.3783944291 214.0115913707 80.9585387586
Europe/WesternEurope/CHE 677.4111885078 395.3783944291 322.5888114922 80.9585387586
Europe/WesternEurope/DEU 463.3995971370 476.3369331877 536.6004028630 269.6692265230
Europe/WesternEurope/FRA 463.3995971370 746.0061597107 376.4899601085 253.9938402893
Europe/WesternEurope/NLD 839.8895572455 746.0061597107 160.1104427545 253.9938402893

Africa/NorthernAfrica/DZA 0.0000000000 0.0000000000 65.4665048439 166.6386650435
Africa/NorthernAfrica/EGY 0.0000000000 166.6386650435 65.4665048439 46.3543727536
Africa/NorthernAfrica/MAR 0.0000000000 212.9930377971 65.4665048439 54.3652177127
Africa/NorthernAfrica/TUN 0.0000000000 267.3582555098 65.4665048439 30.0413948838
America/NorthernAmerica/CAN 65.4665048439 0.0000000000 152.5037043232 297.3996503936
America/NorthernAmerica/MEX 217.9702091671 0.0000000000 19.2646641185 297.3996503936
America/NorthernAmerica/USA 237.2348732856 0.0000000000 743.0803387386 297.3996503936
America/SouthernAmerica/ARG 980.3152120242 0.0000000000 19.6847879758 174.6035960969
America/SouthernAmerica/CHL 980.3152120242 174.6035960969 19.6847879758 94.0560673792
America/SouthernAmerica/COL 980.3152120242 268.6596634761 19.6847879758 28.7399869175
Asia/EasternAsia/CHN 0.0000000000 297.3996503936 73.9786076186 113.3273944270
Asia/EasternAsia/JPN 73.9786076186 297.3996503936 510.9814025812 113.3273944270
Asia/EasternAsia/KOR 584.9600101998 297.3996503936 176.7927175462 113.3273944270
Asia/SouthEasternAsia/IDN 761.7527277460 297.3996503936 80.8530928778 14.2649915164
Asia/SouthEasternAsia/MYS 761.7527277460 311.6646419100 80.8530928778 99.0624029106
Asia/SouthEasternAsia/PHL 842.6058206238 297.3996503936 10.8000973938 113.3273944270
Asia/SouthEasternAsia/SGP 853.4059180176 297.3996503936 60.3901791100 42.2967016379
Asia/SouthEasternAsia/THA 853.4059180176 339.6963520315 60.3901791100 71.0306927891
Asia/WesternAsia/IND 913.7960971276 297.3996503936 86.2039028724 50.9587364879
Asia/WesternAsia/TUR 913.7960971276 348.3583868815 86.2039028724 62.3686579391
AustraliaandNewZealand/NZL 0.0000000000 410.7270448206 4.1250772212 589.2729551794
Europe/EasternEurope/BGR 4.1250772212 410.7270448206 152.3761886668 28.2218841003
Europe/EasternEurope/CZE 4.1250772212 438.9489289209 152.3761886668 125.5885744331
Europe/EasternEurope/HUN 156.5012658880 410.7270448206 24.0974302326 153.8104585334
Europe/EasternEurope/POL 180.5986961206 410.7270448206 108.8606870839 153.8104585334
Europe/EasternEurope/ROU 4.1250772212 564.5375033540 76.7292245668 89.7412337968
Europe/EasternEurope/RUS 80.8543017880 564.5375033540 208.6050814165 89.7412337968
Europe/EasternEurope/SVK 4.1250772212 654.2787371509 209.8937128839 41.8203216067
Europe/EasternEurope/UKR 214.0187901051 654.2787371509 75.4405930994 41.8203216067
Europe/NorthernEurope/DNK 4.1250772212 696.0990587575 43.1486145794 156.0282610956
Europe/NorthernEurope/EST 4.1250772212 852.1273198531 43.1486145794 31.2515673863
Europe/NorthernEurope/FIN 47.2736918006 696.0990587575 58.3052175216 187.2798284819
Europe/NorthernEurope/GBR 105.5789093222 696.0990587575 183.8804738823 187.2798284819
Europe/NorthernEurope/IRL 4.1250772212 883.3788872394 92.4045907546 29.5613753738
Europe/NorthernEurope/LTU 155.4612279140 883.3788872394 133.9981552905 29.5613753738
Europe/NorthernEurope/LVA 96.5296679758 883.3788872394 58.9315599382 29.5613753738
Europe/NorthernEurope/NOR 4.1250772212 912.9402626132 86.4926005534 87.0597373868
Europe/NorthernEurope/SWE 90.6176777746 912.9402626132 198.8417054299 87.0597373868
Europe/SouthernEurope/ESP 289.4593832045 410.7270448206 208.1433728881 177.8067408287
Europe/SouthernEurope/GRC 289.4593832045 588.5337856494 157.5582057195 48.1513551226
Europe/SouthernEurope/HRV 447.0175889240 588.5337856494 50.5851671687 48.1513551226
Europe/SouthernEurope/ITA 289.4593832045 636.6851407720 208.1433728881 312.9478957391
Europe/SouthernEurope/PRT 289.4593832045 949.6330365111 171.3091988493 50.3669634889
Europe/SouthernEurope/SVN 460.7685820538 949.6330365111 36.8341740388 50.3669634889
Europe/WesternEurope/AUS 497.6027560927 410.7270448206 177.1160353302 88.6217624175
Europe/WesternEurope/CHE 674.7187914228 410.7270448206 325.2812085772 88.6217624175
Europe/WesternEurope/DEU 497.6027560927 499.3488072381 502.3972439073 248.3730892414
Europe/WesternEurope/FRA 497.6027560927 747.7218964795 347.0389933104 252.2781035205
Europe/WesternEurope/NLD 844.6417494031 747.7218964795 155.3582505969 252.2781035205

