new names 21
Amber 0.0000000000 0.0000000000 62.4456359317 159.8310986804
Anne 62.4456359317 0.0000000000 136.3723080660 104.3660972903
Anouk 62.4456359317 104.3660972903 136.3723080660 55.4650013901
Bas 0.0000000000 159.8310986804 198.8179439977 49.5251291686
Bram 0.0000000000 209.3562278490 198.8179439977 164.3333831503
Charlotte 0.0000000000 373.6896109993 106.5096128559 88.2447756095
Cornelis 106.5096128559 373.6896109993 92.3083311418 88.2447756095
Daan 198.8179439977 0.0000000000 179.0524174014 187.7233356835
Daniël 377.8703613991 0.0000000000 152.0201530859 120.8800264023
David 198.8179439977 409.4493970093 179.0524174014 52.4849895995
Dylan 198.8179439977 365.2515110307 179.0524174014 44.1978859785
Eline 328.8352595381 187.7233356835 49.0351018610 177.5281753472
Emma 198.8179439977 187.7233356835 130.0173155404 177.5281753472
Eva 377.8703613991 120.8800264023 152.0201530859 220.5668014224
Femke 377.8703613991 341.4468278247 152.0201530859 120.4875587841
Fleur 529.8905144850 0.0000000000 160.8371281853 139.6934108901
Floris 690.7276426703 0.0000000000 115.2446468365 126.8138775214
Gijs 529.8905144850 347.9275622923 160.8371281853 114.0068243165
Ilse 529.8905144850 302.8742630443 160.8371281853 45.0532992480
Iris 529.8905144850 233.0965922579 160.8371281853 69.7776707865
Jan 529.8905144850 139.6934108901 160.8371281853 93.4031813677
Jasper 690.7276426703 126.8138775214 115.2446468365 80.3804885213
Jelle 805.9722895068 0.0000000000 41.6703807771 207.1943660427
Jesse 847.6426702839 0.0000000000 152.3573297161 157.3142408842
Johanna 847.6426702839 157.3142408842 152.3573297161 49.8801251584
Johannes 690.7276426703 207.1943660427 61.6068059145 145.2541555625
Joris 939.6315218425 207.1943660427 60.3684781575 145.2541555625
Julia 752.3344485848 207.1943660427 187.2970732577 145.2541555625
Koen 690.7276426703 352.4485216052 100.6264642042 109.4858650036
Lars 791.3541068745 352.4485216052 208.6458931255 109.4858650036
Lieke 0.0000000000 461.9343866088 138.1215469613 153.9184532068
Lisa 0.0000000000 615.8528398156 180.8349808117 128.4607866855
Lotte 846.8031514952 461.9343866088 153.1968485048 153.9184532068
Lucas 651.2140452934 461.9343866088 195.5891062018 153.9184532068
Luuk 456.7943806832 461.9343866088 194.4196646101 153.9184532068
Maria 398.9070218970 461.9343866088 57.8873587862 153.9184532068
Maud 285.4711875080 461.9343866088 113.4358343891 153.9184532068
Max 138.1215469613 461.9343866088 147.3496405466 153.9184532068
Merel 0.0000000000 744.3136265011 77.0851526785 92.1459104494
Mohamed 77.0851526785 744.3136265011 103.7498281333 92.1459104494
Naomi 0.0000000000 836.4595369504 180.8349808117 68.6771128818
Nick 0.0000000000 905.1366498323 82.4117751095 94.8633501677
Niels 82.4117751095 905.1366498323 98.4232057022 94.8633501677
Nikki 180.8349808117 615.8528398156 108.1521107105 86.7429071384
Nina 180.8349808117 866.5811475919 108.1521107105 133.4188524081
Pieter 180.8349808117 779.4251789909 108.1521107105 87.1559686010
Robin 180.8349808117 702.5957469540 108.1521107105 76.8294320369
Roos 288.9870915223 615.8528398156 111.8734736597 181.2919030392
Ruben 288.9870915223 797.1447428548 111.8734736597 202.8552571452
Sanne 400.8605651820 615.8528398156 100.5930922200 170.5346930761
Sarah 501.4536574020 615.8528398156 136.4039110584 171.3187098263
Sophie 400.8605651820 786.3875328917 100.5930922200 213.6124671083
Stijn 637.8575684604 615.8528398156 130.4486467502 171.3187098263
Sven 501.4536574020 787.1715496419 266.8525578087 73.9164677890
Tessa 501.4536574020 861.0880174310 78.6917765491 138.9119825691
Thijs 580.1454339511 861.0880174310 188.1607812596 138.9119825691
Thomas 768.3062152107 615.8528398156 166.4350550124 152.6663866082
Tim 768.3062152107 841.7874157903 166.4350550124 158.2125842097
Tom 768.3062152107 768.5192264238 166.4350550124 73.2681893665
Vera 934.7412702231 615.8528398156 65.2587297769 198.0293500175
Willem 934.7412702231 813.8821898331 65.2587297769 186.1178101669

Amber 0.0000000000 0.0000000000 61.8274512184 170.6063922648
Anne 61.8274512184 0.0000000000 142.4058507571 107.1602428282
Anouk 61.8274512184 107.1602428282 142.4058507571 63.4461494365
Bas 0.0000000000 170.6063922648 204.2333019755 46.3558311489
Bram 0.0000000000 216.9622234136 204.2333019755 157.9061645527
Charlotte 0.0000000000 374.8683879663 116.4129821261 84.6681847468
Cornelis 116.4129821261 374.8683879663 87.8203198495 84.6681847468
Daan 204.2333019755 0.0000000000 173.2831608655 180.6213239111
Daniël 377.5164628410 0.0000000000 145.4374412041 112.3398606207
David 204.2333019755 401.8816085312 173.2831608655 57.6549641819
Dylan 204.2333019755 352.2758763618 173.2831608655 49.6057321695
Eline 328.7628581482 180.6213239111 48.7536046928 171.6545524506
Emma 204.2333019755 180.6213239111 124.5295561727 171.6545524506
Eva 377.5164628410 112.3398606207 145.4374412041 210.9797382388
Femke 377.5164628410 323.3195988595 145.4374412041 136.2169738536
Fleur 522.9539040452 0.0000000000 158.0432737535 138.6815728366
Floris 680.9971777987 0.0000000000 111.0105423339 125.1488759308
Gijs 522.9539040452 355.0846111507 158.0432737535 104.4519615625
Ilse 522.9539040452 310.6255711010 158.0432737535 44.4590400497
Iris 522.9539040452 230.8135594456 158.0432737535 79.8120116554
Jan 522.9539040452 138.6815728366 158.0432737535 92.1319866089
Jasper 680.9971777987 125.1488759308 111.0105423339 89.0557831859
Jelle 792.0077201326 0.0000000000 44.9328385637 214.2046591167
Jesse 836.9405586963 0.0000000000 163.0594413037 168.5325933948
Johanna 836.9405586963 168.5325933948 163.0594413037 45.6720657219
Johannes 680.9971777987 214.2046591167 72.5856030985 139.7995990666
Joris 947.0405470955 214.2046591167 52.9594529045 139.7995990666
Julia 753.5827808972 214.2046591167 193.4577661983 139.7995990666
Koen 680.9971777987 354.0042581833 105.2337899888 105.5323145298
Lars 786.2309677875 354.0042581833 213.7690322125 105.5323145298
Lieke 0.0000000000 459.5365727131 151.4195583596 137.0395988241
Lisa 0.0000000000 596.5761715373 110.4478695427 221.1613285235
Lotte 814.6583969634 459.5365727131 185.3416030366 137.0395988241
Lucas 579.9374617308 459.5365727131 234.7209352325 137.0395988241
Luuk 357.7304668493 459.5365727131 222.2069948815 137.0395988241
Maria 285.0143269718 459.5365727131 72.7161398775 137.0395988241
Maud 151.4195583596 459.5365727131 133.5947686122 137.0395988241
Max 110.4478695427 596.5761715373 125.4043518766 159.2767365972
Merel 110.4478695427 755.8529081345 125.4043518766 61.8845919263
Mohamed 235.8522214193 596.5761715373 42.7601994931 221.1613285235
Naomi 278.6124209124 596.5761715373 106.2293745254 118.1656195721
Nick 278.6124209124 714.7417911094 106.2293745254 102.9957089514
Niels 0.0000000000 817.7375000608 110.4500905825 85.6215008783
Nikki 0.0000000000 903.3590009391 100.1214427155 96.6409990609
Nina 225.9834399953 817.7375000608 158.8583554425 85.6215008783
Pieter 110.4500905825 817.7375000608 115.5333494127 85.6215008783
Robin 100.1214427155 903.3590009391 91.1820281874 96.6409990609
Roos 191.3034709029 903.3590009391 193.5383245349 96.6409990609
Ruben 384.8417954378 596.5761715373 145.5902449280 157.8741624742
Sanne 530.4320403658 596.5761715373 113.8861847736 172.1275001441
Sarah 384.8417954378 910.0091277874 145.5902449280 89.9908722126
Sophie 384.8417954378 754.4503340115 145.5902449280 155.5587937759
Stijn 644.3182251394 596.5761715373 138.0279566611 172.1275001441
Sven 530.4320403658 768.7036716814 251.9141414346 75.4850807924
Tessa 530.4320403658 844.1887524737 81.7488928476 155.8112475263
Thijs 612.1809332134 844.1887524737 170.1652485870 155.8112475263
Thomas 782.3461818005 596.5761715373 160.4413176337 164.6915140619
Tim 782.3461818005 835.5900098938 160.4413176337 164.4099901062
Tom 782.3461818005 761.2676855992 160.4413176337 74.3223242946
Vera 942.7874994342 596.5761715373 57.2125005658 189.4749879277
Willem 942.7874994342 786.0511594650 57.2125005658 213.9488405350

Amber 0.0000000000 0.0000000000 65.6500433488 174.3006649019
Anne 65.6500433488 0.0000000000 148.1749217837 104.6891669068
Anouk 65.6500433488 104.6891669068 148.1749217837 69.6114979952
Bas 0.0000000000 174.3006649019 47.8920228596 202.7540707400
Bram 47.8920228596 174.3006649019 165.9329422729 202.7540707400
Charlotte 0.0000000000 377.0547356419 130.5656866738 85.1717843629
Cornelis 130.5656866738 377.0547356419 83.2592784587 85.1717843629
Daan 213.8249651325 0.0000000000 178.0857740586 195.4790569183
Daniël 391.9107391911 0.0000000000 141.9979079498 110.7043298301
David 213.8249651325 409.8234375719 178.0857740586 52.4030824329
Dylan 213.8249651325 355.1419602507 178.0857740586 54.6814773213
Eline 341.0849419845 195.4790569183 50.8257972066 159.6629033323
Emma 213.8249651325 195.4790569183 127.2599768520 159.6629033323
Eva 391.9107391911 110.7043298301 141.9979079498 207.3909036103
Femke 391.9107391911 318.0952334403 141.9979079498 144.1312865645
Fleur 533.9086471409 0.0000000000 158.6471408647 136.8901616937
Floris 692.5557880056 0.0000000000 118.0281185366 116.1000229332
Gijs 533.9086471409 347.5213453117 158.6471408647 114.7051746931
Ilse 533.9086471409 299.5583408493 158.6471408647 47.9630044624
Iris 533.9086471409 223.4265877344 158.6471408647 76.1317531149
Jan 533.9086471409 136.8901616937 158.6471408647 86.5364260406
Jasper 692.5557880056 116.1000229332 118.0281185366 95.6117835920
Jelle 810.5839065421 0.0000000000 44.7364642840 211.7118065252
Jesse 855.3203708262 0.0000000000 144.6796291738 161.8481047252
Johanna 855.3203708262 161.8481047252 144.6796291738 49.8637018000
Johannes 692.5557880056 211.7118065252 73.8454518762 136.9899924575
Joris 933.5096728127 211.7118065252 66.4903271873 136.9899924575
Julia 766.4012398818 211.7118065252 167.1084329309 136.9899924575
Koen 692.5557880056 348.7017989827 95.8544309913 113.5247210222
Lars 788.4102189969 348.7017989827 211.5897810031 113.5247210222
Lieke 0.0000000000 462.2265200048 136.7701209890 153.1890890044
Lisa 0.0000000000 615.4156090092 194.3466556223 123.1407666412
Lotte 843.3710380463 462.2265200048 156.6289619537 153.1890890044
Lucas 631.7176407627 462.2265200048 211.6533972836 153.1890890044
Luuk 447.0316647547 462.2265200048 184.6859760080 153.1890890044
Maria 384.6524781679 462.2265200048 62.3791865868 153.1890890044
Maud 269.7004400036 462.2265200048 114.9520381643 153.1890890044
Max 136.7701209890 462.2265200048 132.9303190146 153.1890890044
Merel 0.0000000000 738.5563756504 83.8711785284 88.3089358109
Mohamed 83.8711785284 738.5563756504 110.4754770939 88.3089358109
Naomi 0.0000000000 826.8653114613 194.3466556223 58.3945399213
Nick 0.0000000000 885.2598513826 98.9085658078 114.7401486174
Niels 98.9085658078 885.2598513826 95.4380898145 114.7401486174
Nikki 194.3466556223 615.4156090092 88.1134810520 112.9801383639
Nina 282.4601366743 615.4156090092 131.7042866018 100.7704972804
Pieter 194.3466556223 866.4612424585 88.1134810520 133.5387575415
Robin 194.3466556223 728.3957473731 88.1134810520 138.0654950853
Roos 282.4601366743 716.1861062897 131.7042866018 124.2375993868
Ruben 282.4601366743 840.4237056765 131.7042866018 159.5762943235
Sanne 414.1644232760 615.4156090092 162.8701594533 110.2654547596
Sarah 577.0345827293 615.4156090092 97.8778036692 196.0179861508
Sophie 414.1644232760 858.2074940769 162.8701594533 141.7925059231
Stijn 414.1644232760 725.6810637688 162.8701594533 132.5264303081
Sven 674.9123863986 615.4156090092 101.8857309746 196.0179861508
Tessa 577.0345827293 811.4335951601 199.7635346438 49.8841971091
Thijs 577.0345827293 861.3177922692 199.7635346438 138.6822077308
Thomas 776.7981173732 615.4156090092 166.0037123197 146.4608950146
Tim 776.7981173732 840.5867809365 166.0037123197 159.4132190635
Tom 776.7981173732 761.8765040238 166.0037123197 78.7102769126
Vera 942.8018296929 615.4156090092 57.1981703071 181.4486506366
Willem 942.8018296929 796.8642596459 57.1981703071 203.1357403541

Amber 0.0000000000 0.0000000000 202.5326731066 63.0999142871
Anne 0.0000000000 63.0999142871 114.8573448802 141.8814640776
Anouk 114.8573448802 63.0999142871 87.6753282264 141.8814640776
Bas 0.0000000000 204.9813783647 55.8233563688 163.9104282370
Bram 55.8233563688 204.9813783647 146.7093167378 163.9104282370
Charlotte 0.0000000000 368.8918066017 122.5342184113 96.8901050740
Cornelis 122.5342184113 368.8918066017 79.9984546953 96.8901050740
Daan 202.5326731066 0.0000000000 175.9883107395 186.0549518041
Daniël 378.5209838461 0.0000000000 141.3264063642 120.8822933968
David 202.5326731066 411.7668389160 175.9883107395 54.0150727597
Dylan 202.5326731066 359.1063761315 175.9883107395 52.6604627846
Eline 324.9668110085 186.0549518041 53.5541728376 173.0514243274
Emma 202.5326731066 186.0549518041 122.4341379019 173.0514243274
Eva 378.5209838461 120.8822933968 141.3264063642 200.9123989974
Femke 378.5209838461 321.7946923942 141.3264063642 143.9872192815
Fleur 519.8473902102 0.0000000000 158.6979462619 133.6591572635
Floris 678.5453364721 0.0000000000 125.1981321109 115.0751153144
Gijs 519.8473902102 354.9972324533 158.6979462619 110.7846792225
Ilse 519.8473902102 311.2846972277 158.6979462619 43.7125352256
Iris 519.8473902102 230.5668411762 158.6979462619 80.7178560514
Jan 519.8473902102 133.6591572635 158.6979462619 96.9076839128
Jasper 678.5453364721 115.0751153144 125.1981321109 99.5079246485
Jelle 803.7434685830 0.0000000000 40.4267083772 214.5830399629
Jesse 844.1701769602 0.0000000000 155.8298230398 164.5545369316
Johanna 844.1701769602 164.5545369316 155.8298230398 50.0285030314
Johannes 678.5453364721 214.5830399629 80.9316069836 134.5750699380
Joris 944.9097131410 214.5830399629 55.0902868590 134.5750699380
Julia 759.4769434557 214.5830399629 185.4327696853 134.5750699380
Koen 678.5453364721 349.1581099009 107.4792351041 116.6238017749
Lars 786.0245715762 349.1581099009 213.9754284238 116.6238017749
Lieke 0.0000000000 465.7819116757 155.3665248937 151.1267392619
Lisa 0.0000000000 616.9086509377 119.4526099568 192.5542922525
Lotte 834.7513356635 465.7819116757 165.2486643365 151.1267392619
Lucas 651.3752343807 465.7819116757 183.3761012828 151.1267392619
Luuk 456.4396080886 465.7819116757 194.9356262920 151.1267392619
Maria 389.7096228081 465.7819116757 66.7299852806 151.1267392619
Maud 275.4279551032 465.7819116757 114.2816677049 151.1267392619
Max 155.3665248937 465.7819116757 120.0614302095 151.1267392619
Merel 119.4526099568 616.9086509377 83.5008535621 78.4480449918
Mohamed 119.4526099568 695.3566959294 83.5008535621 114.1062472607
Naomi 0.0000000000 809.4629431902 202.9534635189 64.5515341646
Nick 0.0000000000 874.0144773548 107.2374195886 125.9855226452
Niels 107.2374195886 874.0144773548 95.7160439303 125.9855226452
Nikki 202.9534635189 616.9086509377 105.3142912659 95.0660266585
Nina 202.9534635189 887.2637081634 105.3142912659 112.7362918366
Pieter 202.9534635189 807.0407042546 105.3142912659 80.2230039088
Robin 202.9534635189 711.9746775961 105.3142912659 95.0660266585
Roos 308.2677547848 616.9086509377 110.8520353638 159.4814993905
Ruben 308.2677547848 776.3901503282 110.8520353638 223.6098496718
Sanne 419.1197901486 616.9086509377 164.3835616438 122.4896098361
Sarah 583.5033517925 616.9086509377 191.1418459309 94.6436826997
Sophie 419.1197901486 868.9393585524 164.3835616438 131.0606414476
Stijn 419.1197901486 739.3982607738 164.3835616438 129.5410977786
Sven 583.5033517925 711.5523336374 191.1418459309 97.9284959822
Tessa 583.5033517925 809.4808296196 191.1418459309 53.9941183298
Thijs 583.5033517925 863.4749479494 191.1418459309 136.5250520506
Thomas 774.6451977234 616.9086509377 169.6307057136 154.0693469055
Tim 774.6451977234 845.6993177388 169.6307057136 154.3006822612
Tom 774.6451977234 770.9779978432 169.6307057136 74.7213198956
Vera 944.2759034371 616.9086509377 55.7240965629 188.7288263763
Willem 944.2759034371 805.6374773140 55.7240965629 194.3625226860

Amber 0.0000000000 0.0000000000 204.1803150835 60.8304029045
Anne 0.0000000000 60.8304029045 111.4347943876 152.3374559844
Anouk 111.4347943876 60.8304029045 92.7455206958 152.3374559844
Bas 0.0000000000 213.1678588890 64.8651437656 159.6580202308
Bram 64.8651437656 213.1678588890 139.3151713179 159.6580202308
Charlotte 0.0000000000 372.8258791198 123.1902109794 83.4892922386
Cornelis 123.1902109794 372.8258791198 80.9901041041 83.4892922386
Daan 204.1803150835 0.0000000000 171.3461238496 168.6517611029
Daniël 375.5264389331 0.0000000000 137.5760411792 116.7611434320
David 204.1803150835 399.0527544021 171.3461238496 57.2624169563
Dylan 204.1803150835 346.0132295517 171.3461238496 53.0395248504
Eline 204.1803150835 284.8657518579 171.3461238496 61.1474776938
Emma 204.1803150835 168.6517611029 171.3461238496 116.2139907550
Eva 375.5264389331 116.7611434320 137.5760411792 204.8053569928
Femke 375.5264389331 321.5665004248 137.5760411792 134.7486709336
Fleur 513.1024801123 0.0000000000 131.3367649353 154.9954144994
Floris 644.4392450476 0.0000000000 129.2488621083 104.1477623266
Gijs 513.1024801123 329.5968539436 131.3367649353 126.7183174148
Ilse 513.1024801123 261.6081116146 131.3367649353 67.9887423290
Iris 513.1024801123 154.9954144994 131.3367649353 106.6126971152
Jan 644.4392450476 104.1477623266 129.2488621083 108.3025932705
Jasper 773.6881071559 0.0000000000 63.5291017142 212.4503555971
Jelle 837.2172088701 0.0000000000 162.7827911299 60.7001015992
Jesse 837.2172088701 60.7001015992 162.7827911299 151.7502539980
Johanna 644.4392450476 212.4503555971 96.4397664118 73.5017817943
Johannes 644.4392450476 285.9521373914 83.9024994392 170.3630339670
Joris 936.8339952095 212.4503555971 63.1660047905 73.5017817943
Julia 740.8790114593 212.4503555971 195.9549837502 73.5017817943
Koen 728.3417444868 285.9521373914 96.2009114091 170.3630339670
Lars 824.5426558959 285.9521373914 175.4573441041 170.3630339670
Lieke 0.0000000000 456.3151713584 153.0223702999 149.5426883519
Lisa 0.0000000000 605.8578597103 116.9528032696 192.4227538486
Lotte 830.6044740600 456.3151713584 169.3955259400 149.5426883519
Lucas 628.9788259278 456.3151713584 201.6256481322 149.5426883519
Luuk 454.8362277269 456.3151713584 174.1425982009 149.5426883519
Maria 388.6270619834 456.3151713584 66.2091657435 149.5426883519
Maud 271.1994850043 456.3151713584 117.4275769791 149.5426883519
Max 153.0223702999 456.3151713584 118.1771147045 149.5426883519
Merel 116.9528032696 605.8578597103 82.8871113515 88.8105017763
Mohamed 116.9528032696 694.6683614866 82.8871113515 103.6122520723
Naomi 0.0000000000 798.2806135589 199.8399146211 69.1108158763
Nick 0.0000000000 867.3914294352 103.8850349816 132.6085705648
Niels 103.8850349816 867.3914294352 95.9548796395 132.6085705648
Nikki 199.8399146211 605.8578597103 126.9121309143 81.4799799478
Nina 199.8399146211 904.4336506375 126.9121309143 95.5663493625
Pieter 199.8399146211 836.2114301389 126.9121309143 68.2222204986
Robin 199.8399146211 687.3378396581 126.9121309143 148.8735904808
Roos 326.7520455354 605.8578597103 103.8776236215 170.0750331387
Ruben 326.7520455354 775.9328928490 103.8776236215 224.0671071510
Sanne 430.6296691569 605.8578597103 159.8185699039 133.5740475439
Sarah 590.4482390608 605.8578597103 83.2542914184 182.4581792587
Sophie 430.6296691569 861.3735146904 159.8185699039 138.6264853096
Stijn 430.6296691569 739.4319072542 159.8185699039 121.9416074362
Sven 673.7025304792 605.8578597103 100.6415512969 182.4581792587
Tessa 590.4482390608 788.3160389690 183.8958427153 70.0201021627
Thijs 590.4482390608 858.3361411317 183.8958427153 141.6638588683
Thomas 774.3440817762 605.8578597103 167.4190782290 153.8224416289
Tim 774.3440817762 838.3749707522 167.4190782290 161.6250292478
Tom 774.3440817762 759.6803013392 167.4190782290 78.6946694130
Vera 941.7631600052 605.8578597103 58.2368399948 184.5738803308
Willem 941.7631600052 790.4317400411 58.2368399948 209.5682599589

Amber 0.0000000000 0.0000000000 213.0963936385 74.5102360688
Anne 0.0000000000 74.5102360688 115.8179989990 155.5480782890
Anouk 115.8179989990 74.5102360688 97.2783946395 155.5480782890
Bas 0.0000000000 230.0583143578 68.3347085085 150.9309910112
Bram 68.3347085085 230.0583143578 144.7616851299 150.9309910112
Charlotte 0.0000000000 380.9893053691 117.4110281652 73.3957667259
Cornelis 117.4110281652 380.9893053691 95.6853654732 73.3957667259
Daan 213.0963936385 0.0000000000 169.6408571642 180.3940735166
Daniël 382.7372508027 0.0000000000 138.5798551482 117.0385791760
David 213.0963936385 406.6605971453 169.6408571642 47.7244749497
Dylan 213.0963936385 352.7581966358 169.6408571642 53.9024005095
Eline 213.0963936385 300.5547256553 169.6408571642 52.2034709806
Emma 213.0963936385 180.3940735166 169.6408571642 120.1606521387
Eva 382.7372508027 117.0385791760 138.5798551482 186.1977395982
Femke 382.7372508027 303.2363187741 138.5798551482 151.1487533209
Fleur 521.3171059509 0.0000000000 121.0333756440 148.2848261186
Floris 642.3504815949 0.0000000000 126.5734854758 92.8529598479
Gijs 521.3171059509 334.3874041147 121.0333756440 119.9976679803
Ilse 521.3171059509 255.2738973489 121.0333756440 79.1135067658
Iris 521.3171059509 148.2848261186 121.0333756440 106.9890712303
Jan 642.3504815949 92.8529598479 126.5734854758 112.6724512774
Jasper 768.9239670706 0.0000000000 63.2031406999 205.5254111252
Jelle 832.1271077706 0.0000000000 167.8728922294 61.6166820206
Jesse 832.1271077706 61.6166820206 167.8728922294 143.9087291046
Johanna 642.3504815949 205.5254111252 113.9918783761 72.3518628225
Johannes 642.3504815949 277.8772739477 78.2591977555 176.5077981473
Joris 947.0077919500 205.5254111252 52.9922080500 72.3518628225
Julia 756.3423599710 205.5254111252 190.6654319790 72.3518628225
Koen 720.6096793504 277.8772739477 96.9516812959 176.5077981473
Lars 817.5613606463 277.8772739477 182.4386393537 176.5077981473
Lieke 0.0000000000 454.3850720950 147.3773624973 159.7625106022
Lisa 0.0000000000 614.1475826972 124.8355452394 163.2315756147
Lotte 845.4048786231 454.3850720950 154.5951213769 159.7625106022
Lucas 654.8628673212 454.3850720950 190.5420113019 159.7625106022
Luuk 504.2618448249 454.3850720950 150.6010224963 159.7625106022
Maria 428.6089130872 454.3850720950 75.6529317376 159.7625106022
Maud 316.5391974386 454.3850720950 112.0697156486 159.7625106022
Max 202.5899058462 454.3850720950 113.9492915924 159.7625106022
Merel 147.3773624973 454.3850720950 55.2125433489 159.7625106022
Mohamed 124.8355452394 614.1475826972 59.7039564189 163.2315756147
Naomi 0.0000000000 777.3791583119 184.5395016583 70.0579965057
Nick 0.0000000000 847.4371548176 102.1634770253 152.5628451824
Niels 102.1634770253 847.4371548176 82.3760246330 152.5628451824
Nikki 184.5395016583 614.1475826972 134.0250021260 96.9527647537
Nina 184.5395016583 906.2300280286 134.0250021260 93.7699719714
Pieter 184.5395016583 839.3913795999 134.0250021260 66.8386484287
Robin 184.5395016583 711.1003474509 134.0250021260 128.2910321489
Roos 318.5645037843 614.1475826972 110.3835360150 145.6607738662
Ruben 318.5645037843 759.8083565634 110.3835360150 240.1916434366
Sanne 428.9480397993 614.1475826972 154.0947359469 135.8575288296
Sarah 583.0427757462 614.1475826972 189.4445820186 75.8934305428
Sophie 428.9480397993 866.7397148645 154.0947359469 133.2602851355
Stijn 428.9480397993 750.0051115268 154.0947359469 116.7346033377
Sven 583.0427757462 690.0410132400 189.4445820186 114.5698903386
Tessa 583.0427757462 804.6109035786 189.4445820186 67.3189323805
Thijs 583.0427757462 871.9298359591 189.4445820186 128.0701640409
Thomas 772.4873577649 614.1475826972 172.0676321786 150.6451394988
Tim 772.4873577649 848.5514197573 172.0676321786 151.4485802427
Tom 772.4873577649 764.7927221960 172.0676321786 83.7586975613
Vera 944.5549899435 614.1475826972 55.4450100565 172.0440503644
Willem 944.5549899435 786.1916330616 55.4450100565 213.8083669384

Amber 0.0000000000 0.0000000000 212.8210662638 73.9335462968
Anne 0.0000000000 73.9335462968 113.7596049565 165.9188077191
Anouk 113.7596049565 73.9335462968 99.0614613073 165.9188077191
Bas 0.0000000000 239.8523540159 74.9369951633 144.8846353120
Bram 74.9369951633 239.8523540159 137.8840711005 144.8846353120
Charlotte 0.0000000000 384.7369893278 115.4354895908 79.5845179883
Cornelis 115.4354895908 384.7369893278 97.3855766730 79.5845179883
Daan 212.8210662638 0.0000000000 177.8545219081 171.3030803690
Daniël 390.6755881718 0.0000000000 123.7499100655 136.5651492106
David 212.8210662638 411.9263962196 177.8545219081 52.3951110965
Dylan 212.8210662638 342.6137414149 177.8545219081 69.3126548047
Eline 326.0477225887 171.3030803690 64.6278655831 171.3106610458
Emma 212.8210662638 171.3030803690 113.2266563250 171.3106610458
Eva 390.6755881718 136.5651492106 123.7499100655 188.0874555037
Femke 390.6755881718 324.6526047143 123.7499100655 139.6689026018
Fleur 514.4254982373 0.0000000000 121.0159004245 145.7560974215
Floris 635.4413986618 0.0000000000 131.9654893829 96.9892260249
Gijs 514.4254982373 345.1068119984 121.0159004245 119.2146953177
Ilse 514.4254982373 271.1541275586 121.0159004245 73.9526844398
Iris 514.4254982373 145.7560974215 121.0159004245 125.3980301371
Jan 635.4413986618 96.9892260249 131.9654893829 120.9115016128
Jasper 767.4068880447 0.0000000000 62.2033034681 217.9007276377
Jelle 829.6101915128 0.0000000000 170.3898084872 62.6313551713
Jesse 829.6101915128 62.6313551713 170.3898084872 155.2693724664
Johanna 635.4413986618 217.9007276377 110.4723034358 71.4413184782
Johannes 635.4413986618 289.3420461159 75.3739354938 174.9794612002
Joris 937.9020680687 217.9007276377 62.0979319313 71.4413184782
Julia 745.9137020976 217.9007276377 191.9883659711 71.4413184782
Koen 710.8153341555 289.3420461159 104.0160309814 174.9794612002
Lars 814.8313651370 289.3420461159 185.1686348630 174.9794612002
Lieke 0.0000000000 464.3215073161 157.8138718174 152.2015099886
Lisa 0.0000000000 616.5230173047 124.4406070416 145.0658886039
Lotte 845.2588112555 464.3215073161 154.7411887445 152.2015099886
Lucas 679.2243991088 464.3215073161 166.0344121467 152.2015099886
Luuk 533.8541829745 464.3215073161 145.3702161342 152.2015099886
Maria 462.9711850248 464.3215073161 70.8829979497 152.2015099886
Maud 331.2970057825 464.3215073161 131.6741792422 152.2015099886
Max 211.6368939894 464.3215073161 119.6601117931 152.2015099886
Merel 157.8138718174 464.3215073161 53.8230221720 152.2015099886
Mohamed 124.4406070416 616.5230173047 58.8630928992 145.0658886039
Naomi 0.0000000000 761.5889059086 183.3036999407 69.7874970817
Nick 0.0000000000 831.3764029904 98.0058647792 168.6235970096
Niels 98.0058647792 831.3764029904 85.2978351615 168.6235970096
Nikki 183.3036999407 616.5230173047 120.9042418085 111.1761000251
Nina 183.3036999407 884.7957804088 120.9042418085 115.2042195912
Pieter 183.3036999407 813.0952521317 120.9042418085 71.7005282771
Robin 183.3036999407 727.6991173298 120.9042418085 85.3961348019
Roos 304.2079417492 616.5230173047 102.2775378884 147.2957946777
Ruben 304.2079417492 763.8188119824 102.2775378884 236.1811880176
Sanne 406.4854796376 616.5230173047 156.8876471086 145.6922805275
Sarah 563.3731267463 616.5230173047 67.7812116838 177.6530190723
Sophie 406.4854796376 871.2334023372 156.8876471086 128.7665976628
Stijn 406.4854796376 762.2152978322 156.8876471086 109.0181045050
Sven 631.1543384300 616.5230173047 129.3117064399 177.6530190723
Tessa 563.3731267463 794.1760363771 197.0929181237 67.7863353249
Thijs 563.3731267463 861.9623717020 197.0929181237 138.0376282980
Thomas 760.4660448699 616.5230173047 183.7000109233 147.7236455506
Tim 760.4660448699 843.2089184054 183.7000109233 156.7910815946
Tom 760.4660448699 764.2466628553 183.7000109233 78.9622555501
Vera 944.1660557933 616.5230173047 55.8339442067 159.1087642950
Willem 944.1660557933 775.6317815997 55.8339442067 224.3682184003

Amber 0.0000000000 0.0000000000 213.0472475076 69.7694500900
Anne 0.0000000000 69.7694500900 109.5791975311 158.1545157869
Anouk 109.5791975311 69.7694500900 103.4680499765 158.1545157869
Bas 0.0000000000 227.9239658768 75.7652101009 147.3605874097
Bram 75.7652101009 227.9239658768 137.2820374067 147.3605874097
Charlotte 0.0000000000 375.2845532866 114.2707963904 86.0385595280
Cornelis 114.2707963904 375.2845532866 98.7764511172 86.0385595280
Daan 213.0472475076 0.0000000000 168.3282762607 164.3339843932
Daniël 381.3755237682 0.0000000000 125.4154023985 126.6735412085
David 213.0472475076 400.7518263091 168.3282762607 60.5712865055
Dylan 213.0472475076 333.6229646264 168.3282762607 67.1288616827
Eline 213.0472475076 274.2596524957 168.3282762607 59.3633121307
Emma 213.0472475076 164.3339843932 168.3282762607 109.9256681025
Eva 381.3755237682 126.6735412085 125.4154023985 182.0932154872
Femke 381.3755237682 308.7667566957 125.4154023985 152.5563561189
Fleur 506.7909261667 0.0000000000 122.9591099552 159.9181178382
Floris 629.7500361219 0.0000000000 129.2910951318 100.0336346492
Gijs 506.7909261667 361.3145904540 122.9591099552 100.0085223606
Ilse 506.7909261667 291.4235771261 122.9591099552 69.8910133279
Iris 506.7909261667 159.9181178382 122.9591099552 131.5054592879
Jan 629.7500361219 100.0336346492 129.2910951318 116.3930226213
Jasper 759.0411312537 0.0000000000 71.2943461384 216.4266572705
Jelle 830.3354773921 0.0000000000 169.6645226079 59.2669788559
Jesse 830.3354773921 59.2669788559 169.6645226079 157.1596784145
Johanna 629.7500361219 216.4266572705 110.0743135854 79.6967050356
Johannes 629.7500361219 296.1233623060 91.0024489869 165.1997505085
Joris 931.2115551465 216.4266572705 68.7884448535 79.6967050356
Julia 739.8243497073 216.4266572705 191.3872054392 79.6967050356
Koen 720.7524851088 296.1233623060 104.0027988421 165.1997505085
Lars 824.7552839510 296.1233623060 175.2447160490 165.1997505085
Lieke 0.0000000000 461.3231128145 146.3679860809 153.2411264789
Lisa 0.0000000000 614.5642392935 128.0859214243 152.1177013276
Lotte 831.2174412912 461.3231128145 168.7825587088 153.2411264789
Lucas 658.6420160946 461.3231128145 172.5754251966 153.2411264789
Luuk 521.6247142214 461.3231128145 137.0173018732 153.2411264789
Maria 449.0861426415 461.3231128145 72.5385715799 153.2411264789
Maud 327.9514691862 461.3231128145 121.1346734553 153.2411264789
Max 212.0319871516 461.3231128145 115.9194820346 153.2411264789
Merel 146.3679860809 461.3231128145 65.6640010707 153.2411264789
Mohamed 128.0859214243 614.5642392935 54.7721827056 152.1177013276
Naomi 0.0000000000 766.6819406211 182.8581041299 70.2081698435
Nick 0.0000000000 836.8901104646 90.4352580207 163.1098895354
Niels 90.4352580207 836.8901104646 92.4228461091 163.1098895354
Nikki 182.8581041299 614.5642392935 80.6627975439 120.9761876670
Nina 263.5209016738 614.5642392935 152.1574564724 88.2854665874
Pieter 182.8581041299 909.0101964047 80.6627975439 90.9898035953
Robin 182.8581041299 735.5404269605 80.6627975439 173.4697694442
Roos 263.5209016738 702.8497058808 152.1574564724 107.5688711315
Ruben 263.5209016738 810.4185770123 152.1574564724 189.5814229877
Sanne 415.6783581462 614.5642392935 147.6154428463 159.8844637005
Sarah 563.2938009925 614.5642392935 69.3107273255 182.1386737465
Sophie 415.6783581462 891.3951695344 147.6154428463 108.6048304656
Stijn 415.6783581462 774.4487029939 147.6154428463 116.9464665405
Sven 632.6045283180 614.5642392935 127.9288906559 182.1386737465
Tessa 563.2938009925 796.7029130400 197.2396179815 71.2333244856
Thijs 563.2938009925 867.9362375255 197.2396179815 132.0637624745
Thomas 760.5334189740 614.5642392935 147.7041421023 185.0656737418
Tim 908.2375610763 614.5642392935 91.7624389237 230.5030445265
Tom 760.5334189740 799.6299130353 147.7041421023 200.3700869647
Vera 908.2375610763 845.0672838200 91.7624389237 67.9862093727
Willem 908.2375610763 913.0534931927 91.7624389237 86.9465068073

Amber 0.0000000000 0.0000000000 221.2665086353 71.3610397034
Anne 0.0000000000 71.3610397034 110.6332543176 171.1516284235
Anouk 110.6332543176 71.3610397034 110.6332543176 171.1516284235
Bas 0.0000000000 242.5126681270 92.5642127815 150.3320091942
Bram 92.5642127815 242.5126681270 128.7022958538 150.3320091942
Charlotte 0.0000000000 392.8446773212 112.5083942213 76.2428814538
Cornelis 112.5083942213 392.8446773212 108.7581144140 76.2428814538
Daan 221.2665086353 0.0000000000 168.5743311886 171.6909465826
Daniël 389.8408398239 0.0000000000 124.4835760244 133.7434516315
David 221.2665086353 409.6082363365 168.5743311886 59.4793224385
Dylan 221.2665086353 344.5208634966 168.5743311886 65.0873728398
Eline 221.2665086353 281.6427226331 168.5743311886 62.8781408635
Emma 221.2665086353 171.6909465826 168.5743311886 109.9517760506
Eva 389.8408398239 133.7434516315 124.4835760244 173.7257045403
Femke 389.8408398239 307.4691561718 124.4835760244 161.6184026031
Fleur 514.3244158483 0.0000000000 157.1283440569 127.7859211835
Floris 671.4527599052 0.0000000000 124.0719483250 101.3742259804
Gijs 514.3244158483 392.7362742386 157.1283440569 76.3512845363
Ilse 514.3244158483 336.8972751001 157.1283440569 55.8389991385
Iris 514.3244158483 221.9904911587 157.1283440569 114.9067839415
Jan 514.3244158483 127.7859211835 157.1283440569 94.2045699752
Jasper 671.4527599052 101.3742259804 124.0719483250 118.9248025713
Jelle 795.5247082302 0.0000000000 53.1104653948 220.2990285516
Jesse 848.6351736249 0.0000000000 151.3648263751 166.6199280273
Johanna 848.6351736249 166.6199280273 151.3648263751 53.6791005243
Johannes 671.4527599052 220.2990285516 92.2739479697 125.0372573369
Joris 933.9786400442 220.2990285516 66.0213599558 125.0372573369
Julia 763.7267078748 220.2990285516 170.2519321694 125.0372573369
Koen 671.4527599052 345.3362858885 112.1420235975 123.7512728864
Lars 783.5947835027 345.3362858885 216.4052164973 123.7512728864
Lieke 0.0000000000 469.0875587749 137.5480563862 148.7482526369
Lisa 0.0000000000 617.8358114119 137.2981318976 154.0728441108
Lotte 854.2530245502 469.0875587749 145.7469754498 148.7482526369
Lucas 682.8268200927 469.0875587749 171.4262044576 148.7482526369
Luuk 547.0276540784 469.0875587749 135.7991660143 148.7482526369
Maria 468.1392118111 469.0875587749 78.8884422673 148.7482526369
Maud 358.7133080210 469.0875587749 109.4259037901 148.7482526369
Max 223.8395196286 469.0875587749 134.8737883924 148.7482526369
Merel 137.5480563862 469.0875587749 86.2914632425 148.7482526369
Mohamed 137.2981318976 617.8358114119 57.6933584987 154.0728441108
Naomi 0.0000000000 771.9086555226 194.9914903963 67.8238190055
Nick 0.0000000000 839.7324745281 95.4665968838 160.2675254719
Niels 95.4665968838 839.7324745281 99.5248935125 160.2675254719
Nikki 194.9914903963 617.8358114119 124.4023016452 83.9018446607
Nina 194.9914903963 913.3595194602 124.4023016452 86.6404805398
Pieter 194.9914903963 846.6363907685 124.4023016452 66.7231286916
Robin 194.9914903963 701.7376560726 124.4023016452 144.8987346960
Roos 319.3937920415 617.8358114119 94.7402544777 168.3614688819
Ruben 319.3937920415 786.1972802937 94.7402544777 213.8027197063
Sanne 414.1340465192 617.8358114119 153.4159980549 147.9801110592
Sarah 567.5500445741 617.8358114119 72.2797528933 177.8982642074
Sophie 414.1340465192 874.7311428861 153.4159980549 125.2688571139
Stijn 414.1340465192 765.8159224711 153.4159980549 108.9152204150
Sven 639.8297974674 617.8358114119 123.2791724474 177.8982642074
Tessa 567.5500445741 795.7340756193 195.5589253407 70.0912485620
Thijs 567.5500445741 865.8253241813 195.5589253407 134.1746758187
Thomas 763.1089699148 617.8358114119 182.3224041932 149.6436822762
Tim 763.1089699148 856.0843055621 182.3224041932 143.9156944379
Tom 763.1089699148 767.4794936881 182.3224041932 88.6048118741
Vera 945.4313741080 617.8358114119 54.5686258920 168.6546184380
Willem 945.4313741080 786.4904298498 54.5686258920 213.5095701502

Amber 0.0000000000 0.0000000000 225.3732316318 78.7745187391
Anne 0.0000000000 78.7745187391 103.5788227785 172.5927823762
Anouk 103.5788227785 78.7745187391 121.7944088533 172.5927823762
Bas 0.0000000000 251.3673011153 86.3930721255 147.7022226358
Bram 86.3930721255 251.3673011153 138.9801595063 147.7022226358
Charlotte 0.0000000000 399.0695237511 125.4396465483 73.7143500006
Cornelis 125.4396465483 399.0695237511 99.9335850835 73.7143500006
Daan 225.3732316318 0.0000000000 173.8053328118 170.0674174523
Daniël 399.1785644436 0.0000000000 125.3667123020 139.7431980824
David 225.3732316318 414.1178938487 173.8053328118 58.6659799030
Dylan 225.3732316318 346.0653571613 173.8053328118 68.0525366875
Eline 225.3732316318 284.1140823837 173.8053328118 61.9512747775
Emma 225.3732316318 170.0674174523 173.8053328118 114.0466649314
Eva 399.1785644436 139.7431980824 125.3667123020 184.9296214144
Femke 399.1785644436 324.6728194967 125.3667123020 148.1110542550
Fleur 524.5452767456 0.0000000000 154.6385031619 120.5877924198
Floris 679.1837799074 0.0000000000 122.1816784762 86.9972078184
Gijs 524.5452767456 395.4546613053 154.6385031619 77.3292124464
Ilse 524.5452767456 336.2666622053 154.6385031619 59.1879991000
Iris 524.5452767456 210.1943916765 154.6385031619 126.0722705288
Jan 524.5452767456 120.5877924198 154.6385031619 89.6065992567
Jasper 679.1837799074 86.9972078184 122.1816784762 135.7052253693
Jelle 801.3654583837 0.0000000000 49.5871841301 222.7024331877
Jesse 850.9526425138 0.0000000000 149.0473574862 157.7920403890
Johanna 850.9526425138 157.7920403890 149.0473574862 64.9103927987
Johannes 679.1837799074 222.7024331877 90.9265222722 129.8518864333
Joris 932.3565494686 222.7024331877 67.6434505314 129.8518864333
Julia 770.1103021797 222.7024331877 162.2462472890 129.8518864333
Koen 679.1837799074 352.5543196210 110.9092378043 120.2295541307
Lars 790.0930177117 352.5543196210 209.9069822883 120.2295541307
Lieke 0.0000000000 472.7838737517 138.8115134633 132.7826408581
Lisa 0.0000000000 605.5665146098 113.2655178427 178.1442039547
Lotte 845.5767877234 472.7838737517 154.4232122766 132.7826408581
Lucas 661.1526802906 472.7838737517 184.4241074328 132.7826408581
Luuk 519.7531124228 472.7838737517 141.3995678678 132.7826408581
Maria 435.3319888439 472.7838737517 84.4211235789 132.7826408581
Maud 289.5136844803 472.7838737517 145.8183043636 132.7826408581
Max 138.8115134633 472.7838737517 150.7021710170 132.7826408581
Merel 113.2655178427 605.5665146098 116.8969313919 108.3095677890
Mohamed 113.2655178427 713.8760823988 116.8969313919 69.8346361657
Naomi 0.0000000000 783.7107185644 230.1624492346 60.4967544609
Nick 0.0000000000 844.2074730254 108.7537346040 155.7925269746
Niels 108.7537346040 844.2074730254 121.4087146306 155.7925269746
Nikki 230.1624492346 605.5665146098 82.6304279913 118.1809214260
Nina 312.7928772259 605.5665146098 144.2517963137 107.1482863739
Pieter 230.1624492346 914.2858270508 82.6304279913 85.7141729492
Robin 230.1624492346 723.7474360358 82.6304279913 190.5383910150
Roos 312.7928772259 712.7148009837 144.2517963137 136.8843933722
Ruben 312.7928772259 849.5991943559 144.2517963137 150.4008056441
Sanne 457.0446735395 605.5665146098 133.0834114339 174.0692376839
Sarah 590.1280849734 605.5665146098 66.7618069272 172.7941851733
Sophie 457.0446735395 892.6061584648 133.0834114339 107.3938415352
Stijn 457.0446735395 779.6357522937 133.0834114339 112.9704061711
Sven 656.8898919006 605.5665146098 110.2039967868 172.7941851733
Tessa 590.1280849734 778.3606997831 176.9658037140 75.8384680941
Thijs 590.1280849734 854.1991678772 176.9658037140 145.8008321228
Thomas 767.0938886874 605.5665146098 178.6135300055 153.0067164267
Tim 767.0938886874 848.8126262181 178.6135300055 151.1873737819
Tom 767.0938886874 758.5732310365 178.6135300055 90.2393951815
Vera 945.7074186930 605.5665146098 54.2925813070 184.3482754176
Willem 945.7074186930 789.9147900274 54.2925813070 210.0852099726

Amber 0.0000000000 0.0000000000 233.2398829839 86.4594610551
Anne 0.0000000000 86.4594610551 127.8892184150 172.1627169114
Anouk 127.8892184150 86.4594610551 105.3506645689 172.1627169114
Bas 0.0000000000 258.6221779665 87.2921492624 148.8463899505
Bram 87.2921492624 258.6221779665 145.9477337215 148.8463899505
Charlotte 0.0000000000 407.4685679170 124.4731362052 74.8643146745
Cornelis 124.4731362052 407.4685679170 108.7667467787 74.8643146745
Daan 233.2398829839 0.0000000000 171.0141394442 177.0502028045
Daniël 404.2540224281 0.0000000000 125.8532423208 140.2583503497
David 233.2398829839 424.1691462208 171.0141394442 58.1637363707
Dylan 233.2398829839 352.4646458273 171.0141394442 71.7045003935
Eline 233.2398829839 292.1466969984 171.0141394442 60.3179488289
Emma 233.2398829839 177.0502028045 171.0141394442 115.0964941939
Eva 404.2540224281 140.2583503497 125.8532423208 162.5957913314
Femke 404.2540224281 302.8541416811 125.8532423208 179.4787409105
Fleur 530.1072647489 0.0000000000 156.8746952706 123.6750981004
Floris 686.9819600195 0.0000000000 123.0874549991 83.6938065466
Gijs 530.1072647489 409.9557077014 156.8746952706 72.3771748902
Ilse 530.1072647489 334.8601412660 156.8746952706 75.0955664354
Iris 530.1072647489 214.4014159205 156.8746952706 120.4587253454
Jan 530.1072647489 123.6750981004 156.8746952706 90.7263178201
Jasper 686.9819600195 83.6938065466 123.0874549991 132.6186726881
Jelle 810.0694150186 0.0000000000 54.2658814233 216.3124792347
Jesse 864.3352964419 0.0000000000 135.6647035581 149.6161314707
Johanna 864.3352964419 149.6161314707 135.6647035581 66.6963477640
Johannes 686.9819600195 216.3124792347 100.5329756447 136.5258898285
Joris 939.9936804615 216.3124792347 60.0063195385 136.5258898285
Julia 787.5149356642 216.3124792347 152.4787447974 136.5258898285
Koen 686.9819600195 352.8383690632 104.8114704007 129.4945135283
Lars 791.7934304202 352.8383690632 208.2065695798 129.4945135283
Lieke 0.0000000000 482.3328825916 124.2286020928 109.5596448939
Lisa 0.0000000000 591.8925274854 89.0043865830 224.9726889614
Lotte 783.0760194055 482.3328825916 216.9239805945 109.5596448939
Lucas 558.6334926287 482.3328825916 224.4425267768 109.5596448939
Luuk 392.1116179233 482.3328825916 166.5218747054 109.5596448939
Maria 282.3965365956 482.3328825916 109.7150813276 109.5596448939
Maud 124.2286020928 482.3328825916 158.1679345028 109.5596448939
Max 89.0043865830 591.8925274854 143.6766589819 135.9167733130
Merel 89.0043865830 727.8093007984 143.6766589819 89.0559156484
Mohamed 0.0000000000 816.8652164468 232.6810455649 38.8315888519
Naomi 0.0000000000 855.6968052987 106.6454792173 144.3031947013
Nick 106.6454792173 855.6968052987 126.0355663477 144.3031947013
Niels 232.6810455649 591.8925274854 128.1245536352 151.2772961105
Nikki 232.6810455649 921.5177937472 128.1245536352 78.4822062528
Nina 232.6810455649 812.3251589607 128.1245536352 109.1926347865
Pieter 232.6810455649 743.1698235959 128.1245536352 69.1553353648
Robin 360.8055992001 591.8925274854 92.0582773889 249.1703497820
Roos 360.8055992001 841.0628772674 92.0582773889 158.9371227326
Ruben 452.8638765891 591.8925274854 126.9104413655 132.2846956491
Sanne 579.7743179546 591.8925274854 123.4359192530 194.5598403065
Sarah 452.8638765891 894.2357883581 126.9104413655 105.7642116419
Sophie 452.8638765891 724.1772231345 126.9104413655 170.0585652236
Stijn 703.2102372075 591.8925274854 88.3302908416 194.5598403065
Sven 579.7743179546 786.4523677919 211.7662100945 65.4168447020
Tessa 579.7743179546 851.8692124939 89.2430033761 148.1307875061
Thijs 669.0173213307 851.8692124939 122.5232067184 148.1307875061
Thomas 791.5405280491 591.8925274854 160.9504178061 157.9384474344
Tim 791.5405280491 847.0238656486 160.9504178061 152.9761343514
Tom 791.5405280491 749.8309749198 160.9504178061 97.1928907288
Vera 952.4909458552 591.8925274854 47.5090541448 202.8943400285
Willem 952.4909458552 794.7868675140 47.5090541448 205.2131324860

Amber 0.0000000000 0.0000000000 233.7108063507 78.4169495620
Anne 0.0000000000 78.4169495620 128.1744979777 167.2040455000
Anouk 128.1744979777 78.4169495620 105.5363083730 167.2040455000
Bas 0.0000000000 245.6209950620 94.4303782781 155.4356771408
Bram 94.4303782781 245.6209950620 139.2804280725 155.4356771408
Charlotte 0.0000000000 401.0566722028 120.1941289803 77.4848015732
Cornelis 120.1941289803 401.0566722028 113.5166773703 77.4848015732
Daan 233.7108063507 0.0000000000 164.7982700734 180.7749904388
Daniël 398.5090764241 0.0000000000 125.8180162750 130.2808885174
David 233.7108063507 417.5869230693 164.7982700734 60.9545507067
Dylan 233.7108063507 355.5113691312 164.7982700734 62.0755539380
Eline 233.7108063507 298.0599535227 164.7982700734 57.4514156086
Emma 233.7108063507 180.7749904388 164.7982700734 117.2849630838
Eva 398.5090764241 130.2808885174 125.8180162750 172.1025745201
Femke 398.5090764241 302.3834630374 125.8180162750 176.1580107385
Fleur 524.3270926990 0.0000000000 160.0751152336 123.3354313856
Floris 684.4022079326 0.0000000000 123.5231738915 83.3997175230
Gijs 524.3270926990 404.3557683175 160.0751152336 74.1857054584
Ilse 524.3270926990 337.4970461143 160.0751152336 66.8587222033
Iris 524.3270926990 215.0753675594 160.0751152336 122.4216785548
Jan 524.3270926990 123.3354313856 160.0751152336 91.7399361739
Jasper 684.4022079326 83.3997175230 123.5231738915 134.5454006448
Jelle 807.9253818241 0.0000000000 58.2360840968 217.9451181678
Jesse 866.1614659210 0.0000000000 133.8385340790 141.1859106960
Johanna 866.1614659210 141.1859106960 133.8385340790 76.7592074718
Johannes 684.4022079326 217.9451181678 108.2849177421 132.1917845403
Joris 948.7637963765 217.9451181678 51.2362036235 132.1917845403
Julia 792.6871256747 217.9451181678 156.0766707018 132.1917845403
Koen 684.4022079326 350.1369027081 105.7163952361 128.4045710678
Lars 790.1186031687 350.1369027081 209.8813968313 128.4045710678
Lieke 0.0000000000 478.5414737759 113.9157155399 124.0673165950
Lisa 0.0000000000 602.6087903709 119.7193834078 186.2232454727
Lotte 846.7757155751 478.5414737759 153.2242844249 124.0673165950
Lucas 637.6722420401 478.5414737759 209.1034735350 124.0673165950
Luuk 499.0829833345 478.5414737759 138.5892587056 124.0673165950
Maria 402.8466020894 478.5414737759 96.2363812452 124.0673165950
Maud 286.8751104045 478.5414737759 115.9714916848 124.0673165950
Max 113.9157155399 478.5414737759 172.9593948646 124.0673165950
Merel 119.7193834078 602.6087903709 116.5113122325 108.6108039928
Mohamed 119.7193834078 711.2195943637 116.5113122325 77.6124414799
Naomi 0.0000000000 788.8320358436 236.2306956403 66.5575673634
Nick 0.0000000000 855.3896032070 107.2239484981 144.6103967930
Niels 107.2239484981 855.3896032070 129.0067471422 144.6103967930
Nikki 236.2306956403 602.6087903709 84.5975126418 93.7303983939
Nina 320.8282082821 602.6087903709 137.9663796638 129.6230920799
Pieter 236.2306956403 906.3309484203 84.5975126418 93.6690515797
Robin 236.2306956403 696.3391887648 84.5975126418 209.9917596555
Roos 320.8282082821 732.2318824508 137.9663796638 119.3070674507
Ruben 320.8282082821 851.5389499015 137.9663796638 148.4610500985
Sanne 458.7945879459 602.6087903709 179.9234659013 149.5688145623
Sarah 638.7180538472 602.6087903709 119.8476948363 94.0345859680
Sophie 553.4606753952 833.1293406998 85.2573784520 166.8706593002
Stijn 458.7945879459 833.1293406998 94.6660874493 166.8706593002
Sven 458.7945879459 752.1776049332 179.9234659013 80.9517357667
Tessa 638.7180538472 696.6433763389 119.8476948363 117.1308000654
Thijs 758.5657486835 602.6087903709 89.4844953633 211.1653860335
Thomas 848.0502440468 602.6087903709 151.9497559532 211.1653860335
Tim 638.7180538472 813.7741764044 219.3265323975 130.3268043383
Tom 858.0445862447 813.7741764044 141.9554137553 130.3268043383
Vera 638.7180538472 944.1009807427 174.3248551367 55.8990192573
Willem 813.0429089839 944.1009807427 186.9570910161 55.8990192573

Amber 0.0000000000 0.0000000000 233.0257086355 81.3833597904
Anne 0.0000000000 81.3833597904 133.0699441418 173.7397568560
Anouk 133.0699441418 81.3833597904 99.9557644936 173.7397568560
Bas 0.0000000000 255.1231166464 100.1051897065 144.4783241223
Bram 100.1051897065 255.1231166464 132.9205189289 144.4783241223
Charlotte 0.0000000000 399.6014407687 111.8273507929 85.2696438254
Cornelis 111.8273507929 399.6014407687 121.1983578426 85.2696438254
Daan 233.0257086355 0.0000000000 171.3359701165 192.4560444782
Daniël 404.3616787519 0.0000000000 112.7224785761 150.9970604929
David 233.0257086355 428.3464116950 171.3359701165 56.5246728991
Dylan 233.0257086355 355.0572032641 171.3359701165 73.2892084309
Eline 342.6119449964 192.4560444782 61.7497337555 162.6011587859
Emma 233.0257086355 192.4560444782 109.5862363610 162.6011587859
Eva 404.3616787519 150.9970604929 112.7224785761 169.5318878856
Femke 404.3616787519 320.5289483784 112.7224785761 164.3421362156
Fleur 517.0841573281 0.0000000000 164.0848165238 141.3869148582
Floris 681.1689738519 0.0000000000 116.0515114662 83.9847240011
Gijs 517.0841573281 419.1636432487 164.0848165238 65.7074413454
Ilse 517.0841573281 343.9848590066 164.0848165238 75.1787842421
Iris 517.0841573281 223.9651857383 164.0848165238 120.0196732683
Jan 517.0841573281 141.3869148582 164.0848165238 82.5782708801
Jasper 681.1689738519 83.9847240011 116.0515114662 138.2298148573
Jelle 797.2204853181 0.0000000000 61.2563117268 222.2145388584
Jesse 858.4767970449 0.0000000000 141.5232029551 148.2730900197
Johanna 858.4767970449 148.2730900197 141.5232029551 73.9414488388
Johannes 681.1689738519 222.2145388584 97.9008258097 137.3469441268
Joris 937.2791423971 222.2145388584 62.7208576029 137.3469441268
Julia 779.0697996616 222.2145388584 158.2093427355 137.3469441268
Koen 681.1689738519 359.5614829853 107.5255983139 125.3096016088
Lars 788.6945721658 359.5614829853 211.3054278342 125.3096016088
Lieke 0.0000000000 484.8710845941 107.1991592223 101.3743873855
Lisa 0.0000000000 586.2454719795 239.3183811552 96.8315570812
Lotte 781.7597944766 484.8710845941 218.2402055234 101.3743873855
Lucas 559.9123128288 484.8710845941 221.8474816478 101.3743873855
Luuk 379.2479002673 484.8710845941 180.6644125614 101.3743873855
Maria 247.2817153847 484.8710845941 131.9661848826 101.3743873855
Maud 107.1991592223 484.8710845941 140.0825561624 101.3743873855
Max 0.0000000000 683.0770290608 158.5952041907 145.4639610292
Merel 158.5952041907 683.0770290608 80.7231769645 145.4639610292
Mohamed 0.0000000000 828.5409900900 239.3183811552 32.7104365084
Naomi 0.0000000000 861.2514265984 113.2138477596 138.7485734016
Nick 113.2138477596 861.2514265984 126.1045333956 138.7485734016
Niels 239.3183811552 586.2454719795 119.9097857411 160.8324811114
Nikki 239.3183811552 937.7422653762 119.9097857411 62.2577346238
Nina 239.3183811552 833.7632016470 119.9097857411 103.9790637293
Pieter 239.3183811552 747.0779530909 119.9097857411 86.6852485560
Robin 359.2281668964 586.2454719795 80.3783986969 270.2465272651
Roos 359.2281668964 856.4919992447 80.3783986969 143.5080007553
Ruben 439.6065655933 586.2454719795 136.0105249969 129.5960751054
Sanne 575.6170905902 586.2454719795 127.3763047256 203.1179623159
Sarah 439.6065655933 878.5921364082 136.0105249969 121.4078635918
Sophie 439.6065655933 715.8415470850 136.0105249969 162.7505893233
Stijn 702.9933953157 586.2454719795 80.8851394998 203.1179623159
Sven 575.6170905902 789.3634342954 208.2614442254 64.8913307854
Tessa 575.6170905902 854.2547650809 93.0565024594 145.7452349191
Thijs 668.6735930496 854.2547650809 115.2049417660 145.7452349191
Thomas 783.8785348156 586.2454719795 173.6773520057 172.1318703565
Tim 783.8785348156 854.2219212372 173.6773520057 145.7780787628
Tom 783.8785348156 758.3773423360 173.6773520057 95.8445789012
Vera 957.5558868213 586.2454719795 42.4441131787 192.9719335075
Willem 957.5558868213 779.2174054870 42.4441131787 220.7825945130

Amber 0.0000000000 0.0000000000 242.2130488393 82.0973094142
Anne 0.0000000000 82.0973094142 143.3043537086 171.4636514329
Anouk 143.3043537086 82.0973094142 98.9086951308 171.4636514329
Bas 0.0000000000 253.5609608471 107.8632210299 148.5875782367
Bram 107.8632210299 253.5609608471 134.3498278094 148.5875782367
Charlotte 0.0000000000 402.1485390838 131.0385409726 80.8145389546
Cornelis 131.0385409726 402.1485390838 111.1745078667 80.8145389546
Daan 242.2130488393 0.0000000000 161.5289765721 176.0018120432
Daniël 403.7420254115 0.0000000000 115.9598992119 141.0196246203
David 242.2130488393 421.7544507213 161.5289765721 61.2086273171
Dylan 242.2130488393 338.9697822750 161.5289765721 82.7846684464
Eline 242.2130488393 282.5048235749 161.5289765721 56.4649587000
Emma 242.2130488393 176.0018120432 161.5289765721 106.5030115317
Eva 403.7420254115 141.0196246203 115.9598992119 167.1257369467
Femke 403.7420254115 308.1453615670 115.9598992119 174.8177164714
Fleur 519.7019246234 0.0000000000 167.5333726478 137.8569809953
Floris 687.2352972712 0.0000000000 111.8513635387 74.6450952583
Gijs 519.7019246234 414.5333922593 167.5333726478 68.4296857791
Ilse 519.7019246234 337.4995809599 167.5333726478 77.0338112995
Iris 519.7019246234 223.6293572764 167.5333726478 113.8702236835
Jan 519.7019246234 137.8569809953 167.5333726478 85.7723762811
Jasper 687.2352972712 74.6450952583 111.8513635387 135.0486920791
Jelle 799.0866608099 0.0000000000 65.4867468025 209.6937873374
Jesse 864.5734076124 0.0000000000 135.4265923876 131.8191119626
Johanna 864.5734076124 131.8191119626 135.4265923876 77.8746753748
Johannes 687.2352972712 209.6937873374 110.0433444121 145.5036036927
Joris 943.9401830353 209.6937873374 56.0598169647 145.5036036927
Julia 797.2786416833 209.6937873374 146.6615413520 145.5036036927
Koen 687.2352972712 355.1973910301 108.1241549640 127.7656870083
Lars 795.3594522352 355.1973910301 204.6405477648 127.7656870083
Lieke 0.0000000000 482.9630780384 104.1867179981 107.6070633318
Lisa 0.0000000000 590.5701413702 130.4243209760 184.4363177785
Lotte 836.5714399275 482.9630780384 163.4285600725 107.6070633318
Lucas 692.3422235885 482.9630780384 144.2292163390 107.6070633318
Luuk 556.3078490869 482.9630780384 136.0343745016 107.6070633318
Maria 439.2386799805 482.9630780384 117.0691691064 107.6070633318
Maud 344.4126530043 482.9630780384 94.8260269762 107.6070633318
Max 104.1867179981 482.9630780384 240.2259350063 107.6070633318
Merel 130.4243209760 590.5701413702 119.5438521622 110.5309847680
Mohamed 130.4243209760 701.1011261382 119.5438521622 73.9053330105
Naomi 0.0000000000 775.0064591487 249.9681731381 66.3094958209
Nick 0.0000000000 841.3159549696 121.5351170317 158.6840450304
Niels 121.5351170317 841.3159549696 128.4330561064 158.6840450304
Nikki 249.9681731381 590.5701413702 77.2119669001 109.6988491795
Nina 327.1801400382 590.5701413702 134.3730108211 131.3996204556
Pieter 249.9681731381 919.6050583286 77.2119669001 80.3949416714
Robin 249.9681731381 700.2689905497 77.2119669001 219.3360677789
Roos 327.1801400382 721.9697618258 134.3730108211 99.1305584577
Ruben 327.1801400382 821.1003202834 134.3730108211 178.8996797166
Sanne 461.5531508593 590.5701413702 172.8198599618 161.3590971396
Sarah 634.3730108211 590.5701413702 121.1115523194 73.6030485343
Sophie 461.5531508593 920.4150668610 172.8198599618 79.5849331390
Stijn 461.5531508593 824.8599130251 172.8198599618 95.5551538358
Sven 461.5531508593 751.9292385098 172.8198599618 72.9306745154
Tessa 634.3730108211 664.1731899045 121.1115523194 139.1522680496
Thijs 755.4845631406 590.5701413702 82.0145527799 212.7553165839
Thomas 837.4991159205 590.5701413702 162.5008840795 212.7553165839
Tim 634.3730108211 803.3254579541 212.3833275941 135.6120617724
Tom 846.7563384152 803.3254579541 153.2436615848 135.6120617724
Vera 634.3730108211 938.9375197265 171.2767206590 61.0624802735
Willem 805.6497314802 938.9375197265 194.3502685198 61.0624802735

Amber 0.0000000000 0.0000000000 253.0486236172 86.3237570456
Anne 0.0000000000 86.3237570456 133.2704394241 183.6378072335
Anouk 133.2704394241 86.3237570456 119.7781841931 183.6378072335
Bas 0.0000000000 269.9615642791 116.8053900418 141.7747815367
Bram 116.8053900418 269.9615642791 136.2432335754 141.7747815367
Charlotte 0.0000000000 411.7363458158 131.4455836606 79.6296694043
Cornelis 131.4455836606 411.7363458158 121.6030399566 79.6296694043
Daan 253.0486236172 0.0000000000 155.8013892462 160.0022757619
Daniël 408.8500128634 0.0000000000 111.3969642398 142.6865580181
David 253.0486236172 424.1976896542 155.8013892462 67.1683255659
Dylan 253.0486236172 341.5060177354 155.8013892462 82.6916719188
Eline 253.0486236172 272.6957997668 155.8013892462 68.8102179686
Emma 253.0486236172 160.0022757619 155.8013892462 112.6935240049
Eva 408.8500128634 142.6865580181 111.3969642398 176.8126325528
Femke 408.8500128634 319.4991905709 111.3969642398 171.8668246492
Fleur 520.2469771032 0.0000000000 168.2531515307 153.7209276973
Floris 688.5001286339 0.0000000000 99.9240847448 82.2317209184
Gijs 520.2469771032 434.8971136159 168.2531515307 56.4689016042
Ilse 520.2469771032 355.5810242363 168.2531515307 79.3160893796
Iris 520.2469771032 239.3978818553 168.2531515307 116.1831423810
Jan 520.2469771032 153.7209276973 168.2531515307 85.6769541580
Jasper 688.5001286339 82.2317209184 99.9240847448 142.1587593654
Jelle 788.4242133787 0.0000000000 69.2886767272 224.3904802838
Jesse 857.7128901059 0.0000000000 142.2871098941 136.4460195502
Johanna 857.7128901059 136.4460195502 142.2871098941 87.9444607336
Johannes 688.5001286339 224.3904802838 119.1408625829 145.5995087205
Joris 949.0977119615 224.3904802838 50.9022880385 145.5995087205
Julia 807.6409912168 224.3904802838 141.4567207447 145.5995087205
Koen 688.5001286339 369.9899890043 117.6973945787 121.3760262158
Lars 806.1975232126 369.9899890043 193.8024767874 121.3760262158
Lieke 0.0000000000 491.3660152201 92.9675013319 94.9106262483
Lisa 0.0000000000 586.2766414684 100.0584385337 250.0054194790
Lotte 752.5082990624 491.3660152201 247.4917009376 94.9106262483
Lucas 592.2123497134 491.3660152201 160.2959493490 94.9106262483
Luuk 391.2687567667 491.3660152201 200.9435929467 94.9106262483
Maria 220.8108965182 491.3660152201 170.4578602484 94.9106262483
Maud 92.9675013319 491.3660152201 127.8433951863 94.9106262483
Max 100.0584385337 586.2766414684 166.4396205182 169.1557136475
Merel 100.0584385337 755.4323551159 166.4396205182 80.8497058315
Mohamed 0.0000000000 836.2820609474 266.4980590519 32.0496355870
Naomi 0.0000000000 868.3316965344 116.9856250900 131.6683034656
Nick 116.9856250900 868.3316965344 149.5124339618 131.6683034656
Niels 266.4980590519 586.2766414684 128.3966592166 166.5885625970
Nikki 266.4980590519 942.0067119969 128.3966592166 57.9932880031
Nina 266.4980590519 837.7704100307 128.3966592166 104.2363019663
Pieter 266.4980590519 752.8652040654 128.3966592166 84.9052059653
Robin 394.8947182684 586.2766414684 77.9320079991 313.1807763073
Roos 394.8947182684 899.4574177757 77.9320079991 100.5425822243
Ruben 472.8267262675 586.2766414684 123.7501470415 128.2070483663
Sanne 596.5768733090 586.2766414684 127.1824278838 193.4950605732
Sarah 472.8267262675 885.8570653125 123.7501470415 114.1429346875
Sophie 472.8267262675 714.4836898347 123.7501470415 171.3733754779
Stijn 723.7593011929 586.2766414684 75.9836463021 193.4950605732
Sven 799.7429474949 586.2766414684 61.0894552964 193.4950605732
Tessa 860.8324027913 586.2766414684 139.1675972087 91.0850494170
Thijs 860.8324027913 677.3616908854 139.1675972087 102.4100111562
Thomas 596.5768733090 779.7717020416 154.8636801785 173.7381377457
Tim 856.1517280350 779.7717020416 143.8482719650 173.7381377457
Tom 751.4405534875 779.7717020416 104.7111745475 173.7381377457
Vera 596.5768733090 953.5098397873 172.8956257247 46.4901602127
Willem 769.4724990337 953.5098397873 230.5275009663 46.4901602127

Amber 0.0000000000 0.0000000000 255.8673203296 79.9974842721
Anne 0.0000000000 79.9974842721 129.3249635638 194.7984137824
Anouk 129.3249635638 79.9974842721 126.5423567658 194.7984137824
Bas 0.0000000000 274.7958980546 117.5658022035 135.6829966532
Bram 117.5658022035 274.7958980546 138.3015181261 135.6829966532
Charlotte 0.0000000000 410.4788947078 129.9206823657 84.4361845344
Cornelis 129.9206823657 410.4788947078 125.9466379639 84.4361845344
Daan 255.8673203296 0.0000000000 149.9426306457 157.6842478559
Daniël 405.8099509753 0.0000000000 108.3237717743 153.4763251054
David 255.8673203296 427.3437809310 149.9426306457 67.5712983112
Dylan 255.8673203296 345.2258836779 149.9426306457 82.1178972531
Eline 255.8673203296 279.6879809177 149.9426306457 65.5379027601
Emma 255.8673203296 157.6842478559 149.9426306457 122.0037330618
Eva 405.8099509753 153.4763251054 108.3237717743 172.6937723313
Femke 405.8099509753 326.1700974367 108.3237717743 168.7449818054
Fleur 514.1337227496 0.0000000000 150.2034004381 115.3083396429
Floris 664.3371231876 0.0000000000 108.2306301290 78.9878953890
Gijs 514.1337227496 430.4644881999 150.2034004381 64.4505910422
Ilse 514.1337227496 346.0269722952 150.2034004381 84.4375159048
Iris 514.1337227496 219.8776131990 150.2034004381 126.1493590961
Jan 514.1337227496 115.3083396429 150.2034004381 104.5692735562
Jasper 664.3371231876 78.9878953890 108.2306301290 144.7262083256
Jelle 772.5677533166 0.0000000000 75.8107488945 223.7141037145
Jesse 848.3785022111 0.0000000000 151.6214977889 144.0500570260
Johanna 848.3785022111 144.0500570260 151.6214977889 79.6640466886
Johannes 664.3371231876 223.7141037145 120.1644100036 152.1551671243
Joris 950.1580501494 223.7141037145 49.8419498506 152.1551671243
Julia 784.5015331912 223.7141037145 165.6565169581 152.1551671243
Koen 664.3371231876 375.8692708388 131.3463431005 119.0458084034
Lars 795.6834662881 375.8692708388 204.3165337119 119.0458084034
Lieke 0.0000000000 494.9150792422 90.2797009139 93.2063393733
Lisa 0.0000000000 588.1214186155 106.6807751658 240.4762624854
Lotte 753.8280831143 494.9150792422 246.1719168857 93.2063393733
Lucas 608.4262568518 494.9150792422 145.4018262625 93.2063393733
Luuk 402.0044795199 494.9150792422 206.4217773319 93.2063393733
Maria 215.8064573995 494.9150792422 186.1980221203 93.2063393733
Maud 90.2797009139 494.9150792422 125.5267564856 93.2063393733
Max 106.6807751658 588.1214186155 163.6252429908 162.6884721031
Merel 106.6807751658 750.8098907186 163.6252429908 77.7877903823
Mohamed 0.0000000000 828.5976811009 270.3060181567 26.9333413984
Naomi 0.0000000000 855.5310224992 108.1566883049 144.4689775008
Nick 108.1566883049 855.5310224992 162.1493298518 144.4689775008
Niels 270.3060181567 588.1214186155 127.4574640774 162.2257620076
Nikki 270.3060181567 940.9381656883 127.4574640774 59.0618343117
Nina 270.3060181567 828.0601205069 127.4574640774 112.8780451813
Pieter 270.3060181567 750.3471806230 127.4574640774 77.7129398839
Robin 397.7634822341 588.1214186155 81.1639511814 324.0111506892
Roos 397.7634822341 912.1325693046 81.1639511814 87.8674306954
Ruben 478.9274334155 588.1214186155 124.4513918115 136.6959349812
Sanne 603.3788252270 588.1214186155 136.9010414931 186.3753457816
Sarah 478.9274334155 911.2853998821 124.4513918115 88.7146001179
Sophie 478.9274334155 724.8173535967 124.4513918115 186.4680462854
Stijn 740.2798667201 588.1214186155 65.6341308053 186.3753457816
Sven 805.9139975254 588.1214186155 63.1850960738 186.3753457816
Tessa 869.0990935991 588.1214186155 130.9009064009 81.9423877618
Thijs 869.0990935991 670.0638063772 130.9009064009 104.4329580198
Thomas 603.3788252270 774.4967643970 145.4107270914 178.6073088317
Tim 851.2670594601 774.4967643970 148.7329405399 178.6073088317
Tom 748.7895523184 774.4967643970 102.4775071417 178.6073088317
Vera 603.3788252270 953.1040732288 164.9749426357 46.8959267712
Willem 768.3537678626 953.1040732288 231.6462321374 46.8959267712

Amber 0.0000000000 0.0000000000 73.5971225501 263.5087202142
Anne 73.5971225501 0.0000000000 191.1282614702 128.5922554645
Anouk 73.5971225501 128.5922554645 191.1282614702 134.9164647497
Bas 0.0000000000 263.5087202142 120.9119605899 138.4004213986
Bram 120.9119605899 263.5087202142 143.8134234304 138.4004213986
Charlotte 0.0000000000 401.9091416128 129.4921757979 84.2172652206
Cornelis 129.4921757979 401.9091416128 135.2332082224 84.2172652206
Daan 264.7253840203 0.0000000000 159.6308984418 153.6287329314
Daniël 424.3562824622 0.0000000000 106.2548347884 153.8608551487
David 264.7253840203 420.6613811016 159.6308984418 65.4650257318
Dylan 264.7253840203 341.1334979904 159.6308984418 79.5278831112
Eline 264.7253840203 260.9590467238 159.6308984418 80.1744512666
Emma 264.7253840203 153.6287329314 159.6308984418 107.3303137924
Eva 424.3562824622 153.8608551487 106.2548347884 178.1407842630
Femke 424.3562824622 332.0016394117 106.2548347884 154.1247674217
Fleur 530.6111172505 0.0000000000 126.9201016687 78.7283514767
Floris 657.5312189192 0.0000000000 114.0281388559 76.7115316778
Gijs 530.6111172505 414.4743804307 126.9201016687 71.6520264026
Ilse 530.6111172505 353.3646721272 126.9201016687 61.1097083035
Iris 530.6111172505 197.0167342162 126.9201016687 156.3479379110
Jan 530.6111172505 78.7283514767 126.9201016687 118.2883827395
Jasper 657.5312189192 76.7115316778 114.0281388559 145.6769477790
Jelle 771.5593577751 0.0000000000 77.0010241038 222.3884794567
Jesse 848.5603818790 0.0000000000 151.4396181210 128.6918104470
Johanna 848.5603818790 128.6918104470 151.4396181210 93.6966690097
Johannes 657.5312189192 222.3884794567 132.3712857749 144.4318744246
Joris 936.8721140865 222.3884794567 63.1278859135 144.4318744246
Julia 789.9025046941 222.3884794567 146.9696093924 144.4318744246
Koen 657.5312189192 366.8203538813 146.8746864468 119.3060529521
Lars 804.4059053660 366.8203538813 195.5940946340 119.3060529521
Lieke 0.0000000000 486.1264068334 77.6146239137 89.6344247764
Lisa 0.0000000000 575.7608316098 103.9954205148 241.2483157177
Lotte 725.4578458941 486.1264068334 274.5421541059 89.6344247764
Lucas 591.9998543149 486.1264068334 133.4579915793 89.6344247764
Luuk 404.7773575565 486.1264068334 187.2224967583 89.6344247764
Maria 197.3455077877 486.1264068334 207.4318497689 89.6344247764
Maud 77.6146239137 486.1264068334 119.7308838740 89.6344247764
Max 103.9954205148 575.7608316098 143.8621130657 152.7069576460
Merel 103.9954205148 728.4677892558 143.8621130657 88.5413580717
Mohamed 0.0000000000 817.0091473275 247.8575335805 29.7529186267
Naomi 0.0000000000 846.7620659542 100.6237644814 153.2379340458
Nick 100.6237644814 846.7620659542 147.2337690991 153.2379340458
Niels 247.8575335805 575.7608316098 130.4321400353 171.5934753787
Nikki 247.8575335805 940.6934992931 130.4321400353 59.3065007069
Nina 247.8575335805 831.9649146637 130.4321400353 108.7285846294
Pieter 247.8575335805 747.3543069885 130.4321400353 84.6106076752
Robin 378.2896736158 575.7608316098 80.6539840759 345.2737768361
Roos 378.2896736158 921.0346084458 80.6539840759 78.9653915542
Ruben 458.9436576916 575.7608316098 132.1339573330 137.9655437221
Sanne 591.0776150246 575.7608316098 146.7894640292 189.3822067848
Sarah 458.9436576916 900.7584767817 132.1339573330 99.2415232183
Sophie 458.9436576916 713.7263753319 132.1339573330 187.0321014498
Stijn 737.8670790538 575.7608316098 67.4908373987 189.3822067848
Sven 805.3579164524 575.7608316098 60.9033339325 189.3822067848
Tessa 866.2612503850 575.7608316098 133.7387496150 93.8110745505
Thijs 866.2612503850 669.5719061602 133.7387496150 95.5711322343
Thomas 591.0776150246 765.1430383946 160.8833422921 185.8133019761
Tim 857.9919474729 765.1430383946 142.0080525271 185.8133019761
Tom 751.9609573167 765.1430383946 106.0309901563 185.8133019761
Vera 591.0776150246 950.9563403706 173.7440180294 49.0436596294
Willem 764.8216330541 950.9563403706 235.1783669459 49.0436596294

Amber 0.0000000000 0.0000000000 79.0898048204 249.1619118208
Anne 79.0898048204 0.0000000000 181.2474693800 149.9825274402
Anouk 79.0898048204 149.9825274402 181.2474693800 99.1793843806
Bas 0.0000000000 249.1619118208 133.0521195676 142.3782353262
Bram 133.0521195676 249.1619118208 127.2851546328 142.3782353262
Charlotte 0.0000000000 391.5401471470 132.5847602946 97.0965497240
Cornelis 132.5847602946 391.5401471470 127.7525139057 97.0965497240
Daan 260.3372742003 0.0000000000 131.6089539699 145.9448410627
Daniël 391.9462281702 0.0000000000 122.6669867371 141.7898955108
David 260.3372742003 375.6264908602 131.6089539699 113.0102060109
Dylan 260.3372742003 267.4979352170 131.6089539699 108.1285556432
Eline 260.3372742003 145.9448410627 131.6089539699 121.5530941542
Emma 391.9462281702 141.7898955108 122.6669867371 104.9963150301
Eva 391.9462281702 246.7862105409 122.6669867371 124.9635629739
Femke 391.9462281702 371.7497735149 122.6669867371 116.8869233562
Fleur 514.6132149073 0.0000000000 129.1484126508 78.5633350917
Floris 643.7616275581 0.0000000000 113.0371758710 81.7297597207
Gijs 514.6132149073 424.7385900334 129.1484126508 63.8981068377
Ilse 514.6132149073 368.6462178378 129.1484126508 56.0923721956
Iris 514.6132149073 213.6206972714 129.1484126508 155.0255205664
Jan 514.6132149073 78.5633350917 129.1484126508 135.0573621796
Jasper 643.7616275581 81.7297597207 113.0371758710 149.9783219617
Jelle 756.7988034291 0.0000000000 83.3049732480 231.7080816824
Jesse 840.1037766770 0.0000000000 159.8962233230 136.2054361904
Johanna 840.1037766770 136.2054361904 159.8962233230 95.5026454921
Johannes 643.7616275581 231.7080816824 159.0967488576 137.6880716151
Joris 933.3638254785 231.7080816824 66.6361745215 137.6880716151
Julia 802.8583764156 231.7080816824 130.5054490629 137.6880716151
Koen 643.7616275581 369.3961532976 154.6894576897 119.2405435735
Lars 798.4510852477 369.3961532976 201.5489147523 119.2405435735
Lieke 0.0000000000 488.6366968711 87.6531573987 93.3403712501
Lisa 0.0000000000 581.9770681212 114.3806775133 234.8554884877
Lotte 739.9248836075 488.6366968711 260.0751163925 93.3403712501
Lucas 610.7208995022 488.6366968711 129.2039841053 93.3403712501
Luuk 414.4142010713 488.6366968711 196.3066984309 93.3403712501
Maria 190.5995576374 488.6366968711 223.8146434339 93.3403712501
Maud 87.6531573987 488.6366968711 102.9464002387 93.3403712501
Max 114.3806775133 581.9770681212 138.9927359803 151.0789797628
Merel 114.3806775133 733.0560478840 138.9927359803 83.7765087249
Mohamed 0.0000000000 816.8325566089 253.3734134937 32.0708339512
Naomi 0.0000000000 848.9033905600 108.1133821253 151.0966094400
Nick 108.1133821253 848.9033905600 145.2600313684 151.0966094400
Niels 253.3734134937 581.9770681212 119.6392785571 178.7859105635
Nikki 253.3734134937 944.6837326324 119.6392785571 55.3162673676
Nina 253.3734134937 860.8924246791 119.6392785571 83.7913079534
Pieter 253.3734134937 760.7629786846 119.6392785571 100.1294459944
Robin 373.0126920508 581.9770681212 87.3747494990 351.8679266044
Roos 373.0126920508 933.8449947256 87.3747494990 66.1550052744
Ruben 460.3874415498 581.9770681212 131.2625250501 135.2990252799
Sanne 591.6499665999 581.9770681212 142.4311243112 179.0099694842
Sarah 460.3874415498 875.4803677764 131.2625250501 124.5196322236
Sophie 460.3874415498 717.2760934010 131.2625250501 158.2042743753
Stijn 734.0810909110 581.9770681212 63.8091436914 179.0099694842
Sven 797.8902346024 581.9770681212 61.6726768267 179.0099694842
Tessa 859.5629114292 581.9770681212 140.4370885708 94.4068804582
Thijs 859.5629114292 676.3839485794 140.4370885708 84.6030890260
Thomas 591.6499665999 760.9870376054 156.5272839950 184.8791488115
Tim 853.6780191025 760.9870376054 146.3219808975 184.8791488115
Tom 748.1772505949 760.9870376054 105.5007685076 184.8791488115
Vera 591.6499665999 945.8661864169 175.6800028354 54.1338135831
Willem 767.3299694352 945.8661864169 232.6700305648 54.1338135831

Amber 0.0000000000 0.0000000000 73.7443177171 244.4053207206
Anne 73.7443177171 0.0000000000 193.7034021116 149.7866692262
Anouk 73.7443177171 149.7866692262 193.7034021116 94.6186514944
Bas 0.0000000000 244.4053207206 142.6538556314 134.6676732243
Bram 142.6538556314 244.4053207206 124.7938641973 134.6676732243
Charlotte 0.0000000000 379.0729939449 136.6435948470 104.2735322683
Cornelis 136.6435948470 379.0729939449 130.8041249817 104.2735322683
Daan 267.4477198287 0.0000000000 128.9997480474 156.9460155917
Daniël 396.4474678760 0.0000000000 120.1184177375 134.5721925761
David 267.4477198287 366.9732583118 128.9997480474 116.3732679014
Dylan 267.4477198287 274.5814664422 128.9997480474 92.3917918697
Eline 267.4477198287 156.9460155917 128.9997480474 117.6354508505
Emma 396.4474678760 134.5721925761 120.1184177375 104.5596891959
Eva 396.4474678760 239.1318817720 120.1184177375 137.2345920696
Femke 396.4474678760 376.3664738416 120.1184177375 106.9800523717
Fleur 516.5658856135 0.0000000000 72.8143109095 117.4916728944
Floris 589.3801965231 0.0000000000 152.0814086952 62.5179808317
Gijs 516.5658856135 405.8989913339 72.8143109095 77.4475348793
Ilse 516.5658856135 330.0160531188 72.8143109095 75.8829382151
Iris 516.5658856135 117.4916728944 72.8143109095 212.5243802244
Jan 589.3801965231 62.5179808317 152.0814086952 148.7797244183
Jasper 741.4616052182 0.0000000000 84.0367371759 211.2977052500
Jelle 825.4983423941 0.0000000000 174.5016576059 97.7702769126
Jesse 825.4983423941 97.7702769126 174.5016576059 113.5274283374
Johanna 589.3801965231 211.2977052500 130.2809370454 134.0074411685
Johannes 589.3801965231 345.3051464184 156.9902745807 138.0413797948
Joris 875.0203956238 211.2977052500 124.9796043762 134.0074411685
Julia 719.6611335684 211.2977052500 155.3592620554 134.0074411685
Koen 746.3704711038 345.3051464184 108.4765926955 138.0413797948
Lars 854.8470637993 345.3051464184 145.1529362007 138.0413797948
Lieke 0.0000000000 483.3465262132 83.2556694626 98.0028009499
Lisa 0.0000000000 581.3493271631 122.3601019603 233.2762640759
Lotte 752.8812207145 483.3465262132 247.1187792855 98.0028009499
Lucas 624.7609140044 483.3465262132 128.1203067101 98.0028009499
Luuk 462.2264148770 483.3465262132 162.5344991274 98.0028009499
Maria 186.0836178901 483.3465262132 276.1427969869 98.0028009499
Maud 83.2556694626 483.3465262132 102.8279484275 98.0028009499
Max 122.3601019603 581.3493271631 127.9331835273 152.4312470970
Merel 122.3601019603 733.7805742602 127.9331835273 80.8450169789
Mohamed 0.0000000000 814.6255912390 250.2932854875 33.9352902713
Naomi 0.0000000000 848.5608815103 113.5095311472 151.4391184897
Nick 113.5095311472 848.5608815103 136.7837543404 151.4391184897
Niels 250.2932854875 581.3493271631 118.0732868677 178.6177622273
Nikki 250.2932854875 952.7763998495 118.0732868677 47.2236001505
Nina 250.2932854875 865.6696555304 118.0732868677 87.1067443191
Pieter 250.2932854875 759.9670893904 118.0732868677 105.7025661400
Robin 368.3665723553 581.3493271631 89.9868884135 345.7720664458
Roos 368.3665723553 927.1213936089 89.9868884135 72.8786063911
Ruben 458.3534607688 581.3493271631 126.7683389690 131.7256880238
Sanne 585.1217997378 581.3493271631 144.7846412123 173.9945627580
Sarah 458.3534607688 869.3816457604 126.7683389690 130.6183542396
Sophie 458.3534607688 713.0750151869 126.7683389690 156.3066305734
Stijn 729.9064409501 581.3493271631 59.4839923229 173.9945627580
Sven 789.3904332730 581.3493271631 53.4450083307 173.9945627580
Tessa 842.8354416037 581.3493271631 157.1645583963 92.2622465345
Thijs 842.8354416037 673.6115736976 157.1645583963 81.7323162235
Thomas 585.1217997378 755.3438899211 156.9206763504 188.4941096545
Tim 842.8006013115 755.3438899211 157.1993986885 188.4941096545
Tom 742.0424760882 755.3438899211 100.7581252232 188.4941096545
Vera 585.1217997378 943.8379995756 165.1093626748 56.1620004244
Willem 750.2311624126 943.8379995756 249.7688375874 56.1620004244

Amber 0.0000000000 0.0000000000 70.3589932692 236.0555950685
Anne 70.3589932692 0.0000000000 197.8928270800 143.4084452890
Anouk 70.3589932692 143.4084452890 197.8928270800 92.6471497795
Bas 0.0000000000 236.0555950685 141.7765859778 128.8829088403
Bram 141.7765859778 236.0555950685 126.4752343714 128.8829088403
Charlotte 0.0000000000 364.9385039089 133.5817888352 113.2607380718
Cornelis 133.5817888352 364.9385039089 134.6700315141 113.2607380718
Daan 268.2518203492 0.0000000000 125.7813003415 124.6943720124
Daniël 394.0331206908 0.0000000000 115.8579805400 150.0083609398
David 268.2518203492 362.2746530817 125.7813003415 115.9245888990
Dylan 268.2518203492 256.2492425607 125.7813003415 106.0254105211
Eline 268.2518203492 124.6943720124 125.7813003415 131.5548705483
Emma 394.0331206908 150.0083609398 115.8579805400 96.9597189154
Eva 394.0331206908 246.9680798552 115.8579805400 141.6322595675
Femke 394.0331206908 388.6003394228 115.8579805400 89.5989025580
Fleur 509.8911012307 0.0000000000 125.8457374831 73.4561047589
Floris 635.7368387138 0.0000000000 119.0690720911 65.8235471334
Gijs 509.8911012307 430.6810559809 125.8457374831 47.5181859998
Ilse 509.8911012307 378.3178784674 125.8457374831 52.3631775135
Iris 509.8911012307 213.2154753466 125.8457374831 165.1024031209
Jan 509.8911012307 73.4561047589 125.8457374831 139.7593705876
Jasper 635.7368387138 65.8235471334 119.0690720911 164.9862934642
Jelle 754.8059108050 0.0000000000 78.7913859763 230.8098405976
Jesse 833.5972967813 0.0000000000 166.4027032187 120.7062063903
Johanna 833.5972967813 120.7062063903 166.4027032187 110.1036342073
Johannes 635.7368387138 230.8098405976 195.2196122944 138.6908202784
Joris 919.5147212470 230.8098405976 80.4852787530 138.6908202784
Julia 830.9564510082 230.8098405976 88.5582702388 138.6908202784
Koen 635.7368387138 369.5006608760 169.1779206659 108.6985811047
Lars 804.9147593797 369.5006608760 195.0852406203 108.6985811047
Lieke 0.0000000000 478.1992419807 80.5152979066 95.6768249468
Lisa 0.0000000000 573.8760669276 123.1719376160 234.5482155559
Lotte 749.1126535264 478.1992419807 250.8873464736 95.6768249468
Lucas 650.2386471904 478.1992419807 98.8740063360 95.6768249468
Luuk 488.6428042361 478.1992419807 161.5958429544 95.6768249468
Maria 186.7939655100 478.1992419807 301.8488387261 95.6768249468
Maud 80.5152979066 478.1992419807 106.2786676034 95.6768249468
Max 123.1719376160 573.8760669276 120.4292426489 156.3654770373
Merel 123.1719376160 730.2415439648 120.4292426489 78.1827385186
Mohamed 0.0000000000 808.4242824835 243.6011802649 28.5683087525
Naomi 0.0000000000 836.9925912359 105.8355643272 163.0074087641
Nick 105.8355643272 836.9925912359 137.7656159377 163.0074087641
Niels 243.6011802649 573.8760669276 123.9964317574 181.1085670170
Nikki 243.6011802649 946.4692126135 123.9964317574 53.5307873865
Nina 243.6011802649 860.3954795911 123.9964317574 86.0737330224
Pieter 243.6011802649 754.9846339445 123.9964317574 105.4108456466
Robin 367.5976120222 573.8760669276 93.1174089069 352.0154229729
Roos 367.5976120222 925.8914899004 93.1174089069 74.1085100996
Ruben 460.7150209291 573.8760669276 150.1406711041 130.4858478787
Sanne 610.8556920332 573.8760669276 151.6834834458 160.6080581749
Sarah 460.7150209291 918.8079891816 150.1406711041 81.1920108184
Sophie 460.7150209291 813.4443110203 150.1406711041 105.3636781613
Stijn 460.7150209291 704.3619148062 150.1406711041 109.0823962141
Sven 762.5391754790 573.8760669276 63.5878358550 160.6080581749
Tessa 826.1270113340 573.8760669276 102.5022666517 160.6080581749
Thijs 928.6292779857 573.8760669276 71.3707220143 160.6080581749
Thomas 610.8556920332 734.4841251024 155.3140495452 201.2043077731
Tim 870.8580200803 734.4841251024 129.1419799197 201.2043077731
Tom 766.1697415784 734.4841251024 104.6882785019 201.2043077731
Vera 610.8556920332 935.6884328755 151.3568721741 64.3115671245
Willem 762.2125642073 935.6884328755 237.7874357927 64.3115671245

Amber 0.0000000000 0.0000000000 64.2373000728 240.3596842472
Anne 64.2373000728 0.0000000000 201.1131567671 139.1799971123
Anouk 64.2373000728 139.1799971123 201.1131567671 101.1796871349
Bas 0.0000000000 240.3596842472 141.3572018925 127.0288638131
Bram 141.3572018925 240.3596842472 123.9932549473 127.0288638131
Charlotte 0.0000000000 367.3885480603 132.0216558661 118.8334532445
Cornelis 132.0216558661 367.3885480603 133.3288009737 118.8334532445
Daan 265.3504568398 0.0000000000 122.2286115903 137.2503296940
Daniël 387.5790684301 0.0000000000 111.9417289630 155.8299434668
David 265.3504568398 387.3379744166 122.2286115903 98.8840268882
Dylan 265.3504568398 277.2052354749 122.2286115903 110.1327389416
Eline 265.3504568398 137.2503296940 122.2286115903 139.9549057809
Emma 387.5790684301 155.8299434668 111.9417289630 95.2897389492
Eva 387.5790684301 251.1196824159 111.9417289630 146.0566369079
Femke 387.5790684301 397.1763193238 111.9417289630 89.0456819810
Fleur 499.5207973931 0.0000000000 71.3692415820 127.1054828836
Floris 570.8900389751 0.0000000000 167.6710557790 54.4118568361
Gijs 499.5207973931 431.5102057083 71.3692415820 54.7117955965
Ilse 499.5207973931 359.0114477575 71.3692415820 72.4987579509
Iris 499.5207973931 127.1054828836 71.3692415820 231.9059648739
Jan 570.8900389751 54.4118568361 167.6710557790 154.0274101208
Jasper 738.5610947542 0.0000000000 87.0340721263 208.4392669569
Jelle 825.5951668804 0.0000000000 174.4048331196 94.7634119080
Jesse 825.5951668804 94.7634119080 174.4048331196 113.6758550489
Johanna 570.8900389751 208.4392669569 144.9369873467 160.0296765142
Johannes 570.8900389751 368.4689434711 187.8750940468 117.7530578337
Joris 830.6859899180 208.4392669569 169.3140100820 160.0296765142
Julia 715.8270263218 208.4392669569 114.8589635962 160.0296765142
Koen 758.7651330220 368.4689434711 122.9506554993 117.7530578337
Lars 881.7157885213 368.4689434711 118.2842114787 117.7530578337
Lieke 0.0000000000 486.2220013048 78.5555907507 98.0769828202
Lisa 0.0000000000 584.2989841250 132.4323550432 228.7543304501
Lotte 782.7452670574 486.2220013048 217.2547329426 98.0769828202
Lucas 670.3414890728 486.2220013048 112.4037779846 98.0769828202
Luuk 511.2879218061 486.2220013048 159.0535672668 98.0769828202
Maria 167.8566159480 486.2220013048 343.4313058581 98.0769828202
Maud 78.5555907507 486.2220013048 89.3010251973 98.0769828202
Max 132.4323550432 584.2989841250 113.7691080969 139.0517896331
Merel 132.4323550432 723.3507737581 113.7691080969 89.7025408169
Mohamed 0.0000000000 813.0533145751 246.2014631401 28.9802993924
Naomi 0.0000000000 842.0336139675 97.7401297278 157.9663860325
Nick 97.7401297278 842.0336139675 148.4613334123 157.9663860325
Niels 246.2014631401 584.2989841250 118.8097917839 178.9311063002
Nikki 246.2014631401 938.4693582186 118.8097917839 61.5306417814
Nina 246.2014631401 870.5395296920 118.8097917839 67.9298285266
Pieter 246.2014631401 763.2300904253 118.8097917839 107.3094392667
Robin 365.0112549240 584.2989841250 101.0832864378 340.1979086075
Roos 365.0112549240 924.4968927325 101.0832864378 75.5031072675
Ruben 466.0945413618 584.2989841250 144.7664603264 127.8613911802
Sanne 610.8610016882 584.2989841250 151.4215373790 148.5429165458
Sarah 466.0945413618 914.9786001465 144.7664603264 85.0213998535
Sophie 466.0945413618 811.4601781875 144.7664603264 103.5184219590
Stijn 466.0945413618 712.1603753052 144.7664603264 99.2998028823
Sven 762.2825390673 584.2989841250 64.0491573985 148.5429165458
Tessa 826.3316964658 584.2989841250 100.2898571029 148.5429165458
Thijs 926.6215535687 584.2989841250 73.3784464313 148.5429165458
Thomas 610.8610016882 732.8419006708 206.9038156202 153.4053172257
Tim 610.8610016882 886.2472178965 216.6702809071 113.7527821035
Tom 817.7648173085 732.8419006708 182.2351826915 153.4053172257
Vera 827.5312825954 886.2472178965 67.1285427024 113.7527821035
Willem 894.6598252978 886.2472178965 105.3401747022 113.7527821035

