new shellcheck 53
ellcheck.hs 966.4717348928 0.0000000000 33.5282651072 947.8935698448
ellCheck/Analytics.hs 0.0000000000 199.3657603880 407.7972709552 748.5278094568
ellCheck/AST.hs 0.0000000000 0.0000000000 407.7972709552 199.3657603880
ellCheck/Parser.hs 407.7972709552 0.0000000000 539.5711500975 947.8935698448
ellCheck/Simple.hs 947.3684210526 0.0000000000 19.1033138402 947.8935698448
kefile 0.0000000000 947.8935698448 1000.0000000000 8.1300813008
oncheck.hs 0.0000000000 956.0236511456 268.9075630252 43.9763488544
st/quackCheck.hs 268.9075630252 956.0236511456 546.2184873950 43.9763488544
st/runQuack 815.1260504202 956.0236511456 184.8739495798 43.9763488544

ellcheck.hs 969.0980955803 0.0000000000 30.9019044197 951.7783857729
ellCheck/Analytics.hs 0.0000000000 192.1468768541 420.0503054258 759.6315089188
ellCheck/AST.hs 0.0000000000 0.0000000000 420.0503054258 192.1468768541
ellCheck/Parser.hs 420.0503054258 0.0000000000 531.4408911247 951.7783857729
ellCheck/Simple.hs 951.4911965505 0.0000000000 17.6068990298 951.7783857729
kefile 0.0000000000 951.7783857729 1000.0000000000 7.5239398085
oncheck.hs 0.0000000000 959.3023255814 268.9075630252 40.6976744186
st/quackCheck.hs 268.9075630252 959.3023255814 546.2184873950 40.6976744186
st/runQuack 815.1260504202 959.3023255814 184.8739495798 40.6976744186

ellcheck.hs 969.6755994358 0.0000000000 30.3244005642 952.6368827679
ellCheck/Analytics.hs 0.0000000000 186.5745264176 424.8942172073 766.0623563503
ellCheck/AST.hs 0.0000000000 0.0000000000 424.8942172073 186.5745264176
ellCheck/Parser.hs 424.8942172073 0.0000000000 527.5035260931 952.6368827679
ellCheck/Simple.hs 952.3977433004 0.0000000000 17.2778561354 952.6368827679
kefile 0.0000000000 952.6368827679 1000.0000000000 7.3899899227
oncheck.hs 0.0000000000 960.0268726906 268.9075630252 39.9731273094
st/quackCheck.hs 268.9075630252 960.0268726906 546.2184873950 39.9731273094
st/runQuack 815.1260504202 960.0268726906 184.8739495798 39.9731273094

ellcheck.hs 970.2525077828 0.0000000000 29.7474922172 953.4960422164
ellCheck/Analytics.hs 0.0000000000 180.0200527704 432.3763403667 773.4759894459
ellCheck/AST.hs 0.0000000000 0.0000000000 432.3763403667 180.0200527704
ellCheck/Parser.hs 432.3763403667 0.0000000000 520.9270148737 953.4960422164
ellCheck/Simple.hs 953.3033552404 0.0000000000 16.9491525424 953.4960422164
kefile 0.0000000000 953.4960422164 1000.0000000000 7.2559366755
oncheck.hs 0.0000000000 960.7519788918 268.9075630252 39.2480211082
st/quackCheck.hs 268.9075630252 960.7519788918 546.2184873950 39.2480211082
st/runQuack 815.1260504202 960.7519788918 184.8739495798 39.2480211082

ellcheck.hs 970.6884798909 0.0000000000 29.3115201091 954.1463414634
ellCheck/Analytics.hs 0.0000000000 175.5093815942 437.2869802318 778.6369598692
ellCheck/AST.hs 0.0000000000 0.0000000000 437.2869802318 175.5093815942
ellCheck/Parser.hs 437.2869802318 0.0000000000 516.7007498296 954.1463414634
ellCheck/Simple.hs 953.9877300613 0.0000000000 16.7007498296 954.1463414634
kefile 0.0000000000 954.1463414634 1000.0000000000 7.1544715447
oncheck.hs 0.0000000000 961.3008130081 268.9075630252 38.6991869919
st/quackCheck.hs 268.9075630252 961.3008130081 546.2184873950 38.6991869919
st/runQuack 815.1260504202 961.3008130081 184.8739495798 38.6991869919

ellcheck.hs 972.7848101266 0.0000000000 27.2151898734 957.2856710088
ellCheck/Analytics.hs 0.0000000000 154.9515900947 461.3924050633 802.3340809141
ellCheck/AST.hs 0.0000000000 0.0000000000 461.3924050633 154.9515900947
ellCheck/Parser.hs 461.3924050633 0.0000000000 495.8860759494 957.2856710088
ellCheck/Simple.hs 957.2784810127 0.0000000000 15.5063291139 957.2856710088
kefile 0.0000000000 957.2856710088 1000.0000000000 6.6646470766
oncheck.hs 0.0000000000 963.9503180854 268.9075630252 36.0496819146
st/quackCheck.hs 268.9075630252 963.9503180854 546.2184873950 36.0496819146
st/runQuack 815.1260504202 963.9503180854 184.8739495798 36.0496819146

ellcheck.hs 974.1041854863 0.0000000000 25.8958145137 958.7182448037
ellCheck/Analytics.hs 0.0000000000 142.9932183880 478.4703402590 815.7250264157
ellCheck/AST.hs 0.0000000000 0.0000000000 478.4703402590 142.9932183880
ellCheck/Parser.hs 478.4703402590 0.0000000000 480.8792532370 958.7182448037
ellCheck/Simple.hs 959.3495934959 0.0000000000 14.7545919904 958.7182448037
kefile 0.0000000000 958.7182448037 1000.0000000000 6.9284064665
oncheck.hs 0.0000000000 965.6466512702 268.9075630252 34.3533487298
st/quackCheck.hs 268.9075630252 965.6466512702 546.2184873950 34.3533487298
st/runQuack 815.1260504202 965.6466512702 184.8739495798 34.3533487298

ellcheck.hs 977.4218955106 0.0000000000 22.5781044894 963.8157894737
ellCheck/Analytics.hs 0.0000000000 162.1233349578 510.3701758992 801.6924545159
ellCheck/AST.hs 0.0000000000 0.0000000000 510.3701758992 162.1233349578
ellCheck/Parser.hs 510.3701758992 0.0000000000 454.1874507745 963.8157894737
ellCheck/Simple.hs 964.5576266737 0.0000000000 12.8642688370 963.8157894737
kefile 0.0000000000 963.8157894737 1000.0000000000 6.0728744939
oncheck.hs 0.0000000000 969.8886639676 268.9075630252 30.1113360324
st/quackCheck.hs 268.9075630252 969.8886639676 546.2184873950 30.1113360324
st/runQuack 815.1260504202 969.8886639676 184.8739495798 30.1113360324

ellcheck.hs 978.2883110326 0.0000000000 21.7116889674 965.1559454191
ellCheck/Analytics.hs 0.0000000000 154.1083540442 523.3526887150 811.0475913749
ellCheck/AST.hs 0.0000000000 0.0000000000 523.3526887150 154.1083540442
ellCheck/Parser.hs 523.3526887150 0.0000000000 442.5650088362 965.1559454191
ellCheck/Simple.hs 965.9176975511 0.0000000000 12.3706134814 965.1559454191
kefile 0.0000000000 965.1559454191 1000.0000000000 5.8479532164
oncheck.hs 0.0000000000 971.0038986355 268.9075630252 28.9961013645
st/quackCheck.hs 268.9075630252 971.0038986355 546.2184873950 28.9961013645
st/runQuack 815.1260504202 971.0038986355 184.8739495798 28.9961013645

ellcheck.hs 978.6494538232 0.0000000000 21.3505461768 965.9472422062
ellCheck/Analytics.hs 0.0000000000 156.4995287177 507.1996027805 809.4477134885
ellCheck/AST.hs 0.0000000000 0.0000000000 507.1996027805 156.4995287177
ellCheck/Data.hs 507.1996027805 0.0000000000 16.6335650447 965.9472422062
ellCheck/Parser.hs 523.8331678252 0.0000000000 454.8162859980 940.1113170599
ellCheck/Simple.hs 523.8331678252 940.1113170599 454.8162859980 25.8359251463
kefile 0.0000000000 965.9472422062 1000.0000000000 5.5155875300
oncheck.hs 0.0000000000 971.4628297362 268.9075630252 28.5371702638
st/quackCheck.hs 268.9075630252 971.4628297362 546.2184873950 28.5371702638
st/runQuack 815.1260504202 971.4628297362 184.8739495798 28.5371702638

ellcheck.hs 979.1257367387 0.0000000000 20.8742632613 966.3028001898
ellCheck/Analytics.hs 0.0000000000 158.3339528022 509.5776031434 807.9688473877
ellCheck/AST.hs 0.0000000000 0.0000000000 509.5776031434 158.3339528022
ellCheck/Data.hs 509.5776031434 0.0000000000 16.4538310413 966.3028001898
ellCheck/Parser.hs 526.0314341847 0.0000000000 453.0943025540 940.6394737891
ellCheck/Simple.hs 526.0314341847 940.6394737891 453.0943025540 25.6633264007
kefile 0.0000000000 966.3028001898 1000.0000000000 5.4579971523
oncheck.hs 0.0000000000 971.7607973422 268.9075630252 28.2392026578
st/quackCheck.hs 268.9075630252 971.7607973422 546.2184873950 28.2392026578
st/runQuack 815.1260504202 971.7607973422 184.8739495798 28.2392026578

ellcheck.hs 938.1726585757 0.0000000000 61.8273414243 976.0840411265
ellCheck/Analytics.hs 147.7437257599 0.0000000000 790.4289328157 514.3679386849
ellCheck/AST.hs 0.0000000000 0.0000000000 147.7437257599 514.3679386849
ellCheck/Data.hs 0.0000000000 514.3679386849 938.1726585757 17.6300266154
ellCheck/Parser.hs 0.0000000000 531.9979653003 913.0070829701 444.0860758262
ellCheck/Simple.hs 913.0070829701 531.9979653003 25.1655756056 444.0860758262
kefile 0.0000000000 976.0840411265 1000.0000000000 4.4702726866
st/quackCheck.hs 0.0000000000 980.5543138131 747.1264367816 19.4456861869
st/runQuack 747.1264367816 980.5543138131 252.8735632184 19.4456861869

ellcheck.hs 939.8663697105 0.0000000000 60.1336302895 975.8748098240
ellCheck/Analytics.hs 142.2771886472 0.0000000000 797.5891810633 519.3873987831
ellCheck/AST.hs 0.0000000000 0.0000000000 142.2771886472 519.3873987831
ellCheck/Data.hs 0.0000000000 519.3873987831 939.8663697105 17.1124966652
ellCheck/Parser.hs 0.0000000000 536.4998954482 915.1330441918 439.3749143757
ellCheck/Simple.hs 915.1330441918 536.4998954482 24.7333255187 439.3749143757
kefile 0.0000000000 975.8748098240 1000.0000000000 5.2162573354
st/quackCheck.hs 0.0000000000 981.0910671593 747.1264367816 18.9089328407
st/runQuack 747.1264367816 981.0910671593 252.8735632184 18.9089328407

ellcheck.hs 942.6386233270 0.0000000000 57.3613766730 976.5560165975
ellCheck/Analytics.hs 137.6348414365 0.0000000000 805.0037818904 518.5409004065
ellCheck/AST.hs 0.0000000000 0.0000000000 137.6348414365 518.5409004065
ellCheck/Data.hs 0.0000000000 518.5409004065 942.6386233270 16.2869382980
ellCheck/Parser.hs 0.0000000000 534.8278387045 911.1703683380 441.7281778930
ellCheck/Simple.hs 911.1703683380 534.8278387045 31.4682549890 441.7281778930
kefile 0.0000000000 976.5560165975 1000.0000000000 4.9792531120
st/quackCheck.hs 0.0000000000 981.5352697095 730.3370786517 18.4647302905
st/runQuack 730.3370786517 981.5352697095 247.1910112360 18.4647302905
tup.hs 977.5280898876 981.5352697095 22.4719101124 18.4647302905

ellcheck.hs 940.5020755090 0.0000000000 59.4979244910 978.1515854602
ellCheck/Analytics.hs 126.4751362494 0.0000000000 814.0269392596 539.6485733150
ellCheck/AST.hs 0.0000000000 0.0000000000 126.4751362494 539.6485733150
ellCheck/Data.hs 0.0000000000 539.6485733150 940.5020755090 15.6241110750
ellCheck/Parser.hs 0.0000000000 555.2726843901 909.8683180666 422.8789010701
ellCheck/Simple.hs 909.8683180666 555.2726843901 30.6337574424 422.8789010701
kefile 0.0000000000 978.1515854602 1000.0000000000 4.6403712297
st/quackCheck.hs 0.0000000000 982.7919566899 730.3370786517 17.2080433101
st/runQuack 730.3370786517 982.7919566899 247.1910112360 17.2080433101
tup.hs 977.5280898876 982.7919566899 22.4719101124 17.2080433101

ellcheck.hs 943.1861079653 0.0000000000 56.8138920347 979.1166143042
ellCheck/Analytics.hs 117.7324431532 0.0000000000 825.4536648121 557.2558837465
ellCheck/AST.hs 0.0000000000 0.0000000000 117.7324431532 557.2558837465
ellCheck/Data.hs 0.0000000000 557.2558837465 943.1861079653 14.8915074419
ellCheck/Parser.hs 0.0000000000 572.1473911884 912.7607496438 406.9692231158
ellCheck/Simple.hs 912.7607496438 572.1473911884 30.4253583215 406.9692231158
kefile 0.0000000000 979.1166143042 1000.0000000000 4.4354093513
st/quackCheck.hs 0.0000000000 983.5520236555 730.3370786517 16.4479763445
st/runQuack 730.3370786517 983.5520236555 247.1910112360 16.4479763445
tup.hs 977.5280898876 983.5520236555 22.4719101124 16.4479763445

ellcheck.hs 945.2528192070 0.0000000000 54.7471807930 979.8609873463
ellCheck/Analytics.hs 111.3902693273 0.0000000000 833.8625498797 569.5901563928
ellCheck/AST.hs 0.0000000000 0.0000000000 111.3902693273 569.5901563928
ellCheck/Data.hs 0.0000000000 569.5901563928 945.2528192070 15.8376607537
ellCheck/Parser.hs 0.0000000000 585.4278171465 914.9794258576 394.4331701998
ellCheck/Simple.hs 914.9794258576 585.4278171465 30.2733933494 394.4331701998
kefile 0.0000000000 979.8609873463 1000.0000000000 4.2773124220
st/quackCheck.hs 0.0000000000 984.1382997683 730.3370786517 15.8617002317
st/runQuack 730.3370786517 984.1382997683 247.1910112360 15.8617002317
tup.hs 977.5280898876 984.1382997683 22.4719101124 15.8617002317

ellcheck.hs 947.2115047352 0.0000000000 52.7884952648 992.3424991298
ellCheck/Analytics.hs 106.5762628590 0.0000000000 840.6352418762 581.3315436487
ellCheck/AST.hs 0.0000000000 0.0000000000 106.5762628590 581.3315436487
ellCheck/Data.hs 0.0000000000 581.3315436487 947.2115047352 15.9847801193
ellCheck/Parser.hs 0.0000000000 597.3163237680 915.4909334138 395.0261753618
ellCheck/Simple.hs 915.4909334138 597.3163237680 31.7205713214 395.0261753618
kefile 0.0000000000 992.3424991298 1000.0000000000 4.5248868778
st/shellcheck.hs 0.0000000000 996.8673860077 888.8888888889 3.1326139923
tup.hs 888.8888888889 996.8673860077 111.1111111111 3.1326139923

ellcheck.hs 948.0855467403 0.0000000000 51.9144532597 996.9050894085
ellCheck/Analytics.hs 103.6191057567 0.0000000000 844.4664409835 587.4068736755
ellCheck/AST.hs 0.0000000000 0.0000000000 103.6191057567 587.4068736755
ellCheck/Data.hs 0.0000000000 587.4068736755 948.0855467403 15.7778320499
ellCheck/Parser.hs 0.0000000000 603.1847057254 916.6428201786 393.7203836831
ellCheck/Simple.hs 916.6428201786 603.1847057254 31.4427265616 393.7203836831
st/shellcheck.hs 0.0000000000 996.9050894085 1000.0000000000 2.7510316369
tup.hs 0.0000000000 999.6561210454 1000.0000000000 0.3438789546

ellcheck.hs 948.6698499318 0.0000000000 51.3301500682 996.9398163890
ellCheck/Analytics.hs 101.8590011756 0.0000000000 846.8108487562 590.8521615377
ellCheck/AST.hs 0.0000000000 0.0000000000 101.8590011756 590.8521615377
ellCheck/Data.hs 0.0000000000 590.8521615377 948.6698499318 15.5911853363
ellCheck/Parser.hs 0.0000000000 606.4433468740 917.3232555329 390.4964695149
ellCheck/Simple.hs 917.3232555329 606.4433468740 31.3465943988 390.4964695149
st/shellcheck.hs 0.0000000000 996.9398163890 1000.0000000000 2.7201632098
tup.hs 0.0000000000 999.6599795988 1000.0000000000 0.3400204012

ellcheck.hs 942.2558922559 0.0000000000 57.7441077441 996.9788519637
ellCheck/Analytics.hs 98.8496484089 0.0000000000 819.3168337306 606.1674170507
ellCheck/AST.hs 0.0000000000 0.0000000000 98.8496484089 606.1674170507
ellCheck/Data.hs 918.1664821394 0.0000000000 24.0894101164 606.1674170507
ellCheck/Options.hs 0.0000000000 606.1674170507 942.2558922559 2.4937830851
ellCheck/Parser.hs 0.0000000000 608.6612001358 908.9743767955 388.3176518279
ellCheck/Simple.hs 908.9743767955 608.6612001358 33.2815154604 388.3176518279
st/shellcheck.hs 0.0000000000 996.9788519637 1000.0000000000 2.6854649211
tup.hs 0.0000000000 999.6643168849 1000.0000000000 0.3356831151

ellcheck.hs 941.6303253942 0.0000000000 58.3696746058 996.9899665552
ellCheck/Analytics.hs 98.2929901069 0.0000000000 819.3835813956 607.3576212360
ellCheck/AST.hs 0.0000000000 0.0000000000 98.2929901069 607.3576212360
ellCheck/Data.hs 917.6765715026 0.0000000000 23.9537538916 607.3576212360
ellCheck/Options.hs 0.0000000000 607.3576212360 941.6303253942 2.4862592682
ellCheck/Parser.hs 0.0000000000 609.8438805042 908.3709056440 387.1460860510
ellCheck/Simple.hs 908.3709056440 609.8438805042 33.2594197502 387.1460860510
st/shellcheck.hs 0.0000000000 996.9899665552 1000.0000000000 2.6755852843
tup.hs 0.0000000000 999.6655518395 1000.0000000000 0.3344481605

ellcheck.hs 942.0965058236 0.0000000000 57.9034941764 997.0139349701
ellCheck/Analytics.hs 97.4582592231 0.0000000000 820.8879145209 607.6819303394
ellCheck/AST.hs 0.0000000000 0.0000000000 97.4582592231 607.6819303394
ellCheck/Data.hs 918.3461737440 0.0000000000 23.7503320796 607.6819303394
ellCheck/Options.hs 0.0000000000 607.6819303394 942.0965058236 2.4652410967
ellCheck/Parser.hs 0.0000000000 610.1471714362 909.0781030251 386.8667635340
ellCheck/Simple.hs 909.0781030251 610.1471714362 33.0184027986 386.8667635340
st/shellcheck.hs 0.0000000000 997.0139349701 1000.0000000000 2.6542800265
tup.hs 0.0000000000 999.6682149967 1000.0000000000 0.3317850033

ellcheck.hs 942.8195859349 0.0000000000 57.1804140651 997.0511140236
ellCheck/Analytics.hs 96.3327396047 0.0000000000 823.0108005442 607.1273252699
ellCheck/AST.hs 0.0000000000 0.0000000000 96.3327396047 607.1273252699
ellCheck/Data.hs 919.3435401489 0.0000000000 23.4760457860 607.1273252699
ellCheck/Options.hs 0.0000000000 607.1273252699 942.8195859349 2.4326796090
ellCheck/Parser.hs 0.0000000000 609.5600048788 910.2648289318 387.4911091448
ellCheck/Simple.hs 910.2648289318 609.5600048788 32.5547570031 387.4911091448
st/shellcheck.hs 0.0000000000 997.0511140236 1000.0000000000 2.6212319790
tup.hs 0.0000000000 999.6723460026 1000.0000000000 0.3276539974

ellcheck.hs 942.9227488929 0.0000000000 57.0772511071 997.0564186427
ellCheck/Analytics.hs 96.0409190741 0.0000000000 823.4768999604 607.8766302561
ellCheck/AST.hs 0.0000000000 0.0000000000 96.0409190741 607.8766302561
ellCheck/Data.hs 919.5178190345 0.0000000000 23.4049298584 607.8766302561
ellCheck/Options.hs 0.0000000000 607.8766302561 942.9227488929 2.4280378955
ellCheck/Parser.hs 0.0000000000 610.3046681516 910.3644297607 386.7517504911
ellCheck/Simple.hs 910.3644297607 610.3046681516 32.5583191322 386.7517504911
st/shellcheck.hs 0.0000000000 997.0564186427 1000.0000000000 2.6165167621
tup.hs 0.0000000000 999.6729354047 1000.0000000000 0.3270645953

ellcheck.hs 943.0628272251 0.0000000000 56.9371727749 990.4391508670
ellCheck/Analytics.hs 98.0331633112 0.0000000000 821.5341123765 600.0370428222
ellCheck/AST.hs 0.0000000000 0.0000000000 98.0331633112 600.0370428222
ellCheck/Data.hs 919.5672756877 0.0000000000 23.4955515374 600.0370428222
ellCheck/Options.hs 0.0000000000 600.0370428222 943.0628272251 2.4056467925
ellCheck/Parser.hs 0.0000000000 602.4426896148 910.9034659779 387.9964612522
ellCheck/Simple.hs 910.9034659779 602.4426896148 32.1593612473 387.9964612522
st/shellcheck.hs 0.0000000000 990.4391508670 1000.0000000000 2.5927726462
tup.hs 0.0000000000 993.0319235132 1000.0000000000 6.9680764868

ellcheck.hs 943.5766656041 0.0000000000 56.4233343959 990.6837201958
ellCheck/Analytics.hs 93.8920859688 0.0000000000 827.1815177088 610.4753735261
ellCheck/AST.hs 0.0000000000 0.0000000000 93.8920859688 610.4753735261
ellCheck/Data.hs 921.0736036777 0.0000000000 22.5030619264 610.4753735261
ellCheck/Options.hs 0.0000000000 610.4753735261 943.5766656041 2.3428331221
ellCheck/Parser.hs 0.0000000000 612.8182066481 911.3997819674 377.8655135477
ellCheck/Simple.hs 911.3997819674 612.8182066481 32.1768836366 377.8655135477
st/shellcheck.hs 0.0000000000 990.6837201958 1000.0000000000 2.5264487605
tup.hs 0.0000000000 993.2101689563 1000.0000000000 6.7898310437

ellcheck.hs 944.0404679102 0.0000000000 55.9595320898 990.7595927956
ellCheck/Analytics.hs 91.8594633196 0.0000000000 833.0966285547 615.4919774400
ellCheck/AST.hs 0.0000000000 0.0000000000 91.8594633196 615.4919774400
ellCheck/Data.hs 924.9560918743 0.0000000000 19.0843760359 615.4919774400
ellCheck/Options.hs 0.0000000000 615.4919774400 944.0404679102 2.3226112356
ellCheck/Parser.hs 0.0000000000 617.8145886756 910.4447217212 372.9450041200
ellCheck/Simple.hs 910.4447217212 617.8145886756 33.5957461890 372.9450041200
st/shellcheck.hs 0.0000000000 990.7595927956 1000.0000000000 2.5058731402
tup.hs 0.0000000000 993.2654659358 1000.0000000000 6.7345340642

ellcheck.hs 945.1162790698 0.0000000000 54.8837209302 990.9356275926
ellCheck/Analytics.hs 91.1954304366 0.0000000000 835.0788175513 611.5321245084
ellCheck/AST.hs 0.0000000000 0.0000000000 91.1954304366 611.5321245084
ellCheck/Data.hs 926.2742479878 0.0000000000 18.8420310819 611.5321245084
ellCheck/Options.hs 0.0000000000 611.5321245084 6.0612129670 354.8576894742
ellCheck/Parser.hs 6.0612129670 611.5321245084 939.0550661028 354.8576894742
ellCheck/Regex.hs 0.0000000000 966.3898139826 444.3924226090 24.5458136100
ellCheck/Simple.hs 444.3924226090 966.3898139826 500.7238564608 24.5458136100
st/shellcheck.hs 0.0000000000 990.9356275926 1000.0000000000 2.4581348902
tup.hs 0.0000000000 993.3937624827 1000.0000000000 6.6062375173

ellcheck.hs 945.7388105457 0.0000000000 54.2611894543 991.0375208871
ellCheck/Analytics.hs 90.1647268304 0.0000000000 836.9961867035 613.2546604128
ellCheck/AST.hs 0.0000000000 0.0000000000 90.1647268304 613.2546604128
ellCheck/Data.hs 927.1609135339 0.0000000000 18.5778970118 613.2546604128
ellCheck/Options.hs 0.0000000000 613.2546604128 6.0156035201 353.5289438367
ellCheck/Parser.hs 6.0156035201 613.2546604128 939.7232070256 353.5289438367
ellCheck/Regex.hs 0.0000000000 966.7836042495 444.6851360844 24.2539166376
ellCheck/Simple.hs 444.6851360844 966.7836042495 501.0536744613 24.2539166376
st/shellcheck.hs 0.0000000000 991.0375208871 1000.0000000000 2.4305028103
tup.hs 0.0000000000 993.4680236974 1000.0000000000 6.5319763026

ellcheck.hs 945.5730745907 0.0000000000 54.4269254093 991.1344853494
ellCheck/Analytics.hs 89.6347436675 0.0000000000 837.5705555815 613.5594433115
ellCheck/AST.hs 0.0000000000 0.0000000000 89.6347436675 613.5594433115
ellCheck/Data.hs 927.2052992490 0.0000000000 18.3677753417 613.5594433115
ellCheck/Options.hs 0.0000000000 613.5594433115 5.9603885836 352.9436735547
ellCheck/Parser.hs 5.9603885836 613.5594433115 939.6126860070 352.9436735547
ellCheck/Regex.hs 0.0000000000 966.5031168663 445.3344157750 24.6313684831
ellCheck/Simple.hs 445.3344157750 966.5031168663 500.2386588157 24.6313684831
st/shellcheck.hs 0.0000000000 991.1344853494 1000.0000000000 2.4042073629
tup.hs 0.0000000000 993.5386927122 1000.0000000000 6.4613072878

ellcheck.hs 946.7674970344 0.0000000000 53.2325029656 991.3273555784
ellCheck/Analytics.hs 86.6292259786 0.0000000000 842.3863804864 621.0351483655
ellCheck/AST.hs 0.0000000000 0.0000000000 86.6292259786 621.0351483655
ellCheck/Data.hs 929.0156064650 0.0000000000 17.7518905694 621.0351483655
ellCheck/Options.hs 0.0000000000 621.0351483655 5.9438318199 346.2270952138
ellCheck/Parser.hs 5.9438318199 621.0351483655 940.8236652145 346.2270952138
ellCheck/Regex.hs 0.0000000000 967.2622435793 445.8969502162 24.0651119992
ellCheck/Simple.hs 445.8969502162 967.2622435793 500.8705468182 24.0651119992
st/shellcheck.hs 0.0000000000 991.3273555784 1000.0000000000 2.3519035720
tup.hs 0.0000000000 993.6792591504 1000.0000000000 6.3207408496

ellcheck.hs 961.6099893730 0.0000000000 38.3900106270 991.9620503360
ellCheck/Analytics.hs 136.8208966208 0.0000000000 782.5155266867 579.7750290056
ellCheck/Analyzer.hs 919.3364233074 0.0000000000 42.2735660656 84.1608913073
ellCheck/AST.hs 0.0000000000 0.0000000000 136.8208966208 348.6354825582
ellCheck/ASTLib.hs 0.0000000000 348.6354825582 136.8208966208 231.1395464474
ellCheck/Checker.hs 919.3364233074 84.1608913073 42.2735660656 495.6141376984
ellCheck/Data.hs 0.0000000000 579.7750290056 159.0633065128 72.9000981874
ellCheck/Formatter/CheckStyle.hs 345.2396766358 579.7750290056 148.2180810688 72.9000981874
ellCheck/Formatter/Format.hs 493.4577577046 579.7750290056 110.2597920146 72.9000981874
ellCheck/Formatter/GCC.hs 603.7175497191 579.7750290056 97.6070289965 72.9000981874
ellCheck/Formatter/JSON.hs 701.3245787157 579.7750290056 104.8371792925 72.9000981874
ellCheck/Formatter/TTY.hs 806.1617580082 579.7750290056 155.4482313648 72.9000981874
ellCheck/Interface.hs 159.0633065128 579.7750290056 186.1763701230 72.9000981874
ellCheck/Parser.hs 0.0000000000 652.6751271930 930.5401997325 339.2869231430
ellCheck/Regex.hs 930.5401997325 652.6751271930 31.0697896405 339.2869231430
st/shellcheck.hs 0.0000000000 991.9620503360 1000.0000000000 2.3718539992
tup.hs 0.0000000000 994.3339043352 1000.0000000000 5.6660956648

ellcheck.hs 961.9986850756 0.0000000000 38.0013149244 992.0427863292
ellCheck/Analytics.hs 136.5898156467 0.0000000000 783.4159674284 577.7876315676
ellCheck/Analyzer.hs 920.0057830751 0.0000000000 41.9929020005 83.8723981308
ellCheck/AST.hs 0.0000000000 0.0000000000 136.5898156467 348.5826206978
ellCheck/ASTLib.hs 0.0000000000 348.5826206978 136.5898156467 229.2050108698
ellCheck/Checker.hs 920.0057830751 83.8723981308 41.9929020005 493.9152334369
ellCheck/Data.hs 0.0000000000 577.7876315676 159.1276020426 72.1387045280
ellCheck/Formatter/CheckStyle.hs 345.3792271606 577.7876315676 148.2779928124 72.1387045280
ellCheck/Formatter/Format.hs 493.6572199730 577.7876315676 110.3043605068 72.1387045280
ellCheck/Formatter/GCC.hs 603.9615804798 577.7876315676 97.6464830716 72.1387045280
ellCheck/Formatter/JSON.hs 701.6080635514 577.7876315676 104.8795558917 72.1387045280
ellCheck/Formatter/TTY.hs 806.4876194431 577.7876315676 155.5110656325 72.1387045280
ellCheck/Interface.hs 159.1276020426 577.7876315676 186.2516251180 72.1387045280
ellCheck/Parser.hs 0.0000000000 649.9263360957 931.4953577645 342.1164502336
ellCheck/Regex.hs 931.4953577645 649.9263360957 30.5033273112 342.1164502336
st/shellcheck.hs 0.0000000000 992.0427863292 1000.0000000000 2.3480302635
tup.hs 0.0000000000 994.3908165927 1000.0000000000 5.6091834073

ellcheck.hs 963.5045778230 0.0000000000 36.4954221770 992.3028391167
ellCheck/Analytics.hs 133.0605204681 0.0000000000 789.7507913865 586.0571736898
ellCheck/Analyzer.hs 922.8113118546 0.0000000000 40.6932659684 83.7224533843
ellCheck/AST.hs 0.0000000000 0.0000000000 133.0605204681 346.1340912569
ellCheck/ASTLib.hs 0.0000000000 346.1340912569 133.0605204681 239.9230824329
ellCheck/Checker.hs 922.8113118546 83.7224533843 40.6932659684 502.3347203055
ellCheck/Data.hs 0.0000000000 586.0571736898 166.8639212990 70.3268608428
ellCheck/Formatter/CheckStyle.hs 351.6701997268 586.0571736898 147.1273284571 70.3268608428
ellCheck/Formatter/Format.hs 498.7975281840 586.0571736898 109.4483784864 70.3268608428
ellCheck/Formatter/GCC.hs 608.2459066704 586.0571736898 96.8887284962 70.3268608428
ellCheck/Formatter/JSON.hs 705.1346351665 586.0571736898 104.0656713477 70.3268608428
ellCheck/Formatter/TTY.hs 809.2003065143 586.0571736898 154.3042713087 70.3268608428
ellCheck/Interface.hs 166.8639212990 586.0571736898 184.8062784279 70.3268608428
ellCheck/Parser.hs 0.0000000000 656.3840345325 933.4537527837 335.9188045842
ellCheck/Regex.hs 933.4537527837 656.3840345325 30.0508250393 335.9188045842
st/shellcheck.hs 0.0000000000 992.3028391167 1000.0000000000 2.2712933754
tup.hs 0.0000000000 994.5741324921 1000.0000000000 5.4258675079

ellcheck.hs 963.5277671877 0.0000000000 36.4722328123 992.3076923077
ellCheck/Analytics.hs 133.0339946653 0.0000000000 789.8086188140 585.8044356066
ellCheck/Analyzer.hs 922.8426134794 0.0000000000 40.6851537083 83.6863479438
ellCheck/AST.hs 0.0000000000 0.0000000000 133.0339946653 345.9848203825
ellCheck/ASTLib.hs 0.0000000000 345.9848203825 133.0339946653 239.8196152241
ellCheck/Checker.hs 922.8426134794 83.6863479438 40.6851537083 502.1180876628
ellCheck/Data.hs 0.0000000000 585.8044356066 166.8679373342 70.2808270600
ellCheck/Formatter/CheckStyle.hs 351.6786636290 585.8044356066 147.1308694775 70.2808270600
ellCheck/Formatter/Format.hs 498.8095331065 585.8044356066 109.4510126601 70.2808270600
ellCheck/Formatter/GCC.hs 608.2605457665 585.8044356066 96.8910603876 70.2808270600
ellCheck/Formatter/JSON.hs 705.1516061541 585.8044356066 104.0681759719 70.2808270600
ellCheck/Formatter/TTY.hs 809.2197821260 585.8044356066 154.3079850617 70.2808270600
ellCheck/Interface.hs 166.8679373342 585.8044356066 184.8107262948 70.2808270600
ellCheck/Parser.hs 0.0000000000 656.0852626666 933.5230099378 336.2224296411
ellCheck/Regex.hs 933.5230099378 656.0852626666 30.0047572499 336.2224296411
st/shellcheck.hs 0.0000000000 992.3076923077 1000.0000000000 2.2698612863
tup.hs 0.0000000000 994.5775535939 1000.0000000000 5.4224464061

ellcheck.hs 960.4384528159 0.0000000000 39.5615471841 974.7428740399
ellCheck/Analytics.hs 132.2528885562 0.0000000000 787.7392925168 583.1605891509
ellCheck/Analyzer.hs 919.9921810730 0.0000000000 40.4462717429 83.3086555930
ellCheck/AST.hs 0.0000000000 0.0000000000 132.2528885562 344.4233253075
ellCheck/ASTLib.hs 0.0000000000 344.4233253075 132.2528885562 238.7372638433
ellCheck/Checker.hs 919.9921810730 83.3086555930 40.4462717429 499.8519335579
ellCheck/Data.hs 0.0000000000 583.1605891509 162.3762851883 72.2453849305
ellCheck/Formatter/CheckStyle.hs 362.7555307398 583.1605891509 141.6473977175 72.2453849305
ellCheck/Formatter/Format.hs 504.4029284573 583.1605891509 105.3718446435 72.2453849305
ellCheck/Formatter/GCC.hs 609.7747731008 583.1605891509 93.2799936188 72.2453849305
ellCheck/Formatter/JSON.hs 703.0547667196 583.1605891509 100.1896227758 72.2453849305
ellCheck/Formatter/TTY.hs 803.2443894953 583.1605891509 157.1940633206 72.2453849305
ellCheck/Interface.hs 162.3762851883 583.1605891509 200.3792455515 72.2453849305
ellCheck/Parser.hs 0.0000000000 655.4059740813 930.6458680058 335.1094383735
ellCheck/Regex.hs 930.6458680058 655.4059740813 29.7925848101 335.1094383735
ickrun 960.4384528159 974.7428740399 39.5615471841 15.7725384149
icktest 0.0000000000 990.5154124548 1000.0000000000 1.8719580681
st/shellcheck.hs 0.0000000000 992.3873705229 295.0819672131 7.6126294771
tup.hs 295.0819672131 992.3873705229 704.9180327869 7.6126294771

ellcheck.hs 960.6368308888 0.0000000000 39.3631691112 975.6372989071
ellCheck/Analytics.hs 131.1116522724 0.0000000000 789.4279257370 585.8239953881
ellCheck/Analyzer.hs 920.5395780094 0.0000000000 40.0972528794 83.6891421983
ellCheck/AST.hs 0.0000000000 0.0000000000 131.1116522724 345.9963726807
ellCheck/ASTLib.hs 0.0000000000 345.9963726807 131.1116522724 239.8276227074
ellCheck/Checker.hs 920.5395780094 83.6891421983 40.0972528794 502.1348531898
ellCheck/Data.hs 0.0000000000 585.8239953881 162.4098239272 71.9342185150
ellCheck/Formatter/CheckStyle.hs 362.8304577098 585.8239953881 141.6766549153 71.9342185150
ellCheck/Formatter/Format.hs 504.5071126251 585.8239953881 105.3936091443 71.9342185150
ellCheck/Formatter/GCC.hs 609.9007217693 585.8239953881 93.2992605539 71.9342185150
ellCheck/Formatter/JSON.hs 703.1999823233 585.8239953881 100.2103168913 71.9342185150
ellCheck/Formatter/TTY.hs 803.4102992146 585.8239953881 157.2265316742 71.9342185150
ellCheck/Interface.hs 162.4098239272 585.8239953881 200.4206337826 71.9342185150
ellCheck/Parser.hs 0.0000000000 657.7582139031 930.8380924355 333.6660963132
ellCheck/Regex.hs 930.8380924355 657.7582139031 29.7987384533 333.6660963132
ickrun 960.6368308888 975.6372989071 39.3631691112 15.7870113092
icktest 0.0000000000 991.4243102163 1000.0000000000 1.8642803878
st/shellcheck.hs 0.0000000000 993.2885906040 333.3333333333 6.7114093960
tup.hs 333.3333333333 993.2885906040 666.6666666667 6.7114093960

ellcheck.hs 960.8625202543 0.0000000000 39.1374797457 975.6852722355
ellCheck/Analytics.hs 131.1424552821 0.0000000000 789.6133917549 582.3569872655
ellCheck/Analyzer.hs 920.7558470369 0.0000000000 40.1066732173 83.1938553236
ellCheck/AST.hs 0.0000000000 0.0000000000 131.1424552821 343.9487060710
ellCheck/ASTLib.hs 0.0000000000 343.9487060710 131.1424552821 238.4082811944
ellCheck/Checker.hs 920.7558470369 83.1938553236 40.1066732173 499.1631319418
ellCheck/Data.hs 0.0000000000 582.3569872655 162.4479800430 71.5084993197
ellCheck/Formatter/CheckStyle.hs 362.9157000960 582.3569872655 141.7099400375 71.5084993197
ellCheck/Formatter/Format.hs 504.6256401335 582.3569872655 105.4183700279 71.5084993197
ellCheck/Formatter/GCC.hs 610.0440101614 582.3569872655 93.3211800247 71.5084993197
ellCheck/Formatter/JSON.hs 703.3651901861 582.3569872655 100.2338600265 71.5084993197
ellCheck/Formatter/TTY.hs 803.5990502127 582.3569872655 157.2634700416 71.5084993197
ellCheck/Interface.hs 162.4479800430 582.3569872655 200.4677200530 71.5084993197
ellCheck/Parser.hs 0.0000000000 653.8654865852 931.5790910656 337.6075732270
ellCheck/Regex.hs 931.5790910656 653.8654865852 29.2834291887 337.6075732270
ickrun 960.8625202543 975.6852722355 39.1374797457 15.7877875766
icktest 0.0000000000 991.4730598122 1000.0000000000 1.8536826495
st/shellcheck.hs 0.0000000000 993.3267424617 333.3333333333 6.6732575383
tup.hs 333.3333333333 993.3267424617 666.6666666667 6.6732575383

ack.yaml 0.0000000000 0.0000000000 4.3087529238 990.9723069416
ellcheck.hs 961.9598670442 0.0000000000 38.0401329558 990.9723069416
ellCheck/Analytics.hs 134.2234733126 0.0000000000 788.2606989510 584.0863899379
ellCheck/Analyzer.hs 922.4841722637 0.0000000000 39.4756947805 83.4409128483
ellCheck/AST.hs 4.3087529238 0.0000000000 129.9147203889 346.5078422622
ellCheck/ASTLib.hs 4.3087529238 346.5078422622 129.9147203889 237.5785476757
ellCheck/Checker.hs 922.4841722637 83.4409128483 39.4756947805 500.6454770896
ellCheck/Data.hs 4.3087529238 584.0863899379 161.9050444736 70.8292328911
ellCheck/Formatter/CheckStyle.hs 366.0115118542 584.0863899379 141.2363153919 70.8292328911
ellCheck/Formatter/Format.hs 507.2478272460 584.0863899379 105.0660394988 70.8292328911
ellCheck/Formatter/GCC.hs 612.3138667448 584.0863899379 93.0092808678 70.8292328911
ellCheck/Formatter/JSON.hs 705.3231476126 584.0863899379 99.8988572284 70.8292328911
ellCheck/Formatter/TTY.hs 805.2220048410 584.0863899379 156.7378622032 70.8292328911
ellCheck/Interface.hs 166.2137973974 584.0863899379 199.7977144568 70.8292328911
ellCheck/Parser.hs 4.3087529238 654.9156228290 928.6093820773 336.0566841126
ellCheck/Regex.hs 932.9181350011 654.9156228290 29.0417320431 336.0566841126
ickrun 0.0000000000 990.9723069416 250.0000000000 2.4399170428
icktest 250.0000000000 990.9723069416 750.0000000000 2.4399170428
st/shellcheck.hs 0.0000000000 993.4122239844 333.3333333333 6.5877760156
tup.hs 333.3333333333 993.4122239844 666.6666666667 6.5877760156

ack.yaml 0.0000000000 0.0000000000 4.1449549976 990.1500938086
ellcheck.hs 963.4059687352 0.0000000000 36.5940312648 990.1500938086
ellCheck/Analytics.hs 145.7124009447 0.0000000000 629.6919995727 517.6895860839
ellCheck/Analyzer.hs 775.4044005174 0.0000000000 8.1542848866 517.6895860839
ellCheck/AnalyzerLib.hs 783.5586854040 0.0000000000 179.8472833312 412.0652624748
ellCheck/AST.hs 4.1449549976 0.0000000000 84.2609438277 517.6895860839
ellCheck/ASTLib.hs 88.4058988253 0.0000000000 57.3065021194 517.6895860839
ellCheck/Checker.hs 783.5586854040 412.0652624748 179.8472833312 105.6243236091
ellCheck/Checks/Commands.hs 4.1449549976 517.6895860839 481.3496126282 136.4206795914
ellCheck/Data.hs 882.6079980440 517.6895860839 80.7979706912 136.4206795914
ellCheck/Formatter/CheckStyle.hs 585.2027016702 517.6895860839 122.9160617961 78.2272428426
ellCheck/Formatter/Format.hs 585.2027016702 595.9168289265 122.9160617961 58.1934367488
ellCheck/Formatter/GCC.hs 708.1187634663 517.6895860839 46.4158555034 136.4206795914
ellCheck/Formatter/JSON.hs 754.5346189698 517.6895860839 128.0733790743 53.1033517873
ellCheck/Formatter/TTY.hs 754.5346189698 570.7929378712 128.0733790743 83.3173278042
ellCheck/Interface.hs 485.4945676258 517.6895860839 99.7081340444 136.4206795914
ellCheck/Parser.hs 4.1449549976 654.1102656753 931.3450875466 336.0398281333
ellCheck/Regex.hs 935.4900425442 654.1102656753 27.9159261910 336.0398281333
ickrun 0.0000000000 990.1500938086 192.3076923077 3.0487804878
icktest 192.3076923077 990.1500938086 807.6923076923 3.0487804878
st/shellcheck.hs 0.0000000000 993.1988742964 379.3103448276 6.8011257036
tup.hs 379.3103448276 993.1988742964 620.6896551724 6.8011257036

ack.yaml 0.0000000000 0.0000000000 4.1376049178 990.1673885052
ellcheck.hs 963.4708594397 0.0000000000 36.5291405603 990.1673885052
ellCheck/Analytics.hs 145.2160247005 0.0000000000 630.9026932679 518.5719533145
ellCheck/Analyzer.hs 776.1187179683 0.0000000000 8.1261169795 518.5719533145
ellCheck/AnalyzerLib.hs 784.2448349478 0.0000000000 179.2260244918 412.7676001193
ellCheck/AST.hs 4.1376049178 0.0000000000 83.9698754546 518.5719533145
ellCheck/ASTLib.hs 88.1074803725 0.0000000000 57.1085443280 518.5719533145
ellCheck/Checker.hs 784.2448349478 412.7676001193 179.2260244918 105.8043531951
ellCheck/Checks/Commands.hs 4.1376049178 518.5719533145 481.3858624841 136.1708940939
ellCheck/Data.hs 882.6668039513 518.5719533145 80.8040554884 136.1708940939
ellCheck/Formatter/CheckStyle.hs 585.2391103450 518.5719533145 122.9253184558 78.0840092007
ellCheck/Formatter/Format.hs 585.2391103450 596.6559625152 122.9253184558 58.0868848932
ellCheck/Formatter/GCC.hs 708.1644288008 518.5719533145 46.4193510252 136.1708940939
ellCheck/Formatter/JSON.hs 754.5837798260 518.5719533145 128.0830241252 53.0061198486
ellCheck/Formatter/TTY.hs 754.5837798260 571.5780731631 128.0830241252 83.1647742453
ellCheck/Interface.hs 485.5234674019 518.5719533145 99.7156429431 136.1708940939
ellCheck/Parser.hs 4.1376049178 654.7428474084 931.4152260163 335.4245410968
ellCheck/Regex.hs 935.5528309341 654.7428474084 27.9180285055 335.4245410968
ickrun 0.0000000000 990.1673885052 192.3076923077 3.0434273674
icktest 192.3076923077 990.1673885052 807.6923076923 3.0434273674
st/shellcheck.hs 0.0000000000 993.2108158726 379.3103448276 6.7891841274
tup.hs 379.3103448276 993.2108158726 620.6896551724 6.7891841274

ack.yaml 0.0000000000 0.0000000000 4.0902185345 990.2789029048
ellcheck.hs 963.8892135094 0.0000000000 36.1107864906 990.2789029048
ellCheck/Analytics.hs 149.4735165111 0.0000000000 628.1994357012 515.8179893616
ellCheck/Analyzer.hs 777.6729522123 0.0000000000 8.0768498876 515.8179893616
ellCheck/AnalyzerLib.hs 785.7498020999 0.0000000000 178.1394114095 410.5755280561
ellCheck/AST.hs 4.0902185345 0.0000000000 84.3582099370 515.8179893616
ellCheck/ASTLib.hs 88.4484284715 0.0000000000 61.0250880395 515.8179893616
ellCheck/Checker.hs 785.7498020999 410.5755280561 178.1394114095 105.2424613055
ellCheck/Checks/Commands.hs 4.0902185345 515.8179893616 478.6174863632 135.4052365715
ellCheck/Data.hs 883.5498497270 515.8179893616 80.3393637824 135.4052365715
ellCheck/Formatter/CheckStyle.hs 581.8498985016 515.8179893616 126.4917642531 75.0218202626
ellCheck/Formatter/Format.hs 581.8498985016 590.8398096242 126.4917642531 60.3834163089
ellCheck/Formatter/GCC.hs 708.3416627547 515.8179893616 46.1524004707 135.4052365715
ellCheck/Formatter/JSON.hs 754.4940632255 515.8179893616 129.0557865015 53.8034052602
ellCheck/Formatter/TTY.hs 754.4940632255 569.6213946218 129.0557865015 81.6018313113
ellCheck/Interface.hs 482.7077048978 515.8179893616 99.1421936038 135.4052365715
ellCheck/Parser.hs 4.0902185345 651.2232259331 932.4931914194 339.0556769717
ellCheck/Regex.hs 936.5834099539 651.2232259331 27.3058035555 339.0556769717
ickrun 0.0000000000 990.2789029048 192.3076923077 3.0089110057
icktest 192.3076923077 990.2789029048 807.6923076923 3.0089110057
st/shellcheck.hs 0.0000000000 993.2878139104 379.3103448276 6.7121860896
tup.hs 379.3103448276 993.2878139104 620.6896551724 6.7121860896

ack.yaml 0.0000000000 0.0000000000 4.0650406504 990.3381642512
ellcheck.hs 964.1114982578 0.0000000000 35.8885017422 990.3381642512
ellCheck/Analytics.hs 151.7644956669 0.0000000000 627.1649064221 515.5365498153
ellCheck/Analyzer.hs 778.9294020891 0.0000000000 8.0319945326 515.5365498153
ellCheck/AnalyzerLib.hs 786.9613966217 0.0000000000 177.1501016361 410.3515106842
ellCheck/AST.hs 4.0650406504 0.0000000000 83.8897206740 515.5365498153
ellCheck/ASTLib.hs 87.9547613244 0.0000000000 63.8097343425 515.5365498153
ellCheck/Checker.hs 786.9613966217 410.3515106842 177.1501016361 105.1850391311
ellCheck/Checks/Commands.hs 4.0650406504 515.5365498153 478.7408871417 134.5450953852
ellCheck/Data.hs 883.7514207733 515.5365498153 80.3600774845 134.5450953852
ellCheck/Formatter/CheckStyle.hs 581.9736829858 515.5365498153 126.5243773160 74.5452555513
ellCheck/Formatter/Format.hs 581.9736829858 590.0818053665 126.5243773160 59.9998398339
ellCheck/Formatter/GCC.hs 708.4980603018 515.5365498153 46.1642998315 134.5450953852
ellCheck/Formatter/JSON.hs 754.6623601333 515.5365498153 129.0890606400 53.4616273054
ellCheck/Formatter/TTY.hs 754.6623601333 568.9981771206 129.0890606400 81.0834680798
ellCheck/Interface.hs 482.8059277921 515.5365498153 99.1677551936 134.5450953852
ellCheck/Parser.hs 4.0650406504 650.0816452005 933.0028954213 340.2565190507
ellCheck/Regex.hs 937.0679360717 650.0816452005 27.0435621861 340.2565190507
ickrun 0.0000000000 990.3381642512 192.3076923077 2.9905682080
icktest 192.3076923077 990.3381642512 807.6923076923 2.9905682080
st/shellcheck.hs 0.0000000000 993.3287324592 379.3103448276 6.6712675408
tup.hs 379.3103448276 993.3287324592 620.6896551724 6.6712675408

ack.yaml 0.0000000000 0.0000000000 4.0271545277 990.4273504274
ellcheck.hs 964.4459785986 0.0000000000 35.5540214014 990.4273504274
ellCheck/Analytics.hs 150.4833400913 0.0000000000 628.4221935279 519.0043405738
ellCheck/Analyzer.hs 778.9055336192 0.0000000000 7.9046816796 519.0043405738
ellCheck/AnalyzerLib.hs 786.8102152987 0.0000000000 177.6357632998 415.0751648346
ellCheck/AST.hs 4.0271545277 0.0000000000 83.2187321269 519.0043405738
ellCheck/ASTLib.hs 87.2458866545 0.0000000000 63.2374534368 519.0043405738
ellCheck/Checker.hs 786.8102152987 415.0751648346 177.6357632998 103.9291757391
ellCheck/Checks/Commands.hs 4.0271545277 519.0043405738 478.9265730006 133.2514573535
ellCheck/Data.hs 884.0547324163 519.0043405738 80.3912461822 133.2514573535
ellCheck/Formatter/CheckStyle.hs 582.1599462213 519.0043405738 126.5734514359 73.8285101553
ellCheck/Formatter/Format.hs 582.1599462213 592.8328507291 126.5734514359 59.4229471982
ellCheck/Formatter/GCC.hs 708.7333976571 519.0043405738 46.1822052536 133.2514573535
ellCheck/Formatter/JSON.hs 754.9156029108 519.0043405738 129.1391295055 52.9475989484
ellCheck/Formatter/TTY.hs 754.9156029108 571.9519395222 129.1391295055 80.3038584051
ellCheck/Interface.hs 482.9537275283 519.0043405738 99.2062186930 133.2514573535
ellCheck/Parser.hs 4.0271545277 652.2557979273 933.4596991847 338.1715525001
ellCheck/Regex.hs 937.4868537124 652.2557979273 26.9591248862 338.1715525001
ickrun 0.0000000000 990.4273504274 192.3076923077 2.9629629630
icktest 192.3076923077 990.4273504274 807.6923076923 2.9629629630
st/shellcheck.hs 0.0000000000 993.3903133903 379.3103448276 6.6096866097
tup.hs 379.3103448276 993.3903133903 620.6896551724 6.6096866097

ack.yaml 0.0000000000 0.0000000000 964.2694583523 4.0838105524
ellcheck.hs 964.2694583523 0.0000000000 35.1615839782 988.7488748875
ellCheck/Analytics.hs 146.5128929452 4.0838105524 628.1001150476 513.7433674923
ellCheck/Analyzer.hs 774.6130079928 4.0838105524 7.8841018625 513.7433674923
ellCheck/AnalyzerLib.hs 782.4971098553 4.0838105524 181.7723484970 413.4705656444
ellCheck/AST.hs 0.0000000000 4.0838105524 83.0020723860 513.7433674923
ellCheck/ASTLib.hs 83.0020723860 4.0838105524 63.5108205592 513.7433674923
ellCheck/Checker.hs 782.4971098553 417.5543761968 181.7723484970 100.2728018479
ellCheck/Checks/Commands.hs 0.0000000000 517.8271780447 506.5260308208 138.3828375757
ellCheck/Data.hs 887.8433798657 517.8271780447 76.4260784866 138.3828375757
ellCheck/Formatter/CheckStyle.hs 600.8390638468 517.8271780447 120.3304214470 76.6715721703
ellCheck/Formatter/Format.hs 600.8390638468 594.4987502150 120.3304214470 61.7112654054
ellCheck/Formatter/GCC.hs 721.1694852938 517.8271780447 43.9043429604 138.3828375757
ellCheck/Formatter/JSON.hs 765.0738282542 517.8271780447 122.7695516115 54.9865579771
ellCheck/Formatter/TTY.hs 765.0738282542 572.8137360218 122.7695516115 83.3962795986
ellCheck/Interface.hs 506.5260308208 517.8271780447 94.3130330260 138.3828375757
ellCheck/Parser.hs 0.0000000000 656.2100156204 937.2022454863 332.5388592671
ellCheck/Regex.hs 937.2022454863 656.2100156204 27.0672128660 332.5388592671
ickrun 999.4310423305 0.0000000000 0.5689576695 988.7488748875
icktest 0.0000000000 988.7488748875 500.0000000000 4.7254725473
ravis.yml 500.0000000000 988.7488748875 500.0000000000 4.7254725473
st/shellcheck.hs 0.0000000000 993.4743474347 379.3103448276 6.5256525653
tup.hs 379.3103448276 993.4743474347 620.6896551724 6.5256525653

ack.yaml 0.0000000000 0.0000000000 964.3748581802 4.0714540247
ellcheck.hs 964.3748581802 0.0000000000 35.0578624915 988.7816917209
ellCheck/Analytics.hs 147.7442360235 4.0714540247 627.6402109360 514.0501524370
ellCheck/Analyzer.hs 775.3844469595 4.0714540247 7.8564143233 514.0501524370
ellCheck/AnalyzerLib.hs 783.2408612828 4.0714540247 181.1339968974 413.7174720818
ellCheck/AST.hs 0.0000000000 4.0714540247 83.3652853190 514.0501524370
ellCheck/ASTLib.hs 83.3652853190 4.0714540247 64.3789507045 514.0501524370
ellCheck/Checker.hs 783.2408612828 417.7889261066 181.1339968974 100.3326803552
ellCheck/Checks/Commands.hs 0.0000000000 518.1216064617 506.5813968349 137.9641278095
ellCheck/Data.hs 887.9404259129 518.1216064617 76.4344322672 137.9641278095
ellCheck/Formatter/CheckStyle.hs 600.9047387817 518.1216064617 120.3435742080 76.4395843269
ellCheck/Formatter/Format.hs 600.9047387817 594.5611907886 120.3435742080 61.5245434826
ellCheck/Formatter/GCC.hs 721.2483129897 518.1216064617 43.9091419407 137.9641278095
ellCheck/Formatter/JSON.hs 765.1574549305 518.1216064617 122.7829709825 54.8201832356
ellCheck/Formatter/TTY.hs 765.1574549305 572.9417896973 122.7829709825 83.1439445740
ellCheck/Interface.hs 506.5813968349 518.1216064617 94.3233419468 137.9641278095
ellCheck/Parser.hs 0.0000000000 656.0857342713 937.3993376716 332.6959574496
ellCheck/Regex.hs 937.3993376716 656.0857342713 26.9755205085 332.6959574496
ickrun 999.4327206717 0.0000000000 0.5672793283 988.7816917209
icktest 0.0000000000 988.7816917209 500.0000000000 4.7116894772
ravis.yml 500.0000000000 988.7816917209 500.0000000000 4.7116894772
st/shellcheck.hs 0.0000000000 993.4933811981 379.3103448276 6.5066188019
tup.hs 379.3103448276 993.4933811981 620.6896551724 6.5066188019

ack.yaml 0.0000000000 0.0000000000 965.0528658876 3.9906957748
ellcheck.hs 965.0528658876 0.0000000000 34.3906510851 988.6663732394
ellCheck/Analytics.hs 157.8628695703 3.9906957748 586.8784327553 473.9806381682
ellCheck/Analyzer.hs 744.7413023256 3.9906957748 10.2146562663 473.9806381682
ellCheck/AnalyzerLib.hs 754.9559585919 3.9906957748 210.0969072957 378.6607750228
ellCheck/AST.hs 0.0000000000 3.9906957748 89.3782423302 473.9806381682
ellCheck/ASTLib.hs 89.3782423302 3.9906957748 68.4846272400 473.9806381682
ellCheck/Checker.hs 754.9559585919 382.6514707976 210.0969072957 95.3198631454
ellCheck/Checks/Commands.hs 0.0000000000 477.9713339430 397.4099689959 183.5720056413
ellCheck/Checks/ShellSupport.hs 397.4099689959 477.9713339430 230.1740996900 183.5720056413
ellCheck/Data.hs 908.7081644010 477.9713339430 56.3447014866 183.5720056413
ellCheck/Formatter/CheckStyle.hs 697.1158279672 477.9713339430 88.7129342555 101.7088139364
ellCheck/Formatter/Format.hs 697.1158279672 579.6801478794 88.7129342555 81.8631917049
ellCheck/Formatter/GCC.hs 785.8287622228 477.9713339430 32.3682327689 183.5720056413
ellCheck/Formatter/JSON.hs 818.1969949917 477.9713339430 90.5111694093 72.9425187979
ellCheck/Formatter/TTY.hs 818.1969949917 550.9138527409 90.5111694093 110.6294868434
ellCheck/Interface.hs 627.5840686859 477.9713339430 69.5317592813 183.5720056413
ellCheck/Parser.hs 0.0000000000 661.5433395843 938.1430613316 327.1230336552
ellCheck/Regex.hs 938.1430613316 661.5433395843 26.9098045559 327.1230336552
ickrun 999.4435169727 0.0000000000 0.5564830273 988.6663732394
icktest 0.0000000000 988.6663732394 511.6279069767 4.7315140845
ravis.yml 511.6279069767 988.6663732394 488.3720930233 4.7315140845
st/shellcheck.hs 0.0000000000 993.3978873239 400.0000000000 6.6021126761
tup.hs 400.0000000000 993.3978873239 600.0000000000 6.6021126761

ack.yaml 0.0000000000 0.0000000000 966.2147622122 3.8507314484
ellcheck.hs 966.2147622122 0.0000000000 33.2472562944 987.9876687573
ellCheck/Analytics.hs 166.2116838572 3.8507314484 590.7075764452 486.0723296848
ellCheck/Analyzer.hs 756.9192603025 3.8507314484 9.8414812810 486.0723296848
ellCheck/AnalyzerLib.hs 766.7607415835 3.8507314484 199.4540206287 389.0710533661
ellCheck/AST.hs 0.0000000000 3.8507314484 84.1993398487 486.0723296848
ellCheck/ASTLib.hs 84.1993398487 3.8507314484 82.0123440085 486.0723296848
ellCheck/Checker.hs 766.7607415835 392.9217848145 199.4540206287 97.0012763187
ellCheck/Checks/Commands.hs 0.0000000000 489.9230611332 400.2385967558 180.8743571756
ellCheck/Checks/ShellSupport.hs 400.2385967558 489.9230611332 226.2729218076 180.8743571756
ellCheck/Data.hs 902.1530778563 489.9230611332 64.0616843559 180.8743571756
ellCheck/Formatter/CheckStyle.hs 694.6872560431 489.9230611332 86.9828374741 100.2141708676
ellCheck/Formatter/Format.hs 694.6872560431 590.1372320008 86.9828374741 80.6601863080
ellCheck/Formatter/GCC.hs 781.6700935172 489.9230611332 31.7369812405 180.8743571756
ellCheck/Formatter/JSON.hs 813.4070747577 489.9230611332 88.7460030986 71.8706055002
ellCheck/Formatter/TTY.hs 813.4070747577 561.7936666335 88.7460030986 109.0037516754
ellCheck/Interface.hs 626.5115185634 489.9230611332 68.1757374797 180.8743571756
ellCheck/Parser.hs 0.0000000000 670.7974183088 939.4033917727 317.1902504485
ellCheck/Regex.hs 939.4033917727 670.7974183088 26.8113704395 317.1902504485
ickrun 999.4620185066 0.0000000000 0.5379814934 987.9876687573
icktest 0.0000000000 987.9876687573 328.3582089552 7.1223556926
ravis.yml 686.5671641791 987.9876687573 313.4328358209 7.1223556926
st/shellcheck.hs 328.3582089552 987.9876687573 358.2089552239 7.1223556926
tup.hs 0.0000000000 995.1100244499 782.6086956522 4.8899755501
xtnumber 782.6086956522 995.1100244499 217.3913043478 4.8899755501

ack.yaml 0.0000000000 0.0000000000 962.8129994672 3.8273125882
ellcheck.hs 962.8129994672 0.0000000000 36.6542354822 988.1027584755
ellCheck/Analytics.hs 164.7513609763 3.8273125882 591.4206785245 487.5996237320
ellCheck/Analyzer.hs 756.1720395008 3.8273125882 9.7166595595 487.5996237320
ellCheck/AnalyzerLib.hs 765.8886990604 3.8273125882 196.9243004068 390.2935584697
ellCheck/AST.hs 0.0000000000 3.8273125882 83.1314206761 487.5996237320
ellCheck/ASTLib.hs 83.1314206761 3.8273125882 81.6199403002 487.5996237320
ellCheck/Checker.hs 765.8886990604 394.1208710578 196.9243004068 97.3060652623
ellCheck/Checks/Commands.hs 0.0000000000 491.4269363201 399.4711717959 180.5398023731
ellCheck/Checks/ShellSupport.hs 399.4711717959 491.4269363201 226.2698024187 180.5398023731
ellCheck/Data.hs 899.2475137362 491.4269363201 63.5654857310 180.5398023731
ellCheck/Formatter/CheckStyle.hs 693.3886471027 491.4269363201 86.3090998917 100.0288094229
ellCheck/Formatter/Format.hs 693.3886471027 591.4557457431 86.3090998917 80.5109929501
ellCheck/Formatter/GCC.hs 779.6977469944 491.4269363201 31.4911580686 180.5398023731
ellCheck/Formatter/JSON.hs 811.1889050629 491.4269363201 88.0586086733 71.7376698171
ellCheck/Formatter/TTY.hs 811.1889050629 563.1646061372 88.0586086733 108.8021325560
ellCheck/Interface.hs 625.7409742146 491.4269363201 67.6476728881 180.5398023731
ellCheck/Parser.hs 0.0000000000 671.9667386932 936.1699555525 316.1360197823
ellCheck/Regex.hs 936.1699555525 671.9667386932 26.6430439147 316.1360197823
ickrun 999.4672349494 0.0000000000 0.5327650506 988.1027584755
icktest 0.0000000000 988.1027584755 328.3582089552 7.0541166561
ravis.yml 686.5671641791 988.1027584755 313.4328358209 7.0541166561
st/shellcheck.hs 328.3582089552 988.1027584755 358.2089552239 7.0541166561
tup.hs 0.0000000000 995.1568751316 782.6086956522 4.8431248684
xtnumber 782.6086956522 995.1568751316 217.3913043478 4.8431248684

ack.yaml 0.0000000000 0.0000000000 962.9433000637 3.8135448557
ellcheck.hs 962.9433000637 0.0000000000 36.5258016564 988.1439513168
ellCheck/Analytics.hs 165.9875399707 3.8135448557 590.6569604152 486.7172820082
ellCheck/Analyzer.hs 756.6445003859 3.8135448557 9.7005705178 486.7172820082
ellCheck/AnalyzerLib.hs 766.3450709036 3.8135448557 196.5982291601 389.5872980986
ellCheck/AST.hs 0.0000000000 3.8135448557 82.9937699853 486.7172820082
ellCheck/ASTLib.hs 82.9937699853 3.8135448557 82.9937699853 486.7172820082
ellCheck/Checker.hs 766.3450709036 393.4008429543 196.5982291601 97.1299839095
ellCheck/Checks/Commands.hs 0.0000000000 490.5308268638 399.5252335213 179.8903587633
ellCheck/Checks/ShellSupport.hs 399.5252335213 490.5308268638 226.3004242427 179.8903587633
ellCheck/Data.hs 899.3692118100 490.5308268638 63.5740882538 179.8903587633
ellCheck/Formatter/CheckStyle.hs 693.4824856304 490.5308268638 86.3207803812 99.6689825580
ellCheck/Formatter/Format.hs 693.4824856304 590.1998094218 86.3207803812 80.2213762052
ellCheck/Formatter/GCC.hs 779.8032660116 490.5308268638 31.4954198688 179.8903587633
ellCheck/Formatter/JSON.hs 811.2986858804 490.5308268638 88.0705259295 71.4796127536
ellCheck/Formatter/TTY.hs 811.2986858804 562.0104396174 88.0705259295 108.4107460096
ellCheck/Interface.hs 625.8256577640 490.5308268638 67.6568278664 179.8903587633
ellCheck/Parser.hs 0.0000000000 670.4211856271 936.5251025311 317.7227656897
ellCheck/Regex.hs 936.5251025311 670.4211856271 26.4181975326 317.7227656897
ickrun 999.4691017201 0.0000000000 0.5308982799 988.1439513168
icktest 0.0000000000 988.1439513168 328.3582089552 7.0296925821
ravis.yml 686.5671641791 988.1439513168 313.4328358209 7.0296925821
st/shellcheck.hs 328.3582089552 988.1439513168 358.2089552239 7.0296925821
tup.hs 0.0000000000 995.1736438989 782.6086956522 4.8263561011
xtnumber 782.6086956522 995.1736438989 217.3913043478 4.8263561011

ack.yaml 0.0000000000 0.0000000000 963.0573248408 3.8122933591
ellcheck.hs 963.0573248408 0.0000000000 36.4118895966 988.1464386867
ellCheck/Analytics.hs 166.2600083861 3.8122933591 591.0748158058 486.4486326251
ellCheck/Analyzer.hs 757.3348241918 3.8122933591 9.7038915400 486.4486326251
ellCheck/AnalyzerLib.hs 767.0387157319 3.8122933591 196.0186091089 389.0518766979
ellCheck/AST.hs 0.0000000000 3.8122933591 83.0221831759 486.4486326251
ellCheck/ASTLib.hs 83.0221831759 3.8122933591 83.2378252102 486.4486326251
ellCheck/Checker.hs 767.0387157319 392.8641700571 196.0186091089 97.3967559271
ellCheck/Checks/Commands.hs 0.0000000000 490.2609259842 399.5725424082 179.8313238836
ellCheck/Checks/ShellSupport.hs 399.5725424082 490.2609259842 226.3272211013 179.8313238836
ellCheck/Data.hs 899.4757086035 490.2609259842 63.5816162372 179.8313238836
ellCheck/Formatter/CheckStyle.hs 693.5646028078 490.2609259842 86.3310018634 99.6362740436
ellCheck/Formatter/Format.hs 693.5646028078 589.8972000278 86.3310018634 80.1950498400
ellCheck/Formatter/GCC.hs 779.8956046712 490.2609259842 31.4991493285 179.8313238836
ellCheck/Formatter/JSON.hs 811.3947539997 490.2609259842 88.0809546038 71.4561551855
ellCheck/Formatter/TTY.hs 811.3947539997 561.7170811697 88.0809546038 108.3751686980
ellCheck/Interface.hs 625.8997635095 490.2609259842 67.6648392983 179.8313238836
ellCheck/Parser.hs 0.0000000000 670.0922498678 936.6721926533 318.0541888189
ellCheck/Regex.hs 936.6721926533 670.0922498678 26.3851321874 318.0541888189
ickrun 999.4692144374 0.0000000000 0.5307855626 988.1464386867
icktest 0.0000000000 988.1464386867 328.3582089552 7.0282177699
ravis.yml 686.5671641791 988.1464386867 313.4328358209 7.0282177699
st/shellcheck.hs 328.3582089552 988.1464386867 358.2089552239 7.0282177699
tup.hs 0.0000000000 995.1746564565 782.6086956522 4.8253435435
xtnumber 782.6086956522 995.1746564565 217.3913043478 4.8253435435

ack.yaml 0.0000000000 0.0000000000 963.8403990025 3.7293895426
ellcheck.hs 963.8403990025 0.0000000000 35.6400665004 988.3947827873
ellCheck/Analytics.hs 162.0393702156 3.7293895426 594.4242182001 489.2959079948
ellCheck/Analyzer.hs 756.4635884157 3.7293895426 9.4453000773 489.2959079948
ellCheck/AnalyzerLib.hs 765.9088884931 3.7293895426 197.9315105094 394.8612788802
ellCheck/AST.hs 0.0000000000 3.7293895426 81.0196851078 489.2959079948
ellCheck/ASTLib.hs 81.0196851078 3.7293895426 81.0196851078 489.2959079948
ellCheck/Checker.hs 765.9088884931 398.5906684228 197.9315105094 94.4346291146
ellCheck/Checks/Commands.hs 0.0000000000 493.0252975374 392.0609699030 179.4369139946
ellCheck/Checks/ShellSupport.hs 392.0609699030 493.0252975374 240.3877479697 179.4369139946
ellCheck/Data.hs 901.4540548865 493.0252975374 62.3863441160 179.4369139946
ellCheck/Formatter/CheckStyle.hs 699.4138762358 493.0252975374 84.7080635703 99.4177496457
ellCheck/Formatter/Format.hs 699.4138762358 592.4430471830 84.7080635703 80.0191643489
ellCheck/Formatter/GCC.hs 784.1219398061 493.0252975374 30.9069961675 179.4369139946
ellCheck/Formatter/JSON.hs 815.0289359736 493.0252975374 86.4251189129 71.2994360243
ellCheck/Formatter/TTY.hs 815.0289359736 564.3247335617 86.4251189129 108.1374779703
ellCheck/Interface.hs 632.4487178728 493.0252975374 66.9651583630 179.4369139946
ellCheck/Parser.hs 0.0000000000 672.4622115320 937.8345872250 315.9325712553
ellCheck/Regex.hs 937.8345872250 672.4622115320 26.0058117775 315.9325712553
ickrun 999.4804655029 0.0000000000 0.5195344971 988.3947827873
icktest 0.0000000000 988.3947827873 328.3582089552 6.8809694978
ravis.yml 686.5671641791 988.3947827873 313.4328358209 6.8809694978
st/shellcheck.hs 328.3582089552 988.3947827873 358.2089552239 6.8809694978
tup.hs 0.0000000000 995.2757522851 782.6086956522 4.7242477149
xtnumber 782.6086956522 995.2757522851 217.3913043478 4.7242477149

