new shellcheck 53
ellcheck.hs 0.0000000000 948.2631189948 614.2857142857 51.7368810052
ellCheck/Analytics.hs 33.9049103663 593.8444147913 861.2626656274 354.4187042035
ellCheck/AST.hs 895.1675759938 0.0000000000 104.8324240062 775.5311753861
ellCheck/Parser.hs 33.9049103663 0.0000000000 861.2626656274 593.8444147913
ellCheck/Simple.hs 895.1675759938 775.5311753861 104.8324240062 172.7319436087
kefile 614.2857142857 978.9220114423 385.7142857143 21.0779885577
oncheck.hs 614.2857142857 948.2631189948 385.7142857143 30.6588924475
st/quackCheck.hs 0.0000000000 239.7906737688 33.9049103663 708.4724452260
st/runQuack 0.0000000000 0.0000000000 33.9049103663 239.7906737688

ellcheck.hs 0.0000000000 952.1203830369 614.2857142857 47.8796169631
ellCheck/Analytics.hs 31.2500000000 583.8250607428 866.3793103448 368.2953222941
ellCheck/AST.hs 897.6293103448 0.0000000000 102.3706896552 788.4224926201
ellCheck/Parser.hs 31.2500000000 0.0000000000 866.3793103448 583.8250607428
ellCheck/Simple.hs 897.6293103448 788.4224926201 102.3706896552 163.6978904169
kefile 614.2857142857 980.4934893854 385.7142857143 19.5065106146
oncheck.hs 614.2857142857 952.1203830369 385.7142857143 28.3731063485
st/quackCheck.hs 0.0000000000 240.7660738714 31.2500000000 711.3543091655
st/runQuack 0.0000000000 0.0000000000 31.2500000000 240.7660738714

ellcheck.hs 0.0000000000 952.9727914007 614.2857142857 47.0272085993
ellCheck/Analytics.hs 30.6661966866 578.3559009880 868.8755727882 374.6168904127
ellCheck/AST.hs 899.5417694748 0.0000000000 100.4582305252 789.1283465634
ellCheck/Parser.hs 30.6661966866 0.0000000000 868.8755727882 578.3559009880
ellCheck/Simple.hs 899.5417694748 789.1283465634 100.4582305252 163.8444448373
kefile 614.2857142857 980.8407668670 385.7142857143 19.1592331330
oncheck.hs 614.2857142857 952.9727914007 385.7142857143 27.8679754662
st/quackCheck.hs 0.0000000000 240.9816254117 30.6661966866 711.9911659891
st/runQuack 0.0000000000 0.0000000000 30.6661966866 240.9816254117

ellcheck.hs 0.0000000000 953.8258575198 614.2857142857 46.1741424802
ellCheck/Analytics.hs 30.0829875519 570.0245005654 871.3692946058 383.8013569544
ellCheck/AST.hs 901.4522821577 0.0000000000 98.5477178423 789.8347451743
ellCheck/Parser.hs 30.0829875519 0.0000000000 871.3692946058 570.0245005654
ellCheck/Simple.hs 901.4522821577 789.8347451743 98.5477178423 163.9911123455
kefile 614.2857142857 981.1883123229 385.7142857143 18.8116876771
oncheck.hs 614.2857142857 953.8258575198 385.7142857143 27.3624548031
st/quackCheck.hs 0.0000000000 241.1973432809 30.0829875519 712.6285142389
st/runQuack 0.0000000000 0.0000000000 30.0829875519 241.1973432809

ellcheck.hs 0.0000000000 954.4715447154 614.2857142857 45.5284552846
ellCheck/Analytics.hs 29.6422487223 564.5645188407 873.2538330494 389.9070258748
ellCheck/AST.hs 902.8960817717 0.0000000000 97.1039182283 790.3694194837
ellCheck/Parser.hs 29.6422487223 0.0000000000 873.2538330494 564.5645188407
ellCheck/Simple.hs 902.8960817717 790.3694194837 97.1039182283 164.1021252318
kefile 614.2857142857 981.4513700693 385.7142857143 18.5486299307
oncheck.hs 614.2857142857 954.4715447154 385.7142857143 26.9798253538
st/quackCheck.hs 0.0000000000 241.3606205028 29.6422487223 713.1109242127
st/runQuack 0.0000000000 0.0000000000 29.6422487223 241.3606205028

ellcheck.hs 0.0000000000 957.5886095123 614.2857142857 42.4113904877
ellCheck/Analytics.hs 27.5229357798 538.0212804251 882.3157228725 419.5673290871
ellCheck/AST.hs 909.8386586523 0.0000000000 90.1613413477 792.9505678768
ellCheck/Parser.hs 27.5229357798 0.0000000000 882.3157228725 538.0212804251
ellCheck/Simple.hs 909.8386586523 792.9505678768 90.1613413477 164.6380416354
kefile 614.2857142857 982.7212853569 385.7142857143 17.2787146431
oncheck.hs 614.2857142857 957.5886095123 385.7142857143 25.1326758446
st/quackCheck.hs 0.0000000000 242.1488437847 27.5229357798 715.4397657276
st/runQuack 0.0000000000 0.0000000000 27.5229357798 242.1488437847

ellcheck.hs 0.0000000000 959.0069284065 605.6338028169 40.9930715935
ellCheck/Analytics.hs 26.1890427453 519.3401372211 887.7182420229 439.6667911853
ellCheck/AST.hs 913.9072847682 0.0000000000 86.0927152318 794.7015455676
ellCheck/Parser.hs 26.1890427453 0.0000000000 887.7182420229 519.3401372211
ellCheck/Simple.hs 913.9072847682 794.7015455676 86.0927152318 164.3053828389
kefile 605.6338028169 982.4315407456 394.3661971831 17.5684592544
oncheck.hs 605.6338028169 959.0069284065 394.3661971831 23.4246123392
st/quackCheck.hs 0.0000000000 242.5074991373 26.1890427453 716.4994292692
st/runQuack 0.0000000000 0.0000000000 26.1890427453 242.5074991373

ellcheck.hs 0.0000000000 964.0688259109 605.6338028169 35.9311740891
ellCheck/Analytics.hs 22.8346456693 498.3086551616 878.4776902887 465.7601707493
ellCheck/AST.hs 901.3123359580 0.0000000000 98.6876640420 838.4321970023
ellCheck/Parser.hs 22.8346456693 0.0000000000 878.4776902887 498.3086551616
ellCheck/Simple.hs 901.3123359580 838.4321970023 98.6876640420 125.6366289086
kefile 605.6338028169 984.6009253904 394.3661971831 15.3990746096
oncheck.hs 605.6338028169 964.0688259109 394.3661971831 20.5320994795
st/quackCheck.hs 0.0000000000 243.7875191959 22.8346456693 720.2813067151
st/runQuack 0.0000000000 0.0000000000 22.8346456693 243.7875191959

ellcheck.hs 0.0000000000 965.3996101365 605.6338028169 34.6003898635
ellCheck/Analytics.hs 21.9586067643 484.2190319225 882.1302372539 481.1805782139
ellCheck/AST.hs 904.0888440182 0.0000000000 95.9111559818 840.9138709346
ellCheck/Parser.hs 21.9586067643 0.0000000000 882.1302372539 484.2190319225
ellCheck/Simple.hs 904.0888440182 840.9138709346 95.9111559818 124.4857392018
kefile 605.6338028169 985.1712614871 394.3661971831 14.8287385129
oncheck.hs 605.6338028169 965.3996101365 394.3661971831 19.7716513506
st/quackCheck.hs 0.0000000000 244.1240393449 21.9586067643 721.2755707916
st/runQuack 0.0000000000 0.0000000000 21.9586067643 244.1240393449

ellcheck.hs 0.0000000000 966.1870503597 609.9290780142 33.8129496403
ellCheck/Analytics.hs 21.5934475056 492.9074422865 867.4609084140 473.2796080732
ellCheck/AST.hs 889.0543559196 0.0000000000 110.9456440804 715.4539455684
ellCheck/Data.hs 889.0543559196 715.4539455684 64.0806737361 250.7331047913
ellCheck/Parser.hs 21.5934475056 0.0000000000 867.4609084140 492.9074422865
ellCheck/Simple.hs 953.1350296557 715.4539455684 46.8649703443 250.7331047913
kefile 609.9290780142 985.8600392413 390.0709219858 14.1399607587
oncheck.hs 609.9290780142 966.1870503597 390.0709219858 19.6729888816
st/quackCheck.hs 0.0000000000 244.3231621599 21.5934475056 721.8638881998
st/runQuack 0.0000000000 0.0000000000 21.5934475056 244.3231621599

ellcheck.hs 0.0000000000 966.7774086379 607.1428571429 33.2225913621
ellCheck/Analytics.hs 21.3549337261 491.7395145606 866.7157584683 475.0378940772
ellCheck/AST.hs 888.0706921944 0.0000000000 111.9293078056 720.8428046861
ellCheck/Data.hs 888.0706921944 720.8428046861 64.6488243360 245.9346039517
ellCheck/Parser.hs 21.3549337261 0.0000000000 866.7157584683 491.7395145606
ellCheck/Simple.hs 952.7195165304 720.8428046861 47.2804834696 245.9346039517
kefile 607.1428571429 986.1069163395 392.8571428571 13.8930836605
oncheck.hs 607.1428571429 966.7774086379 392.8571428571 19.3295077016
st/quackCheck.hs 0.0000000000 244.4724481613 21.3549337261 722.3049604766
st/runQuack 0.0000000000 0.0000000000 21.3549337261 244.4724481613

ellcheck.hs 0.0000000000 935.1810460438 931.0344827586 64.8189539562
ellCheck/Analytics.hs 20.7934990440 466.9469907854 868.3078393881 468.2340552584
ellCheck/AST.hs 889.1013384321 0.0000000000 110.8986615679 685.2619733942
ellCheck/Data.hs 889.1013384321 685.2619733942 66.1814593228 249.9190726496
ellCheck/Parser.hs 20.7934990440 0.0000000000 868.3078393881 466.9469907854
ellCheck/Simple.hs 955.2827977549 685.2619733942 44.7172022451 249.9190726496
kefile 931.0344827586 935.1810460438 68.9655172414 64.8189539562
st/quackCheck.hs 0.0000000000 236.4825633674 20.7934990440 698.6984826764
st/runQuack 0.0000000000 0.0000000000 20.7934990440 236.4825633674

ellcheck.hs 0.0000000000 936.1008476418 918.3673469388 63.8991523582
ellCheck/Analytics.hs 20.1996749478 461.0720362453 872.0687253309 475.0288113965
ellCheck/AST.hs 892.2684002786 0.0000000000 107.7315997214 685.9359659444
ellCheck/Data.hs 892.2684002786 685.9359659444 64.2914385434 250.1648816974
ellCheck/Parser.hs 20.1996749478 0.0000000000 872.0687253309 461.0720362453
ellCheck/Simple.hs 956.5598388220 685.9359659444 43.4401611780 250.1648816974
kefile 918.3673469388 936.1008476418 81.6326530612 63.8991523582
st/quackCheck.hs 0.0000000000 236.7151568749 20.1996749478 699.3856907669
st/runQuack 0.0000000000 0.0000000000 20.1996749478 236.7151568749

ellcheck.hs 0.0000000000 938.5892116183 912.1621621622 61.4107883817
ellCheck/Analytics.hs 19.2307692308 460.7447040839 873.5632183908 477.8445075344
ellCheck/AST.hs 892.7939876216 0.0000000000 107.2060123784 665.7210078282
ellCheck/Data.hs 892.7939876216 665.7210078282 56.2641483405 272.8682037901
ellCheck/Parser.hs 19.2307692308 0.0000000000 873.5632183908 460.7447040839
ellCheck/Simple.hs 949.0581359620 665.7210078282 50.9418640380 272.8682037901
kefile 912.1621621622 943.3131184169 87.8378378378 56.6868815831
st/quackCheck.hs 0.0000000000 237.3443983402 19.2307692308 701.2448132780
st/runQuack 0.0000000000 0.0000000000 19.2307692308 237.3443983402
tup.hs 912.1621621622 938.5892116183 87.8378378378 4.7239067986

ellcheck.hs 0.0000000000 936.7749419954 920.4892966361 63.2250580046
ellCheck/Analytics.hs 17.9566563467 437.3960897632 879.6697626419 499.3788522322
ellCheck/AST.hs 897.6264189886 0.0000000000 102.3735810114 666.6966825088
ellCheck/Data.hs 897.6264189886 666.6966825088 54.4083367613 270.0782594866
ellCheck/Parser.hs 17.9566563467 0.0000000000 879.6697626419 437.3960897632
ellCheck/Simple.hs 952.0347557499 666.6966825088 47.9652442501 270.0782594866
kefile 920.4892966361 941.6384079957 79.5107033639 58.3615920043
st/quackCheck.hs 0.0000000000 236.8856175161 17.9566563467 699.8893244793
st/runQuack 0.0000000000 0.0000000000 17.9566563467 236.8856175161
tup.hs 920.4892966361 936.7749419954 79.5107033639 4.8634660004

ellcheck.hs 0.0000000000 939.5675475882 920.4892966361 60.4324524118
ellCheck/Analytics.hs 17.1125098348 419.7667860974 884.9331235248 519.8007614908
ellCheck/AST.hs 902.0456333596 0.0000000000 97.9543666404 669.7720469756
ellCheck/Data.hs 902.0456333596 669.7720469756 52.0596633893 269.7955006127
ellCheck/Parser.hs 17.1125098348 0.0000000000 884.9331235248 419.7667860974
ellCheck/Simple.hs 954.1052967489 669.7720469756 45.8947032511 269.7955006127
kefile 920.4892966361 944.2161977738 79.5107033639 55.7838022262
st/quackCheck.hs 0.0000000000 237.5917936430 17.1125098348 701.9757539452
st/runQuack 0.0000000000 0.0000000000 17.1125098348 237.5917936430
tup.hs 920.4892966361 939.5675475882 79.5107033639 4.6486501855

ellcheck.hs 0.0000000000 941.7216182499 920.4892966361 58.2783817501
ellCheck/Analytics.hs 16.4647993944 406.6068820802 887.5851627555 535.1147361697
ellCheck/AST.hs 904.0499621499 0.0000000000 95.9500378501 661.2483157731
ellCheck/Data.hs 904.0499621499 661.2483157731 53.3761799961 280.4733024768
ellCheck/Parser.hs 16.4647993944 0.0000000000 887.5851627555 406.6068820802
ellCheck/Simple.hs 957.4261421460 661.2483157731 42.5738578540 280.4733024768
kefile 920.4892966361 946.2045706922 79.5107033639 53.7954293078
st/quackCheck.hs 0.0000000000 238.1365011666 16.4647993944 703.5851170832
st/runQuack 0.0000000000 0.0000000000 16.4647993944 238.1365011666
tup.hs 920.4892966361 941.7216182499 79.5107033639 4.4829524423

ellcheck.hs 0.0000000000 942.7427775844 914.8936170213 57.2572224156
ellCheck/Analytics.hs 2.9536643899 400.9454547320 901.9752630607 541.7973228524
ellCheck/AST.hs 904.9289274506 0.0000000000 95.0710725494 651.6823860583
ellCheck/Data.hs 904.9289274506 651.6823860583 52.0200208289 291.0603915261
ellCheck/Parser.hs 2.9536643899 0.0000000000 901.9752630607 400.9454547320
ellCheck/Simple.hs 956.9489482795 651.6823860583 43.0510517205 291.0603915261
kefile 914.8936170213 946.8325791855 85.1063829787 53.1674208145
st/shellcheck.hs 0.0000000000 0.0000000000 2.9536643899 942.7427775844
tup.hs 914.8936170213 942.7427775844 85.1063829787 4.0898016011

ellcheck.hs 0.0000000000 947.9023383769 993.3993399340 52.0976616231
ellCheck/Analytics.hs 2.9022310902 399.2068636142 904.0449845819 548.6954747627
ellCheck/AST.hs 906.9472156720 0.0000000000 93.0527843280 654.1080463653
ellCheck/Data.hs 906.9472156720 654.1080463653 50.9156744436 293.7942920116
ellCheck/Parser.hs 2.9022310902 0.0000000000 904.0449845819 399.2068636142
ellCheck/Simple.hs 957.8628901156 654.1080463653 42.1371098844 293.7942920116
st/shellcheck.hs 0.0000000000 0.0000000000 2.9022310902 947.9023383769
tup.hs 993.3993399340 947.9023383769 6.6006600660 52.0976616231

ellcheck.hs 0.0000000000 948.4869092146 993.3993399340 51.5130907854
ellCheck/Analytics.hs 2.8678974727 395.7350332109 905.1801398100 552.7518760036
ellCheck/AST.hs 908.0480372827 0.0000000000 91.9519627173 654.5114344288
ellCheck/Data.hs 908.0480372827 654.5114344288 50.3133380906 293.9754747858
ellCheck/Parser.hs 2.8678974727 0.0000000000 905.1801398100 395.7350332109
ellCheck/Simple.hs 958.3613753733 654.5114344288 41.6386246267 293.9754747858
st/shellcheck.hs 0.0000000000 0.0000000000 2.8678974727 948.4869092146
tup.hs 993.3993399340 948.4869092146 6.6006600660 51.5130907854

ellcheck.hs 0.0000000000 942.0946626385 994.2028985507 57.9053373615
ellCheck/Analytics.hs 2.8505255657 390.3122686227 900.0707058341 551.7823940158
ellCheck/AST.hs 907.1797612685 0.0000000000 92.8202387315 645.5427918655
ellCheck/Data.hs 907.1797612685 645.5427918655 49.2400046929 296.5518707730
ellCheck/Options.hs 902.9212313997 390.3122686227 4.2585298688 551.7823940158
ellCheck/Parser.hs 2.8505255657 0.0000000000 904.3292357028 390.3122686227
ellCheck/Simple.hs 956.4197659614 645.5427918655 43.5802340386 296.5518707730
st/shellcheck.hs 0.0000000000 0.0000000000 2.8505255657 942.0946626385
tup.hs 994.2028985507 942.0946626385 5.7971014493 57.9053373615

ellcheck.hs 0.0000000000 941.4715719064 994.2857142857 58.5284280936
ellCheck/Analytics.hs 2.8419182948 388.7521530962 900.3824471150 552.7194188101
ellCheck/AST.hs 907.4600355240 0.0000000000 92.5399644760 645.1158371796
ellCheck/Data.hs 907.4600355240 645.1158371796 49.0913226184 296.3557347268
ellCheck/Options.hs 903.2243654099 388.7521530962 4.2356701141 552.7194188101
ellCheck/Parser.hs 2.8419182948 0.0000000000 904.6181172291 388.7521530962
ellCheck/Simple.hs 956.5513581424 645.1158371796 43.4486418576 296.3557347268
st/shellcheck.hs 0.0000000000 0.0000000000 2.8419182948 941.4715719064
tup.hs 994.2857142857 941.4715719064 5.7142857143 58.5284280936

ellcheck.hs 0.0000000000 941.9376244194 994.2857142857 58.0623755806
ellCheck/Analytics.hs 2.8178936245 388.4278863585 901.2285027468 553.5097380609
ellCheck/AST.hs 908.2423388517 0.0000000000 91.7576611483 645.4351860225
ellCheck/Data.hs 908.2423388517 645.4351860225 48.6763202433 296.5024383969
ellCheck/Options.hs 904.0463963713 388.4278863585 4.1959424804 553.5097380609
ellCheck/Parser.hs 2.8178936245 0.0000000000 905.4244452272 388.4278863585
ellCheck/Simple.hs 956.9186590950 645.4351860225 43.0813409050 296.5024383969
st/shellcheck.hs 0.0000000000 0.0000000000 2.8178936245 941.9376244194
tup.hs 994.2857142857 941.9376244194 5.7142857143 58.0623755806

ellcheck.hs 0.0000000000 942.6605504587 994.2857142857 57.3394495413
ellCheck/Analytics.hs 2.7806743135 389.0259085945 902.5308537777 553.6346418642
ellCheck/AST.hs 909.4542926660 0.0000000000 90.5457073340 645.9305499304
ellCheck/Data.hs 909.4542926660 645.9305499304 48.0333935248 296.7300005283
ellCheck/Options.hs 905.3115280913 389.0259085945 4.1427645747 553.6346418642
ellCheck/Parser.hs 2.7806743135 0.0000000000 906.6736183525 389.0259085945
ellCheck/Simple.hs 957.4876861907 645.9305499304 42.5123138093 296.7300005283
st/shellcheck.hs 0.0000000000 0.0000000000 2.7806743135 942.6605504587
tup.hs 994.2857142857 942.6605504587 5.7142857143 57.3394495413

ellcheck.hs 0.0000000000 942.7636958299 994.2857142857 57.2363041701
ellCheck/Analytics.hs 2.7753686036 388.2498540784 902.7229355728 554.5138417515
ellCheck/AST.hs 909.6270598439 0.0000000000 90.3729401561 646.0012272769
ellCheck/Data.hs 909.6270598439 646.0012272769 47.9417426438 296.7624685530
ellCheck/Options.hs 905.4983041765 388.2498540784 4.1287556674 554.5138417515
ellCheck/Parser.hs 2.7753686036 0.0000000000 906.8516912402 388.2498540784
ellCheck/Simple.hs 957.5688024877 646.0012272769 42.4311975123 296.7624685530
st/shellcheck.hs 0.0000000000 0.0000000000 2.7753686036 942.7636958299
tup.hs 994.2857142857 942.7636958299 5.7142857143 57.2363041701

ellcheck.hs 0.0000000000 936.6391184573 890.0255754476 63.3608815427
ellCheck/Analytics.hs 2.7681660900 390.0725448454 901.9045861338 546.5665736119
ellCheck/AST.hs 908.8235294118 0.0000000000 91.1764705882 645.1612903226
ellCheck/Data.hs 908.8235294118 645.1612903226 48.3680057389 291.4778281347
ellCheck/Options.hs 904.6727522238 390.0725448454 4.1507771880 546.5665736119
ellCheck/Parser.hs 2.7681660900 0.0000000000 906.0553633218 390.0725448454
ellCheck/Simple.hs 957.1915351506 645.1612903226 42.8084648494 291.4778281347
st/shellcheck.hs 0.0000000000 0.0000000000 2.7681660900 936.6391184573
tup.hs 890.0255754476 936.6391184573 109.9744245524 63.3608815427

ellcheck.hs 0.0000000000 937.3124901311 891.6876574307 62.6875098689
ellCheck/Analytics.hs 2.6954177898 379.0614761683 904.5643149174 558.2510139627
ellCheck/AST.hs 911.2196765499 0.0000000000 88.7803234501 645.6251117981
ellCheck/Data.hs 911.2196765499 645.6251117981 47.0968789034 291.6873783330
ellCheck/Options.hs 907.2597327072 379.0614761683 3.9599438427 558.2510139627
ellCheck/Parser.hs 2.6954177898 0.0000000000 908.5242587601 379.0614761683
ellCheck/Simple.hs 958.3165554533 645.6251117981 41.6834445467 291.6873783330
st/shellcheck.hs 0.0000000000 0.0000000000 2.6954177898 937.3124901311
tup.hs 891.6876574307 937.3124901311 108.3123425693 62.6875098689

ellcheck.hs 0.0000000000 937.8230227095 891.6876574307 62.1769772905
ellCheck/Analytics.hs 2.6720106880 372.6540163552 907.2760281309 565.1690063542
ellCheck/AST.hs 913.8276553106 0.0000000000 86.1723446894 656.1126186010
ellCheck/Data.hs 913.8276553106 656.1126186010 41.6962958174 281.7104041085
ellCheck/Options.hs 909.9480388189 372.6540163552 3.8796164917 565.1690063542
ellCheck/Parser.hs 2.6720106880 0.0000000000 911.1556446226 372.6540163552
ellCheck/Simple.hs 955.5239511281 656.1126186010 44.4760488719 281.7104041085
st/shellcheck.hs 0.0000000000 0.0000000000 2.6720106880 937.8230227095
tup.hs 891.6876574307 937.8230227095 108.3123425693 62.1769772905

ellcheck.hs 0.0000000000 939.0075280381 891.6876574307 60.9924719619
ellCheck/Analytics.hs 2.6178010471 369.8397182340 897.2354279924 569.1678098041
ellCheck/AST.hs 920.1335347486 0.0000000000 79.8664652514 698.2772449587
ellCheck/Data.hs 903.6321989529 0.0000000000 16.5013357957 698.2772449587
ellCheck/Options.hs 899.8532290396 369.8397182340 3.7789699133 569.1678098041
ellCheck/Parser.hs 2.6178010471 0.0000000000 901.0143979058 369.8397182340
ellCheck/Regex.hs 903.6321989529 698.2772449587 45.3120124129 240.7302830794
ellCheck/Simple.hs 948.9442113658 698.2772449587 51.0557886342 240.7302830794
st/shellcheck.hs 0.0000000000 0.0000000000 2.6178010471 939.0075280381
tup.hs 891.6876574307 939.0075280381 108.3123425693 60.9924719619

ellcheck.hs 0.0000000000 939.6931490202 891.6876574307 60.3068509798
ellCheck/Analytics.hs 2.5864856127 368.2990890515 898.3149252055 571.3940599687
ellCheck/AST.hs 920.9177605100 0.0000000000 79.0822394900 699.1954108811
ellCheck/Data.hs 904.6233430327 0.0000000000 16.2944174773 699.1954108811
ellCheck/Options.hs 900.9014108181 368.2990890515 3.7219322145 571.3940599687
ellCheck/Parser.hs 2.5864856127 0.0000000000 902.0368574200 368.2990890515
ellCheck/Regex.hs 904.6233430327 699.1954108811 44.8459777793 240.4977381391
ellCheck/Simple.hs 949.4693208120 699.1954108811 50.5306791880 240.4977381391
st/shellcheck.hs 0.0000000000 0.0000000000 2.5864856127 939.6931490202
tup.hs 891.6876574307 939.6931490202 108.3123425693 60.3068509798

ellcheck.hs 0.0000000000 939.5942900075 893.0348258706 60.4057099925
ellCheck/Analytics.hs 2.5587717895 367.6093951510 898.4491171669 571.9848948566
ellCheck/AST.hs 920.8956571594 0.0000000000 79.1043428406 695.2367145861
ellCheck/Data.hs 904.6857508396 0.0000000000 16.2099063198 695.2367145861
ellCheck/Options.hs 901.0078889565 367.6093951510 3.6778618831 571.9848948566
ellCheck/Parser.hs 2.5587717895 0.0000000000 902.1269790501 367.6093951510
ellCheck/Regex.hs 904.6857508396 695.2367145861 44.8899367014 244.3575754214
ellCheck/Simple.hs 949.5756875409 695.2367145861 50.4243124591 244.3575754214
st/shellcheck.hs 0.0000000000 0.0000000000 2.5587717895 939.5942900075
tup.hs 893.0348258706 939.5942900075 106.9651741294 60.4057099925

ellcheck.hs 0.0000000000 940.9084227547 893.0348258706 59.0915772453
ellCheck/Analytics.hs 2.4996094360 360.1749982422 900.8462897166 580.7334245124
ellCheck/AST.hs 922.7246593060 0.0000000000 77.2753406940 696.2090846222
ellCheck/Data.hs 906.8895485080 0.0000000000 15.8351107980 696.2090846222
ellCheck/Options.hs 903.3458991526 360.1749982422 3.5436493554 580.7334245124
ellCheck/Parser.hs 2.4996094360 0.0000000000 904.3899390720 360.1749982422
ellCheck/Regex.hs 906.8895485080 696.2090846222 43.8520190898 244.6993381325
ellCheck/Simple.hs 950.7415675978 696.2090846222 49.2584324022 244.6993381325
st/shellcheck.hs 0.0000000000 0.0000000000 2.4996094360 940.9084227547
tup.hs 893.0348258706 940.9084227547 106.9651741294 59.0915772453

ellcheck.hs 0.0000000000 956.2524706812 870.4819277108 43.7475293188
ellCheck/Analytics.hs 2.4803637867 383.1405248086 791.6131664143 573.1119458727
ellCheck/Analyzer.hs 978.6473030537 0.0000000000 21.3526969463 166.6197486793
ellCheck/AST.hs 922.4032980495 166.6197486793 77.5967019505 614.7248287413
ellCheck/ASTLib.hs 826.5125420216 0.0000000000 82.5407857998 383.1405248086
ellCheck/Checker.hs 794.0935302010 383.1405248086 114.9597976204 182.2495987875
ellCheck/Data.hs 909.0533278214 0.0000000000 69.5939752323 166.6197486793
ellCheck/Formatter/CheckStyle.hs 794.0935302010 565.3901235961 69.3139956241 155.8864492774
ellCheck/Formatter/Format.hs 794.0935302010 721.2765728735 34.2075495358 234.9758978078
ellCheck/Formatter/GCC.hs 863.4075258251 565.3901235961 45.6458019963 155.8864492774
ellCheck/Formatter/JSON.hs 828.3010797368 721.2765728735 80.7522480846 94.6430699504
ellCheck/Formatter/TTY.hs 828.3010797368 815.9196428238 80.7522480846 140.3328278574
ellCheck/Interface.hs 922.4032980495 781.3445774206 77.5967019505 174.9078932606
ellCheck/Parser.hs 2.4803637867 0.0000000000 824.0321782349 383.1405248086
ellCheck/Regex.hs 909.0533278214 166.6197486793 13.3499702280 789.6327220019
st/shellcheck.hs 0.0000000000 0.0000000000 2.4803637867 956.2524706812
tup.hs 870.4819277108 956.2524706812 129.5180722892 43.7475293188

ellcheck.hs 0.0000000000 956.6918862510 870.4819277108 43.3081137490
ellCheck/Analytics.hs 2.4543223343 385.8115633265 792.8948295747 570.8803229245
ellCheck/Analyzer.hs 978.7754472914 0.0000000000 21.2245527086 165.9420315518
ellCheck/AST.hs 922.7963350379 165.9420315518 77.2036649621 616.7173012077
ellCheck/ASTLib.hs 828.4531142308 0.0000000000 81.1460131212 385.8115633265
ellCheck/Checker.hs 795.3491519090 385.8115633265 114.2499754430 181.5399426900
ellCheck/Data.hs 909.5991273521 0.0000000000 69.1763199393 165.9420315518
ellCheck/Formatter/CheckStyle.hs 795.3491519090 567.3515060165 68.8860146054 155.2794478355
ellCheck/Formatter/Format.hs 795.3491519090 722.6309538520 33.9963341562 234.0609323990
ellCheck/Formatter/GCC.hs 864.2351665144 567.3515060165 45.3639608377 155.2794478355
ellCheck/Formatter/JSON.hs 829.3454860652 722.6309538520 80.2536412868 94.2745422163
ellCheck/Formatter/TTY.hs 829.3454860652 816.9054960682 80.2536412868 139.7863901828
ellCheck/Interface.hs 922.7963350379 782.6593327595 77.2036649621 174.0325534915
ellCheck/Parser.hs 2.4543223343 0.0000000000 825.9987918965 385.8115633265
ellCheck/Regex.hs 909.5991273521 165.9420315518 13.1972076858 790.7498546991
st/shellcheck.hs 0.0000000000 0.0000000000 2.4543223343 956.6918862510
tup.hs 870.4819277108 956.6918862510 129.5180722892 43.3081137490

ellcheck.hs 0.0000000000 958.3596214511 869.6969696970 41.6403785489
ellCheck/Analytics.hs 2.3699802502 379.7928272591 799.9752515448 578.5667941920
ellCheck/Analyzer.hs 980.2106649111 0.0000000000 19.7893350889 172.1604110391
ellCheck/AST.hs 924.8871952831 172.1604110391 75.1128047169 613.1681876076
ellCheck/ASTLib.hs 827.9902823308 0.0000000000 84.0571172742 379.7928272591
ellCheck/Checker.hs 802.3452317950 379.7928272591 109.7021678100 186.3376156245
ellCheck/Data.hs 912.0473996050 0.0000000000 68.1632653061 172.1604110391
ellCheck/Formatter/CheckStyle.hs 802.3452317950 566.1304428836 66.1439541207 156.4315785489
ellCheck/Formatter/Format.hs 802.3452317950 722.5620214325 32.6430840800 235.7976000186
ellCheck/Formatter/GCC.hs 868.4891859157 566.1304428836 43.5582136893 156.4315785489
ellCheck/Formatter/JSON.hs 834.9883158751 722.5620214325 77.0590837299 94.9740333408
ellCheck/Formatter/TTY.hs 834.9883158751 817.5360547733 77.0590837299 140.8235666778
ellCheck/Interface.hs 924.8871952831 785.3285986468 75.1128047169 173.0310228043
ellCheck/Parser.hs 2.3699802502 0.0000000000 825.6203020806 379.7928272591
ellCheck/Regex.hs 912.0473996050 172.1604110391 12.8397956781 786.1992104120
st/shellcheck.hs 0.0000000000 0.0000000000 2.3699802502 958.3596214511
tup.hs 869.6969696970 958.3596214511 130.3030303030 41.6403785489

ellcheck.hs 0.0000000000 958.3858764187 869.6969696970 41.6141235813
ellCheck/Analytics.hs 2.3684210526 380.0830305380 800.0538048140 578.3028458806
ellCheck/Analyzer.hs 980.2236842105 0.0000000000 19.7763157895 172.1651275004
ellCheck/AST.hs 924.9366116020 172.1651275004 75.0633883980 613.1849858017
ellCheck/ASTLib.hs 828.1652846558 0.0000000000 83.9399785021 380.0830305380
ellCheck/Checker.hs 802.4222258667 380.0830305380 109.6830372912 186.2526064268
ellCheck/Data.hs 912.1052631579 0.0000000000 68.1184210526 172.1651275004
ellCheck/Formatter/CheckStyle.hs 802.4222258667 566.3356369648 66.1324195432 156.3602128027
ellCheck/Formatter/Format.hs 802.4222258667 722.6958497675 32.6373915842 235.6900266512
ellCheck/Formatter/GCC.hs 868.5546454099 566.3356369648 43.5506177480 156.3602128027
ellCheck/Formatter/JSON.hs 835.0596174509 722.6958497675 77.0456457070 94.9307051789
ellCheck/Formatter/TTY.hs 835.0596174509 817.6265549464 77.0456457070 140.7593214722
ellCheck/Interface.hs 924.9366116020 785.3501133020 75.0633883980 173.0357631166
ellCheck/Parser.hs 2.3684210526 0.0000000000 825.7968636032 380.0830305380
ellCheck/Regex.hs 912.1052631579 172.1651275004 12.8313484441 786.2207489183
st/shellcheck.hs 0.0000000000 0.0000000000 2.3684210526 958.3858764187
tup.hs 869.6969696970 958.3858764187 130.3030303030 41.6141235813

ellcheck.hs 0.0000000000 954.1994259329 841.9618528610 45.8005740671
ellCheck/Analytics.hs 2.3541721161 378.0774468357 798.2298649042 575.4965206376
ellCheck/Analyzer.hs 980.0834899660 0.0000000000 19.9165100340 169.1824781001
ellCheck/AST.hs 923.4725819973 169.1824781001 76.5274180027 595.2243110628
ellCheck/ASTLib.hs 827.2333516657 0.0000000000 83.5111774414 378.0774468357
ellCheck/Checker.hs 800.5840370203 378.0774468357 110.1604920867 183.5244809907
ellCheck/Data.hs 910.7445291071 0.0000000000 69.3389608590 169.1824781001
ellCheck/Formatter/CheckStyle.hs 800.5840370203 561.6019278264 66.4202966994 154.0699346589
ellCheck/Formatter/Format.hs 800.5840370203 715.6718624853 31.9990000823 237.9021049880
ellCheck/Formatter/GCC.hs 867.0043337197 561.6019278264 43.7401953874 154.0699346589
ellCheck/Formatter/JSON.hs 832.5830371027 715.6718624853 78.1614920044 92.6061885188
ellCheck/Formatter/TTY.hs 832.5830371027 808.2780510041 78.1614920044 145.2959164692
ellCheck/Interface.hs 923.4725819973 764.4067891629 76.5274180027 189.1671783104
ellCheck/Parser.hs 2.3541721161 0.0000000000 824.8791795495 378.0774468357
ellCheck/Regex.hs 910.7445291071 169.1824781001 12.7280528903 784.3914893732
ickrun 2.3541721161 953.5739674733 997.6458278839 0.6254584596
icktest 841.9618528610 954.1994259329 158.0381471390 11.8449760518
st/shellcheck.hs 0.0000000000 0.0000000000 2.3541721161 954.1994259329
tup.hs 841.9618528610 966.0444019847 158.0381471390 33.9555980153

ellcheck.hs 0.0000000000 955.2572706935 858.3333333333 44.7427293065
ellCheck/Analytics.hs 2.3419203747 376.3291545525 799.6915764517 578.3052305968
ellCheck/Analyzer.hs 980.1872086022 0.0000000000 19.8127913978 169.3706167200
ellCheck/AST.hs 923.8711116299 169.3706167200 76.1288883701 595.8862276022
ellCheck/ASTLib.hs 827.6543067400 0.0000000000 83.5550355144 376.3291545525
ellCheck/Checker.hs 802.0334968264 376.3291545525 109.1758454280 184.4201719620
ellCheck/Data.hs 911.2093422544 0.0000000000 68.9778663478 169.3706167200
ellCheck/Formatter/CheckStyle.hs 802.0334968264 560.7493265144 65.8266126845 154.8218727582
ellCheck/Formatter/Format.hs 802.0334968264 715.5711992726 31.7129836719 239.0631858766
ellCheck/Formatter/GCC.hs 867.8601095110 560.7493265144 43.3492327435 154.8218727582
ellCheck/Formatter/JSON.hs 833.7464804984 715.5711992726 77.4628617560 93.0581528916
ellCheck/Formatter/TTY.hs 833.7464804984 808.6293521642 77.4628617560 146.0050329851
ellCheck/Interface.hs 923.8711116299 765.2568443222 76.1288883701 189.3775408270
ellCheck/Parser.hs 2.3419203747 0.0000000000 825.3123863653 376.3291545525
ellCheck/Regex.hs 911.2093422544 169.3706167200 12.6617693755 785.2637684292
ickrun 2.3419203747 954.6343851492 997.6580796253 0.6228855443
icktest 858.3333333333 955.2572706935 141.6666666667 13.1596262666
st/shellcheck.hs 0.0000000000 0.0000000000 2.3419203747 955.2572706935
tup.hs 858.3333333333 968.4168969601 141.6666666667 31.5831030399

ellcheck.hs 0.0000000000 955.5116164113 858.3333333333 44.4883835887
ellCheck/Analytics.hs 2.3279875841 380.2175324500 800.1689261215 574.6747479382
ellCheck/Analyzer.hs 980.3051575044 0.0000000000 19.6948424956 169.4163723269
ellCheck/AST.hs 924.3243197936 169.4163723269 75.6756802064 596.0472067409
ellCheck/ASTLib.hs 829.5075081524 0.0000000000 82.2304199229 380.2175324500
ellCheck/Checker.hs 802.4969137056 380.2175324500 109.2410143697 183.2624196181
ellCheck/Data.hs 911.7379280753 0.0000000000 68.5672294291 169.4163723269
ellCheck/Formatter/CheckStyle.hs 802.4969137056 563.4799520681 65.8659057229 153.8499325189
ellCheck/Formatter/Format.hs 802.4969137056 717.3298845870 31.7319136979 237.5623958012
ellCheck/Formatter/GCC.hs 868.3628194285 563.4799520681 43.3751086468 153.8499325189
ellCheck/Formatter/JSON.hs 834.2288274034 717.3298845870 77.5091006718 92.4739527280
ellCheck/Formatter/TTY.hs 834.2288274034 809.8038373150 77.5091006718 145.0884430732
ellCheck/Interface.hs 924.3243197936 765.4635790678 75.6756802064 189.4287013204
ellCheck/Parser.hs 2.3279875841 0.0000000000 827.1795205683 380.2175324500
ellCheck/Regex.hs 911.7379280753 169.4163723269 12.5863917183 785.4759080613
ickrun 2.3279875841 954.8922803882 997.6720124159 0.6193360231
icktest 858.3333333333 955.5116164113 141.6666666667 13.0848187026
st/shellcheck.hs 0.0000000000 0.0000000000 2.3279875841 955.5116164113
tup.hs 858.3333333333 968.5964351138 141.6666666667 31.4035648862

ack.yaml 0.0000000000 951.8116384043 870.8860759494 4.9028856275
ellcheck.hs 0.0000000000 956.7145240318 870.8860759494 43.2854759682
ellCheck/Analytics.hs 2.3071007434 376.9665725124 801.7856930868 574.2336760933
ellCheck/Analyzer.hs 980.3674994024 0.0000000000 19.6325005976 167.7773033255
ellCheck/AST.hs 924.4750378517 167.7773033255 75.5249621483 596.0475604297
ellCheck/ASTLib.hs 830.1401568599 0.0000000000 81.8771552766 376.9665725124
ellCheck/Checker.hs 804.0927938302 376.9665725124 107.9245183063 183.1217628486
ellCheck/Data.hs 912.0173121365 0.0000000000 68.3501872658 167.7773033255
ellCheck/Formatter/CheckStyle.hs 804.0927938302 560.0883353611 65.0721360376 153.7318502927
ellCheck/Formatter/Format.hs 804.0927938302 713.8201856538 31.3495029366 237.3800629520
ellCheck/Formatter/GCC.hs 869.1649298678 560.0883353611 42.8523822687 153.7318502927
ellCheck/Formatter/JSON.hs 835.4422967668 713.8201856538 76.5750153697 92.4029775249
ellCheck/Formatter/TTY.hs 835.4422967668 806.2231631787 76.5750153697 144.9770854270
ellCheck/Interface.hs 924.4750378517 763.8248637552 75.5249621483 187.3753848505
ellCheck/Parser.hs 2.3071007434 0.0000000000 827.8330561165 376.9665725124
ellCheck/Regex.hs 912.0173121365 167.7773033255 12.4577257152 783.4229452802
ickrun 2.3071007434 951.2002486057 997.6928992566 0.6113897986
icktest 870.8860759494 951.8116384043 129.1139240506 14.1730475281
st/shellcheck.hs 0.0000000000 0.0000000000 2.3071007434 951.8116384043
tup.hs 870.8860759494 965.9846859324 129.1139240506 34.0153140676

ack.yaml 0.0000000000 952.9784240150 857.8553615960 4.7841719752
ellcheck.hs 0.0000000000 957.7625959902 857.8553615960 42.2374040098
ellCheck/Analytics.hs 2.7070259628 461.3412226375 663.8538872634 491.0493059895
ellCheck/Analyzer.hs 960.2567996711 277.3433940923 39.7432003289 106.2166190141
ellCheck/AnalyzerLib.hs 681.0965298592 0.0000000000 201.8138876335 367.2136683966
ellCheck/AST.hs 899.4019079867 383.5600131063 100.5980920133 433.6167044542
ellCheck/ASTLib.hs 882.9104174927 0.0000000000 77.3463821785 383.5600131063
ellCheck/Checker.hs 681.0965298592 367.2136683966 201.8138876335 94.1275542409
ellCheck/Checks/Commands.hs 666.5609132263 461.3412226375 216.3495042664 303.5183348280
ellCheck/Data.hs 960.2567996711 0.0000000000 39.7432003289 277.3433940923
ellCheck/Formatter/CheckStyle.hs 666.5609132263 764.8595574654 89.4161245957 107.5352422045
ellCheck/Formatter/Format.hs 666.5609132263 872.3947996699 89.4161245957 79.9957289570
ellCheck/Formatter/GCC.hs 755.9770378219 764.8595574654 126.9333796708 49.8850859247
ellCheck/Formatter/JSON.hs 755.9770378219 814.7446433902 49.4103088651 137.6458852368
ellCheck/Formatter/TTY.hs 805.3873466870 814.7446433902 77.5230708056 137.6458852368
ellCheck/Interface.hs 899.4019079867 817.1767175606 100.5980920133 135.2138110664
ellCheck/Parser.hs 2.7070259628 0.0000000000 678.3895038964 461.3412226375
ellCheck/Regex.hs 882.9104174927 383.5600131063 16.4914904940 568.8305155206
ickrun 2.7070259628 952.3905286270 997.2929740372 0.5878953880
icktest 857.8553615960 952.9784240150 142.1446384040 17.3237385208
st/shellcheck.hs 0.0000000000 0.0000000000 2.7070259628 952.9784240150
tup.hs 857.8553615960 970.3021625358 142.1446384040 29.6978374642

ack.yaml 0.0000000000 953.0609856022 857.8553615960 4.7757718137
ellcheck.hs 0.0000000000 957.8367574160 857.8553615960 42.1632425840
ellCheck/Analytics.hs 2.7020388111 460.4156750731 664.8975173355 492.0584503163
ellCheck/Analyzer.hs 960.3300637726 277.3677381078 39.6699362274 106.2259422541
ellCheck/AnalyzerLib.hs 681.2617440329 0.0000000000 201.8645207741 366.4769605116
ellCheck/AST.hs 899.5873542709 383.5936803619 100.4126457291 433.6547654718
ellCheck/ASTLib.hs 883.1262648071 0.0000000000 77.2037989656 383.5936803619
ellCheck/Checker.hs 681.2617440329 366.4769605116 201.8645207741 93.9387145615
ellCheck/Checks/Commands.hs 667.5995561466 460.4156750731 215.5267086605 304.1420884958
ellCheck/Data.hs 960.3300637726 0.0000000000 39.6699362274 277.3677381078
ellCheck/Formatter/CheckStyle.hs 667.5995561466 764.5577635688 89.0760674522 107.7562354496
ellCheck/Formatter/Format.hs 667.5995561466 872.3139990184 89.0760674522 80.1601263710
ellCheck/Formatter/GCC.hs 756.6756235988 764.5577635688 126.4506412083 49.9876036370
ellCheck/Formatter/JSON.hs 756.6756235988 814.5453672059 49.2223972489 137.9287581836
ellCheck/Formatter/TTY.hs 805.8980208476 814.5453672059 77.2282439594 137.9287581836
ellCheck/Interface.hs 899.5873542709 817.2484458337 100.4126457291 135.2256795557
ellCheck/Parser.hs 2.7020388111 0.0000000000 678.5597052218 460.4156750731
ellCheck/Regex.hs 883.1262648071 383.5936803619 16.4610894638 568.8804450276
ickrun 2.7020388111 952.4741253894 997.2979611889 0.5868602128
icktest 857.8553615960 953.0609856022 142.1446384040 17.2933210939
st/shellcheck.hs 0.0000000000 0.0000000000 2.7020388111 953.0609856022
tup.hs 857.8553615960 970.3543066962 142.1446384040 29.6456933038

ack.yaml 0.0000000000 953.5933341048 857.8553615960 4.7216084486
ellcheck.hs 0.0000000000 958.3149425535 857.8553615960 41.6850574465
ellCheck/Analytics.hs 2.6699029126 464.1973146876 662.9011327736 488.8158336457
ellCheck/Analyzer.hs 961.7515924295 284.4136854306 38.2484075705 108.9243901649
ellCheck/AnalyzerLib.hs 683.7748991812 0.0000000000 197.9492558702 369.4870313382
ellCheck/AST.hs 898.2662312680 393.3380755955 101.7337687320 427.7191612793
ellCheck/ASTLib.hs 881.7241550514 0.0000000000 80.0274373782 393.3380755955
ellCheck/Checker.hs 683.7748991812 369.4870313382 197.9492558702 94.7102833494
ellCheck/Checks/Commands.hs 665.5710356863 464.1973146876 216.1531193651 299.8213218419
ellCheck/Data.hs 961.7515924295 0.0000000000 38.2484075705 284.4136854306
ellCheck/Formatter/CheckStyle.hs 665.5710356863 764.0186365294 90.6251038698 104.7131754589
ellCheck/Formatter/Format.hs 665.5710356863 868.7318119883 90.6251038698 84.2813363450
ellCheck/Formatter/GCC.hs 756.1961395560 764.0186365294 125.5280154953 49.7839201825
ellCheck/Formatter/JSON.hs 756.1961395560 813.8025567119 49.8786816538 139.2105916214
ellCheck/Formatter/TTY.hs 806.0748212098 813.8025567119 75.6493338416 139.2105916214
ellCheck/Interface.hs 898.2662312680 821.0572368748 101.7337687320 131.9559114585
ellCheck/Parser.hs 2.6699029126 0.0000000000 681.1049962686 464.1973146876
ellCheck/Regex.hs 881.7241550514 393.3380755955 16.5420762166 559.6750727378
ickrun 2.6699029126 953.0131483333 997.3300970874 0.5801857715
icktest 857.8553615960 953.5933341048 142.1446384040 17.0971926982
st/shellcheck.hs 0.0000000000 0.0000000000 2.6699029126 953.5933341048
tup.hs 857.8553615960 970.6905268031 142.1446384040 29.3094731969

ack.yaml 0.0000000000 953.8762364849 857.8553615960 4.6928247762
ellcheck.hs 0.0000000000 958.5690612612 857.8553615960 41.4309387388
ellCheck/Analytics.hs 2.6528397444 465.5161815685 662.8483492324 487.7834159148
ellCheck/Analyzer.hs 962.7472857816 290.2353430395 37.2527142184 111.1539611640
ellCheck/AnalyzerLib.hs 684.6061853631 0.0000000000 196.1851291381 370.5368095105
ellCheck/AST.hs 897.4638579277 401.3893042035 102.5361420723 421.7851021813
ellCheck/ASTLib.hs 880.7913145013 0.0000000000 81.9559712804 401.3893042035
ellCheck/Checker.hs 684.6061853631 370.5368095105 196.1851291381 94.9793720581
ellCheck/Checks/Commands.hs 665.5011889768 465.5161815685 215.2901255244 299.1880754790
ellCheck/Data.hs 962.7472857816 0.0000000000 37.2527142184 290.2353430395
ellCheck/Formatter/CheckStyle.hs 665.5011889768 764.7042570475 90.2632820896 104.4920129442
ellCheck/Formatter/Format.hs 665.5011889768 869.1962699917 90.2632820896 84.1033274917
ellCheck/Formatter/GCC.hs 755.7644710664 764.7042570475 125.0268434349 49.6787726026
ellCheck/Formatter/JSON.hs 755.7644710664 814.3830296501 49.6795404377 138.9165678332
ellCheck/Formatter/TTY.hs 805.4440115041 814.3830296501 75.3473029972 138.9165678332
ellCheck/Interface.hs 897.4638579277 823.1744063848 102.5361420723 130.1251910985
ellCheck/Parser.hs 2.6528397444 0.0000000000 681.9533456188 465.5161815685
ellCheck/Regex.hs 880.7913145013 401.3893042035 16.6725434264 551.9102932798
ickrun 2.6528397444 953.2995974833 997.3471602556 0.5766390016
icktest 857.8553615960 953.8762364849 142.1446384040 16.9929655056
st/shellcheck.hs 0.0000000000 0.0000000000 2.6528397444 953.8762364849
tup.hs 857.8553615960 970.8692019905 142.1446384040 29.1307980095

ack.yaml 0.0000000000 954.3019943020 857.8553615960 4.6495063937
ellcheck.hs 0.0000000000 958.9515006957 857.8553615960 41.0484993043
ellCheck/Analytics.hs 2.6271793647 464.1558539034 666.1981381133 489.5748389174
ellCheck/Analyzer.hs 963.0985497423 290.2934881270 36.9014502577 111.1762294954
ellCheck/AnalyzerLib.hs 682.7209733239 0.0000000000 198.6266712321 371.2099350748
ellCheck/AST.hs 897.8557983569 401.4697176224 102.1442016431 422.8422416165
ellCheck/ASTLib.hs 881.3476445560 0.0000000000 81.7509051863 401.4697176224
ellCheck/Checker.hs 682.7209733239 371.2099350748 198.6266712321 92.9459188286
ellCheck/Checks/Commands.hs 668.8253174780 464.1558539034 212.5223270781 300.2868672439
ellCheck/Data.hs 963.0985497423 0.0000000000 36.9014502577 290.2934881270
ellCheck/Formatter/CheckStyle.hs 668.8253174780 764.4427211473 89.1028453472 104.8757680893
ellCheck/Formatter/Format.hs 668.8253174780 869.3184892366 89.1028453472 84.4122035841
ellCheck/Formatter/GCC.hs 757.9281628251 764.4427211473 123.4194817309 49.8612218067
ellCheck/Formatter/JSON.hs 757.9281628251 814.3039429540 49.0408536679 139.4267498668
ellCheck/Formatter/TTY.hs 806.9690164930 814.3039429540 74.3786280630 139.4267498668
ellCheck/Interface.hs 897.8557983569 824.3119592389 102.1442016431 129.4187335818
ellCheck/Parser.hs 2.6271793647 0.0000000000 680.0937939592 464.1558539034
ellCheck/Regex.hs 881.3476445560 401.4697176224 16.5081538009 552.2609751983
ickrun 2.6271793647 953.7306928207 997.3728206353 0.5713014813
icktest 857.8553615960 954.3019943020 142.1446384040 16.8361073624
st/shellcheck.hs 0.0000000000 0.0000000000 2.6271793647 954.3019943020
tup.hs 857.8553615960 971.1381016644 142.1446384040 28.8618983356

ack.yaml 0.0000000000 369.1592843495 6.7050935184 587.2988614651
ellcheck.hs 0.0000000000 959.2289910809 852.7131782946 40.7710089191
ellCheck/Analytics.hs 6.7050935184 462.2797490026 653.7163603205 493.6120431017
ellCheck/Analyzer.hs 963.7503043823 291.7557630636 36.2496956177 111.7362496839
ellCheck/AnalyzerLib.hs 680.8773156176 0.0000000000 202.0082831561 372.0516534142
ellCheck/AST.hs 899.1797763356 403.4920127476 100.8202236644 422.9485179318
ellCheck/ASTLib.hs 882.8855987736 0.0000000000 80.8647056087 403.4920127476
ellCheck/Checker.hs 680.8773156176 372.0516534142 202.0082831561 90.2280955885
ellCheck/Checks/Commands.hs 660.4214538389 462.2797490026 222.4641449347 315.0822775127
ellCheck/Data.hs 963.7503043823 0.0000000000 36.2496956177 291.7557630636
ellCheck/Formatter/CheckStyle.hs 660.4214538389 777.3620265153 93.2710862616 98.9151403939
ellCheck/Formatter/Format.hs 660.4214538389 876.2771669093 93.2710862616 79.6146251951
ellCheck/Formatter/GCC.hs 753.6925401005 777.3620265153 129.1930586731 47.0273528869
ellCheck/Formatter/JSON.hs 753.6925401005 824.3893794022 51.3349902012 131.5024127022
ellCheck/Formatter/TTY.hs 805.0275303018 824.3893794022 77.8580684719 131.5024127022
ellCheck/Interface.hs 899.1797763356 826.4405306793 100.8202236644 129.4512614250
ellCheck/Parser.hs 6.7050935184 0.0000000000 674.1722220992 462.2797490026
ellCheck/Regex.hs 882.8855987736 403.4920127476 16.2941775619 552.3997793568
ickrun 6.7050935184 955.8917921044 993.2949064816 0.5663537102
icktest 852.7131782946 956.4581458146 147.2868217054 16.0417357525
ravis.yml 0.0000000000 956.4581458146 852.7131782946 2.7708452663
st/shellcheck.hs 0.0000000000 0.0000000000 6.7050935184 369.1592843495
tup.hs 852.7131782946 972.4998815671 147.2868217054 27.5001184329

ack.yaml 0.0000000000 369.2083023354 6.6846487628 587.3768446245
ellcheck.hs 0.0000000000 959.3479103351 852.7131782946 40.6520896649
ellCheck/Analytics.hs 6.6846487628 462.5078864934 653.7595302041 493.5125702971
ellCheck/Analyzer.hs 963.9989191070 292.9136992774 36.0010808930 112.1797146169
ellCheck/AnalyzerLib.hs 680.9844375162 0.0000000000 201.3197211027 372.2352628645
ellCheck/AST.hs 898.5942404710 405.0934138943 101.4057595290 422.5986553943
ellCheck/ASTLib.hs 882.3041586189 0.0000000000 81.6947604881 405.0934138943
ellCheck/Checker.hs 680.9844375162 372.2352628645 201.3197211027 90.2726236288
ellCheck/Checks/Commands.hs 660.4441789669 462.5078864934 221.8599796520 315.0187820646
ellCheck/Data.hs 963.9989191070 0.0000000000 36.0010808930 292.9136992774
ellCheck/Formatter/CheckStyle.hs 660.4441789669 777.5266685580 93.0177818371 98.8952069937
ellCheck/Formatter/Format.hs 660.4441789669 876.4218755516 93.0177818371 79.5985812388
ellCheck/Formatter/GCC.hs 753.4619608040 777.5266685580 128.8421978149 47.0178759246
ellCheck/Formatter/JSON.hs 753.4619608040 824.5445444826 51.1955752907 131.4759123078
ellCheck/Formatter/TTY.hs 804.6575360947 824.5445444826 77.6466225242 131.4759123078
ellCheck/Interface.hs 898.5942404710 827.6920692885 101.4057595290 128.3283875019
ellCheck/Parser.hs 6.6846487628 0.0000000000 674.2997887535 462.5078864934
ellCheck/Regex.hs 882.3041586189 405.0934138943 16.2900818521 550.9270428962
ickrun 6.6846487628 956.0204567904 993.3153512372 0.5646901694
icktest 852.7131782946 956.5851469598 147.2868217054 15.9949458569
ravis.yml 0.0000000000 956.5851469598 852.7131782946 2.7627633753
st/shellcheck.hs 0.0000000000 0.0000000000 6.6846487628 369.2083023354
tup.hs 852.7131782946 972.5800928167 147.2868217054 27.4199071833

ack.yaml 0.0000000000 389.4127476725 6.7816091954 567.8935903557
ellcheck.hs 0.0000000000 960.0232074264 850.5154639175 39.9767925736
ellCheck/Analytics.hs 6.7816091954 463.6897645778 564.1656678974 493.0626408396
ellCheck/Analyzer.hs 962.8326785394 278.2904296751 37.1673214606 130.2636053798
ellCheck/AnalyzerLib.hs 668.6211141170 0.0000000000 214.7596815898 370.4394472815
ellCheck/AST.hs 899.4385174684 408.5540350549 100.5614825316 421.2702047695
ellCheck/ASTLib.hs 883.3807957068 0.0000000000 79.4518828325 408.5540350549
ellCheck/Checker.hs 668.6211141170 370.4394472815 214.7596815898 93.2503172963
ellCheck/Checks/Commands.hs 570.9472770928 463.6897645778 312.4335186141 233.5003791976
ellCheck/Checks/ShellSupport.hs 570.9472770928 697.1901437754 312.4335186141 135.2400386303
ellCheck/Data.hs 962.8326785394 0.0000000000 37.1673214606 278.2904296751
ellCheck/Formatter/CheckStyle.hs 570.9472770928 832.4301824056 130.9919568127 68.8812316686
ellCheck/Formatter/Format.hs 570.9472770928 901.3114140743 130.9919568127 55.4409913431
ellCheck/Formatter/GCC.hs 701.9392339055 832.4301824056 181.4415618014 32.7482928909
ellCheck/Formatter/JSON.hs 701.9392339055 865.1784752965 72.0959848217 91.5739301208
ellCheck/Formatter/TTY.hs 774.0352187272 865.1784752965 109.3455769796 91.5739301208
ellCheck/Interface.hs 899.4385174684 829.8242398245 100.5614825316 126.9281655929
ellCheck/Parser.hs 6.7816091954 0.0000000000 661.8395049216 463.6897645778
ellCheck/Regex.hs 883.3807957068 408.5540350549 16.0577217615 548.1983703624
ickrun 6.7816091954 956.7524054173 993.2183908046 0.5539326108
icktest 850.5154639175 957.3063380282 149.4845360825 16.1941476445
ravis.yml 0.0000000000 957.3063380282 850.5154639175 2.7168693982
st/shellcheck.hs 0.0000000000 0.0000000000 6.7816091954 389.4127476725
tup.hs 850.5154639175 973.5004856727 149.4845360825 26.4995143273

ack.yaml 0.0000000000 389.5692533328 6.5490065490 568.1218277770
ellcheck.hs 0.0000000000 960.3834668574 829.1457286432 39.6165331426
ellCheck/Analytics.hs 6.5490065490 453.8397901803 570.4695558481 503.3162679792
ellCheck/Analyzer.hs 964.1115971642 322.8651893620 35.8884028358 133.2929680852
ellCheck/AnalyzerLib.hs 663.1013925577 0.0000000000 213.6196132857 363.2708846838
ellCheck/AST.hs 893.6957382574 456.1581574472 106.3042617426 384.9983867749
ellCheck/ASTLib.hs 876.7210058434 0.0000000000 87.3905913208 456.1581574472
ellCheck/Checker.hs 663.1013925577 363.2708846838 213.6196132857 90.5689054965
ellCheck/Checks/Commands.hs 577.0185623971 453.8397901803 299.7024434463 241.5492448864
ellCheck/Checks/ShellSupport.hs 577.0185623971 695.3890350667 299.7024434463 136.5586773587
ellCheck/Data.hs 964.1115971642 0.0000000000 35.8884028358 322.8651893620
ellCheck/Formatter/CheckStyle.hs 577.0185623971 831.9477124254 125.6542822381 69.3721915554
ellCheck/Formatter/Format.hs 577.0185623971 901.3199039808 125.6542822381 55.8361541787
ellCheck/Formatter/GCC.hs 702.6728446352 831.9477124254 174.0481612082 32.9817105836
ellCheck/Formatter/JSON.hs 702.6728446352 864.9294230090 69.1582097516 92.2266351505
ellCheck/Formatter/TTY.hs 771.8310543868 864.9294230090 104.8899514566 92.2266351505
ellCheck/Interface.hs 893.6957382574 841.1565442221 106.3042617426 115.9995139374
ellCheck/Parser.hs 6.5490065490 0.0000000000 656.5523860087 453.8397901803
ellCheck/Regex.hs 876.7210058434 456.1581574472 16.9747324140 500.9979007123
ickrun 6.5490065490 957.1560581595 993.4509934510 0.5350229503
icktest 829.1457286432 957.6910811098 170.8542713568 13.6881796409
ravis.yml 0.0000000000 957.6910811098 829.1457286432 2.6923857476
st/shellcheck.hs 0.0000000000 0.0000000000 6.5490065490 389.5692533328
tup.hs 829.1457286432 971.3792607508 133.7120384531 28.6207392492
xtnumber 962.8577670964 971.3792607508 37.1422329036 28.6207392492

ack.yaml 0.0000000000 388.2351681532 6.5085493657 566.1762868900
ellcheck.hs 0.0000000000 957.0343576297 842.9561200924 42.9656423703
ellCheck/Analytics.hs 6.5085493657 450.2156593877 572.5551177512 503.6659203196
ellCheck/Analyzer.hs 964.4387002903 322.7131833005 35.5612997097 133.2302132892
ellCheck/AnalyzerLib.hs 663.8758297278 0.0000000000 213.2760440022 360.3699905187
ellCheck/AST.hs 894.0672783799 455.9433965896 105.9327216201 382.6471067870
ellCheck/ASTLib.hs 877.1518737300 0.0000000000 87.2868265602 455.9433965896
ellCheck/Checker.hs 663.8758297278 360.3699905187 213.2760440022 89.8456688690
ellCheck/Checks/Commands.hs 579.0636671169 450.2156593877 298.0882066131 241.9433067454
ellCheck/Checks/ShellSupport.hs 579.0636671169 692.1589661331 298.0882066131 137.0423401711
ellCheck/Data.hs 964.4387002903 0.0000000000 35.5612997097 322.7131833005
ellCheck/Formatter/CheckStyle.hs 579.0636671169 829.2013063042 124.9774917245 69.0796109395
ellCheck/Formatter/Format.hs 579.0636671169 898.2809172437 124.9774917245 55.6006624635
ellCheck/Formatter/GCC.hs 704.0411588414 829.2013063042 173.1107148886 32.8426086037
ellCheck/Formatter/JSON.hs 704.0411588414 862.0439149079 68.7857145253 91.8376647993
ellCheck/Formatter/TTY.hs 772.8268733667 862.0439149079 104.3250003633 91.8376647993
ellCheck/Interface.hs 894.0672783799 838.5905033766 105.9327216201 115.2910763306
ellCheck/Parser.hs 6.5085493657 0.0000000000 657.3672803621 450.2156593877
ellCheck/Regex.hs 877.1518737300 455.9433965896 16.9154046499 497.9381831176
ickrun 6.5085493657 953.8815797073 993.4914506343 0.5298753359
icktest 842.9561200924 954.4114550432 157.0438799076 14.7492351331
ravis.yml 0.0000000000 954.4114550432 842.9561200924 2.6229025866
st/shellcheck.hs 0.0000000000 0.0000000000 6.5085493657 388.2351681532
tup.hs 842.9561200924 969.1606901763 122.9039060147 30.8393098237
xtnumber 965.8600261070 969.1606901763 34.1399738930 30.8393098237

ack.yaml 0.0000000000 388.2993763437 6.4849417454 566.2699238346
ellcheck.hs 0.0000000000 957.1831212640 842.9561200924 42.8168787360
ellCheck/Analytics.hs 6.4849417454 451.8254596336 572.4291097188 502.2158123889
ellCheck/Analyzer.hs 964.8079678280 324.9703082827 35.1920321720 134.1620538782
ellCheck/AnalyzerLib.hs 665.0475334933 0.0000000000 211.7803539048 361.6585367681
ellCheck/AST.hs 893.7879029027 459.1323621608 106.2120970973 380.3192221492
ellCheck/ASTLib.hs 876.8278873982 0.0000000000 87.9800804299 459.1323621608
ellCheck/Checker.hs 665.0475334933 361.6585367681 211.7803539048 90.1669228655
ellCheck/Checks/Commands.hs 578.9140514642 451.8254596336 297.9138359339 241.2467261475
ellCheck/Checks/ShellSupport.hs 578.9140514642 693.0721857811 297.9138359339 136.6477806500
ellCheck/Data.hs 964.8079678280 0.0000000000 35.1920321720 324.9703082827
ellCheck/Formatter/CheckStyle.hs 578.9140514642 829.7199664311 124.9043844709 68.8807233682
ellCheck/Formatter/Format.hs 578.9140514642 898.6006897993 124.9043844709 55.4405822232
ellCheck/Formatter/GCC.hs 703.8184359351 829.7199664311 173.0094514630 32.7480512289
ellCheck/Formatter/JSON.hs 703.8184359351 862.4680176601 68.7454774025 91.5732543624
ellCheck/Formatter/TTY.hs 772.5639133376 862.4680176601 104.2639740605 91.5732543624
ellCheck/Interface.hs 893.7879029027 839.4515843100 106.2120970973 114.5896877125
ellCheck/Parser.hs 6.4849417454 0.0000000000 658.5625917479 451.8254596336
ellCheck/Regex.hs 876.8278873982 459.1323621608 16.9600155046 494.9089098617
ickrun 6.4849417454 954.0412720225 993.5150582546 0.5280281559
icktest 842.9561200924 954.5693001784 157.0438799076 14.6981675894
ravis.yml 0.0000000000 954.5693001784 842.9561200924 2.6138210856
st/shellcheck.hs 0.0000000000 0.0000000000 6.4849417454 388.2993763437
tup.hs 842.9561200924 969.2674677677 122.9039060147 30.7325322323
xtnumber 965.8600261070 969.2674677677 34.1399738930 30.7325322323

ack.yaml 0.0000000000 388.3459241493 6.4828040875 566.3378060511
ellcheck.hs 0.0000000000 957.2981303811 842.5925925926 42.7018696189
ellCheck/Analytics.hs 6.4828040875 451.8860720735 572.4564152486 502.2697418859
ellCheck/Analyzer.hs 964.8533707927 325.3218439569 35.1466292073 134.3071832849
ellCheck/AnalyzerLib.hs 665.7474569160 0.0000000000 211.0111159934 361.4094327804
ellCheck/AST.hs 893.7281325776 459.6290272418 106.2718674224 380.0255746233
ellCheck/ASTLib.hs 876.7585729094 0.0000000000 88.0947978833 459.6290272418
ellCheck/Checker.hs 665.7474569160 361.4094327804 211.0111159934 90.4766392930
ellCheck/Checks/Commands.hs 578.9392193361 451.8860720735 297.8193535733 241.2726319718
ellCheck/Checks/ShellSupport.hs 578.9392193361 693.1587040453 297.8193535733 136.6624543140
ellCheck/Data.hs 964.8533707927 0.0000000000 35.1466292073 325.3218439569
ellCheck/Formatter/CheckStyle.hs 578.9392193361 829.8211583593 124.8647714698 68.8881199946
ellCheck/Formatter/Format.hs 578.9392193361 898.7092783539 124.8647714698 55.4465356054
ellCheck/Formatter/GCC.hs 703.8039908059 829.8211583593 172.9545821035 32.7515678166
ellCheck/Formatter/JSON.hs 703.8039908059 862.5727261759 68.7236750080 91.5830877835
ellCheck/Formatter/TTY.hs 772.5276658139 862.5727261759 104.2309070955 91.5830877835
ellCheck/Interface.hs 893.7281325776 839.6546018651 106.2718674224 114.5012120943
ellCheck/Parser.hs 6.4828040875 0.0000000000 659.2646528286 451.8860720735
ellCheck/Regex.hs 876.7585729094 459.6290272418 16.9695596682 494.5267867176
ickrun 6.4828040875 954.1558139594 993.5171959125 0.5279162410
icktest 842.5925925926 954.6837302004 157.4074074074 14.6611461116
ravis.yml 0.0000000000 954.6837302004 842.5925925926 2.6144001807
st/shellcheck.hs 0.0000000000 0.0000000000 6.4828040875 388.3459241493
tup.hs 842.5925925926 969.3448763120 123.1884057971 30.6551236880
xtnumber 965.7809983897 969.3448763120 34.2190016103 30.6551236880

ack.yaml 0.0000000000 388.7321295843 6.3406770553 566.9010223105
ellcheck.hs 0.0000000000 958.1927777471 842.5925925926 41.8072222529
ellCheck/Analytics.hs 6.3406770553 450.3800768922 576.2401903178 504.7362930689
ellCheck/Analyzer.hs 965.5630041184 325.0693847412 34.4369958816 134.2029570032
ellCheck/AnalyzerLib.hs 664.2127894247 0.0000000000 215.0341081332 363.4562444485
ellCheck/AST.hs 895.8167915466 459.2723417444 104.1832084534 380.5085385520
ellCheck/ASTLib.hs 879.2468975580 0.0000000000 86.3161065604 459.2723417444
ellCheck/Checker.hs 664.2127894247 363.4562444485 215.0341081332 86.9238324437
ellCheck/Checks/Commands.hs 582.5808673732 450.3800768922 296.6660301848 237.1360498986
ellCheck/Checks/ShellSupport.hs 582.5808673732 687.5161267908 296.6660301848 145.3972860692
ellCheck/Data.hs 965.5630041184 0.0000000000 34.4369958816 325.0693847412
ellCheck/Formatter/CheckStyle.hs 582.5808673732 832.9134128600 124.3812251200 67.7070437992
ellCheck/Formatter/Format.hs 582.5808673732 900.6204566593 124.3812251200 54.4959133018
ellCheck/Formatter/GCC.hs 706.9620924931 832.9134128600 172.2848050648 32.1900472364
ellCheck/Formatter/JSON.hs 706.9620924931 865.1034600964 68.4575384364 90.0129098647
ellCheck/Formatter/TTY.hs 775.4196309295 865.1034600964 103.8272666285 90.0129098647
ellCheck/Interface.hs 895.8167915466 839.7808802964 104.1832084534 115.3354896647
ellCheck/Parser.hs 6.3406770553 0.0000000000 657.8721123694 450.3800768922
ellCheck/Regex.hs 879.2468975580 459.2723417444 16.5698939886 495.8440282167
ickrun 6.3406770553 955.1163699611 993.6593229447 0.5167819338
icktest 842.5925925926 955.6331518948 157.4074074074 14.3539802693
ravis.yml 0.0000000000 955.6331518948 842.5925925926 2.5596258522
st/shellcheck.hs 0.0000000000 0.0000000000 6.3406770553 388.7321295843
tup.hs 842.5925925926 969.9871321642 123.1884057971 30.0128678358
xtnumber 965.7809983897 969.9871321642 34.2190016103 30.0128678358

