new coffee 20
Africa/NorthernAfrica/DZA 932.7133111257 733.8513189634 60.0229386582 192.4293999446
Africa/NorthernAfrica/EGY 983.1019666832 926.2807189080 16.8980333168 73.7192810920
Africa/NorthernAfrica/MAR 932.7133111257 926.2807189080 50.3886555575 73.7192810920
Africa/NorthernAfrica/TUN 992.7362497839 733.8513189634 7.2637502161 192.4293999446
America/NorthernAmerica/CAN 773.0729445908 705.2621203208 122.6062301132 292.1109487816
America/NorthernAmerica/MEX 773.0729445908 997.3730691025 122.6062301132 2.6269308975
America/NorthernAmerica/USA 0.0000000000 705.2621203208 773.0729445908 294.7378796792
America/SouthernAmerica/ARG 895.6791747040 705.2621203208 37.0341364217 229.4737903115
America/SouthernAmerica/CHL 895.6791747040 934.7359106324 37.0265119067 65.2640893676
America/SouthernAmerica/COL 932.7056866107 934.7359106324 0.0076245150 65.2640893676
Asia/EasternAsia/CHN 997.4171214994 86.8577994194 2.5828785006 563.2232797233
Asia/EasternAsia/JPN 857.3086159923 86.8577994194 140.1085055071 563.2232797233
Asia/EasternAsia/KOR 857.3086159923 0.0000000000 142.6913840077 86.8577994194
Asia/SouthEasternAsia/IDN 953.1971611057 650.0810791427 1.2106868168 40.2904474076
Asia/SouthEasternAsia/MYS 857.3086159923 678.4794816736 95.8885451133 26.7826386472
Asia/SouthEasternAsia/PHL 953.1971611057 690.3715265504 0.9299965231 14.8905937705
Asia/SouthEasternAsia/SGP 857.3086159923 650.0810791427 95.8885451133 28.3984025309
Asia/SouthEasternAsia/THA 954.1271576288 690.3715265504 0.2806902937 14.8905937705
Asia/WesternAsia/IND 954.4078479225 650.0810791427 45.5921520775 1.9522773516
Asia/WesternAsia/TUR 954.4078479225 652.0333564943 45.5921520775 53.2287638266
AustraliaandNewZealand/NZL 932.7133111257 705.2621203208 67.2866888743 28.5891986425
Europe/EasternEurope/BGR 793.9182006919 693.3276223914 32.4983793960 11.9344979294
Europe/EasternEurope/CZE 813.0709872528 546.9817274803 44.2376287395 146.3458949111
Europe/EasternEurope/HUN 607.8090289802 546.9817274803 41.7751006216 133.2839833659
Europe/EasternEurope/POL 649.5841296018 546.9817274803 144.3340710901 133.2839833659
Europe/EasternEurope/ROU 733.3436171514 680.2657108462 60.5745835404 24.9964094746
Europe/EasternEurope/RUS 793.9182006919 546.9817274803 19.1527865609 146.3458949111
Europe/EasternEurope/SVK 607.8090289802 680.2657108462 125.5345881712 24.9964094746
Europe/EasternEurope/UKR 826.4165800878 693.3276223914 30.8920359045 11.9344979294
Europe/NorthernEurope/DNK 306.1312318971 539.4574526467 122.4647196267 106.7113792172
Europe/NorthernEurope/EST 596.2490135194 539.4574526467 11.5600154608 146.4320596555
Europe/NorthernEurope/FIN 0.0000000000 646.1688318639 271.7311336517 59.0932884569
Europe/NorthernEurope/GBR 0.0000000000 539.4574526467 306.1312318971 106.7113792172
Europe/NorthernEurope/IRL 466.9314026721 697.4273368423 140.8776263081 7.8347834785
Europe/NorthernEurope/LTU 466.9314026721 685.8895123023 140.8776263081 11.5378245400
Europe/NorthernEurope/LVA 428.5959515237 685.8895123023 38.3354511484 19.3726080186
Europe/NorthernEurope/NOR 271.7311336517 646.1688318639 156.8648178720 59.0932884569
Europe/NorthernEurope/SWE 428.5959515237 539.4574526467 167.6530619957 146.4320596555
Europe/SouthernEurope/ESP 761.3640437028 0.0000000000 95.9445722895 420.6739955325
Europe/SouthernEurope/GRC 738.6115901510 467.2350058180 118.6970258413 58.8464134256
Europe/SouthernEurope/HRV 761.3640437028 420.6739955325 95.9445722895 46.5610102855
Europe/SouthernEurope/ITA 607.8090289802 0.0000000000 153.5550147226 467.2350058180
Europe/SouthernEurope/PRT 607.8090289802 467.2350058180 130.8025611708 79.7467216624
Europe/SouthernEurope/SVN 738.6115901510 526.0814192435 118.6970258413 20.9003082368
Europe/WesternEurope/AUS 465.0747621258 316.1396493995 70.8414068003 223.3178032472
Europe/WesternEurope/CHE 535.9161689261 316.1396493995 71.8928600541 223.3178032472
Europe/WesternEurope/DEU 0.0000000000 0.0000000000 465.0747621258 362.7705892159
Europe/WesternEurope/FRA 0.0000000000 362.7705892159 465.0747621258 176.6868634308
Europe/WesternEurope/NLD 465.0747621258 0.0000000000 142.7342668545 316.1396493995

Africa/NorthernAfrica/DZA 952.6256922482 716.9027916916 40.3377095789 199.2849323771
Africa/NorthernAfrica/EGY 989.6502294015 916.1877240687 10.3497705985 83.8122759313
Africa/NorthernAfrica/MAR 952.6256922482 916.1877240687 37.0245371533 83.8122759313
Africa/NorthernAfrica/TUN 992.9634018271 716.9027916916 7.0365981729 199.2849323771
America/NorthernAmerica/CAN 805.8145377840 676.7302979890 118.5649697638 307.8839066935
America/NorthernAmerica/MEX 805.8145377840 984.6142046825 118.5649697638 15.3857953175
America/NorthernAmerica/USA 0.0000000000 676.7302979890 805.8145377840 323.2697020110
America/SouthernAmerica/ARG 924.3795075478 676.7302979890 28.2461847004 256.3462927030
America/SouthernAmerica/CHL 924.3795075478 933.0765906920 28.2085397305 66.9234093080
America/SouthernAmerica/COL 952.5880472783 933.0765906920 0.0376449699 66.9234093080
Asia/EasternAsia/CHN 999.6470062927 97.2255995456 0.3529937073 513.0934400803
Asia/EasternAsia/JPN 854.0983925770 97.2255995456 145.5486137157 513.0934400803
Asia/EasternAsia/KOR 854.0983925770 0.0000000000 145.9016074230 97.2255995456
Asia/SouthEasternAsia/IDN 947.8179568989 610.3190396260 21.4762423513 44.1630776330
Asia/SouthEasternAsia/MYS 854.0983925770 653.5165325201 93.7195643219 23.2137654689
Asia/SouthEasternAsia/PHL 947.8179568989 654.4821172590 21.1076217977 22.2481807300
Asia/SouthEasternAsia/SGP 854.0983925770 610.3190396260 93.7195643219 43.1974928941
Asia/SouthEasternAsia/THA 968.9255786966 654.4821172590 0.3686205536 22.2481807300
Asia/WesternAsia/IND 969.2941992502 610.3190396260 30.7058007498 7.2360934187
Asia/WesternAsia/TUR 969.2941992502 617.5551330447 30.7058007498 59.1751649444
AustraliaandNewZealand/NZL 952.6256922482 676.7302979890 47.3743077518 40.1724937025
Europe/EasternEurope/BGR 801.0238698703 662.2443274837 27.3850665194 14.4859705053
Europe/EasternEurope/CZE 813.6188845932 529.5953915945 40.4795079838 132.6489358892
Europe/EasternEurope/HUN 628.1038538707 529.5953915945 35.2714006201 124.7879253889
Europe/EasternEurope/POL 663.3752544908 529.5953915945 137.6486153795 124.7879253889
Europe/EasternEurope/ROU 746.5184409048 654.3833169834 54.5054289655 22.3469810056
Europe/EasternEurope/RUS 801.0238698703 529.5953915945 12.5950147229 132.6489358892
Europe/EasternEurope/SVK 628.1038538707 654.3833169834 118.4145870340 22.3469810056
Europe/EasternEurope/UKR 828.4089363896 662.2443274837 25.6894561873 14.4859705053
Europe/NorthernEurope/DNK 313.8538892025 508.3119072823 120.8851188122 104.2601205255
Europe/NorthernEurope/EST 615.6473697863 508.3119072823 12.4564840844 148.1665474001
Europe/NorthernEurope/FIN 0.0000000000 612.5720278077 280.5460301199 64.1582701813
Europe/NorthernEurope/GBR 0.0000000000 508.3119072823 313.8538892025 104.2601205255
Europe/NorthernEurope/IRL 484.0568663865 668.6195502474 144.0469874842 8.1107477416
Europe/NorthernEurope/LTU 484.0568663865 656.4784546823 144.0469874842 12.1410955651
Europe/NorthernEurope/LVA 434.7390080146 656.4784546823 49.3178583719 20.2518433067
Europe/NorthernEurope/NOR 280.5460301199 612.5720278077 154.1929778947 64.1582701813
Europe/NorthernEurope/SWE 434.7390080146 508.3119072823 180.9083617717 148.1665474001
Europe/SouthernEurope/ESP 761.9967356060 0.0000000000 92.1016569709 406.3318562513
Europe/SouthernEurope/GRC 744.1535067786 455.6931546215 109.9448857983 55.8726181193
Europe/SouthernEurope/HRV 761.9967356060 406.3318562513 92.1016569709 49.3612983702
Europe/SouthernEurope/ITA 628.1038538707 0.0000000000 133.8928817353 455.6931546215
Europe/SouthernEurope/PRT 628.1038538707 455.6931546215 116.0496529079 73.9022369730
Europe/SouthernEurope/SVN 744.1535067786 511.5657727408 109.9448857983 18.0296188537
Europe/WesternEurope/AUS 495.6031821787 285.0038532912 75.2279792263 223.3080539910
Europe/WesternEurope/CHE 570.8311614051 285.0038532912 57.2726924656 223.3080539910
Europe/WesternEurope/DEU 0.0000000000 0.0000000000 495.6031821787 355.5820609667
Europe/WesternEurope/FRA 0.0000000000 355.5820609667 495.6031821787 152.7298463156
Europe/WesternEurope/NLD 495.6031821787 0.0000000000 132.5006716920 285.0038532912

Africa/NorthernAfrica/DZA 937.8397325985 710.2422391837 55.9780567719 215.2480911604
Africa/NorthernAfrica/EGY 988.1500814341 925.4903303441 11.8499185659 74.5096696559
Africa/NorthernAfrica/MAR 937.8397325985 925.4903303441 50.3103488356 74.5096696559
Africa/NorthernAfrica/TUN 993.8177893704 710.2422391837 6.1822106296 215.2480911604
America/NorthernAmerica/CAN 773.8733342522 677.1466517454 137.8606808540 312.8577376876
America/NorthernAmerica/MEX 773.8733342522 990.0043894330 137.8606808540 9.9956105670
America/NorthernAmerica/USA 0.0000000000 677.1466517454 773.8733342522 322.8533482546
America/SouthernAmerica/ARG 911.7340151062 677.1466517454 26.1057174922 257.2694178448
America/SouthernAmerica/CHL 911.7340151062 934.4160695902 26.0800146088 65.5839304098
America/SouthernAmerica/COL 937.8140297150 934.4160695902 0.0257028835 65.5839304098
Asia/EasternAsia/CHN 998.4307239191 80.2615224487 1.5692760809 536.4044273478
Asia/EasternAsia/JPN 851.9344377643 80.2615224487 146.4962861548 536.4044273478
Asia/EasternAsia/KOR 851.9344377643 0.0000000000 148.0655622357 80.2615224487
Asia/SouthEasternAsia/IDN 928.5581972318 616.6659497965 32.4309440406 9.6456359585
Asia/SouthEasternAsia/MYS 851.9344377643 653.6342778962 76.6237594675 23.5123738492
Asia/SouthEasternAsia/PHL 928.5581972318 626.3115857550 29.0430586263 50.8350659904
Asia/SouthEasternAsia/SGP 851.9344377643 616.6659497965 76.6237594675 36.9683280997
Asia/SouthEasternAsia/THA 957.6012558581 626.3115857550 3.3878854143 50.8350659904
Asia/WesternAsia/IND 960.9891412723 616.6659497965 39.0108587277 6.5821329591
Asia/WesternAsia/TUR 960.9891412723 623.2480827556 39.0108587277 53.8985689898
AustraliaandNewZealand/NZL 937.8397325985 677.1466517454 62.1602674015 33.0955874383
Europe/EasternEurope/BGR 802.8735954069 647.9575013940 20.9068399753 29.1891503514
Europe/EasternEurope/CZE 809.2675969430 528.7960823625 42.6668408213 119.1614190315
Europe/EasternEurope/HUN 611.9911354287 528.7960823625 44.2784133367 118.9098137158
Europe/EasternEurope/POL 656.2695487654 528.7960823625 146.6040466415 118.9098137158
Europe/EasternEurope/ROU 711.1387291430 647.7058960783 91.7348662639 29.4407556672
Europe/EasternEurope/RUS 802.8735954069 528.7960823625 6.3940015361 119.1614190315
Europe/EasternEurope/SVK 611.9911354287 647.7058960783 99.1475937143 29.4407556672
Europe/EasternEurope/UKR 823.7804353822 647.9575013940 28.1540023821 29.1891503514
Europe/NorthernEurope/DNK 322.3570921244 505.1443475443 116.4011806262 110.8327238339
Europe/NorthernEurope/EST 598.9757816407 505.1443475443 13.0153537879 143.7631027020
Europe/NorthernEurope/FIN 0.0000000000 615.9770713782 284.4309974048 61.1695803672
Europe/NorthernEurope/GBR 0.0000000000 505.1443475443 322.3570921244 110.8327238339
Europe/NorthernEurope/IRL 484.1901132054 668.5506188081 127.8010222233 8.5960329373
Europe/NorthernEurope/LTU 484.1901132054 648.9074502464 127.8010222233 19.6431685618
Europe/NorthernEurope/LVA 438.7582727505 648.9074502464 45.4318404549 28.2392014990
Europe/NorthernEurope/NOR 284.4309974048 615.9770713782 154.3272753457 61.1695803672
Europe/NorthernEurope/SWE 438.7582727505 505.1443475443 160.2175088902 143.7631027020
Europe/SouthernEurope/ESP 759.1238701504 0.0000000000 92.8105676139 415.1562683647
Europe/SouthernEurope/GRC 747.7284350438 460.8691278377 104.2060027205 47.3832179187
Europe/SouthernEurope/HRV 759.1238701504 415.1562683647 92.8105676139 45.7128594729
Europe/SouthernEurope/ITA 611.9911354287 0.0000000000 147.1327347217 460.8691278377
Europe/SouthernEurope/PRT 611.9911354287 460.8691278377 135.7372996151 67.9269545248
Europe/SouthernEurope/SVN 747.7284350438 508.2523457563 104.2060027205 20.5437366062
Europe/WesternEurope/AUS 490.9857927808 225.2121090639 62.8187722177 279.9322384804
Europe/WesternEurope/CHE 553.8045649984 225.2121090639 58.1865704303 279.9322384804
Europe/WesternEurope/DEU 0.0000000000 0.0000000000 490.9857927808 351.2827799893
Europe/WesternEurope/FRA 0.0000000000 351.2827799893 490.9857927808 153.8615675551
Europe/WesternEurope/NLD 490.9857927808 0.0000000000 121.0053426479 225.2121090639

Africa/NorthernAfrica/DZA 934.2534340225 689.8199425300 59.6389501905 233.8784899121
Africa/NorthernAfrica/EGY 985.1149658755 923.6984324421 14.8850341245 76.3015675579
Africa/NorthernAfrica/MAR 934.2534340225 923.6984324421 50.8615318530 76.3015675579
Africa/NorthernAfrica/TUN 993.8923842130 689.8199425300 6.1076157870 233.8784899121
America/NorthernAmerica/CAN 778.5714095565 664.6792930092 134.3875357186 324.9805483688
America/NorthernAmerica/MEX 778.5714095565 989.6598413780 134.3875357186 10.3401586220
America/NorthernAmerica/USA 0.0000000000 664.6792930092 778.5714095565 335.3207069908
America/SouthernAmerica/ARG 912.9589452751 664.6792930092 21.2944887474 262.8965978018
America/SouthernAmerica/CHL 912.9589452751 927.5758908111 21.2533862302 72.4241091889
America/SouthernAmerica/COL 934.2123315053 927.5758908111 0.0411025171 72.4241091889
Asia/EasternAsia/CHN 998.5838922078 76.7151566059 1.4161077922 533.4840539213
Asia/EasternAsia/JPN 848.4379961697 76.7151566059 150.1458960382 533.4840539213
Asia/EasternAsia/KOR 848.4379961697 0.0000000000 151.5620038303 76.7151566059
Asia/SouthEasternAsia/IDN 947.3791210554 610.1992105272 19.9087130565 15.3901813800
Asia/SouthEasternAsia/MYS 848.4379961697 640.6252362676 98.9411248857 24.0540567416
Asia/SouthEasternAsia/PHL 947.3791210554 625.5893919073 19.1510673608 39.0899011020
Asia/SouthEasternAsia/SGP 848.4379961697 610.1992105272 98.9411248857 30.4260257403
Asia/SouthEasternAsia/THA 966.5301884162 625.5893919073 0.7576456957 39.0899011020
Asia/WesternAsia/IND 967.2878341119 610.1992105272 32.7121658881 8.3871157851
Asia/WesternAsia/TUR 967.2878341119 618.5863263124 32.7121658881 46.0929666969
AustraliaandNewZealand/NZL 934.2534340225 664.6792930092 65.7465659775 25.1406495208
Europe/EasternEurope/BGR 798.3342819035 625.5861691452 25.0690289375 39.0931238640
Europe/EasternEurope/CZE 808.2887996465 499.6773825248 40.1491965232 125.9087866204
Europe/EasternEurope/HUN 597.1380448071 499.6773825248 51.4031971880 124.9362273652
Europe/EasternEurope/POL 648.5412419950 499.6773825248 149.7930399085 124.9362273652
Europe/EasternEurope/ROU 666.3363397027 624.6136098900 131.9979422009 40.0656831193
Europe/EasternEurope/RUS 798.3342819035 499.6773825248 9.9545177429 125.9087866204
Europe/EasternEurope/SVK 597.1380448071 624.6136098900 69.1982948956 40.0656831193
Europe/EasternEurope/UKR 823.4033108411 625.5861691452 25.0346853286 39.0931238640
Europe/NorthernEurope/DNK 301.6399958042 500.9895459401 119.3151318458 104.3699805804
Europe/NorthernEurope/EST 581.4154041762 500.9895459401 15.7226406308 128.4651235955
Europe/NorthernEurope/FIN 0.0000000000 605.3595265205 264.1354397118 59.3197664887
Europe/NorthernEurope/GBR 0.0000000000 500.9895459401 301.6399958042 104.3699805804
Europe/NorthernEurope/IRL 467.4665779620 650.5554738351 129.6714668451 14.1238191742
Europe/NorthernEurope/LTU 467.4665779620 629.4546695357 129.6714668451 21.1008042994
Europe/NorthernEurope/LVA 420.9551276500 629.4546695357 46.5114503120 35.2246234736
Europe/NorthernEurope/NOR 264.1354397118 605.3595265205 156.8196879382 59.3197664887
Europe/NorthernEurope/SWE 420.9551276500 500.9895459401 160.4602765262 128.4651235955
Europe/SouthernEurope/ESP 748.9239687333 0.0000000000 99.5140274364 391.3841651029
Europe/SouthernEurope/GRC 744.6750977001 432.4886824561 103.7628984696 45.2006219276
Europe/SouthernEurope/HRV 748.9239687333 391.3841651029 99.5140274364 41.1045173532
Europe/SouthernEurope/ITA 597.1380448071 0.0000000000 151.7859239262 432.4886824561
Europe/SouthernEurope/PRT 597.1380448071 432.4886824561 147.5370528930 67.1887000687
Europe/SouthernEurope/SVN 744.6750977001 477.6893043838 103.7628984696 21.9880781410
Europe/WesternEurope/AUS 468.8090503406 237.7123162998 68.2123930079 263.2772296403
Europe/WesternEurope/CHE 537.0214433485 237.7123162998 60.1166014585 263.2772296403
Europe/WesternEurope/DEU 0.0000000000 0.0000000000 468.8090503406 349.2411777897
Europe/WesternEurope/FRA 0.0000000000 349.2411777897 468.8090503406 151.7483681505
Europe/WesternEurope/NLD 468.8090503406 0.0000000000 128.3289944665 237.7123162998

Africa/NorthernAfrica/DZA 940.7079809590 675.5130323972 53.3850389410 242.7639081369
Africa/NorthernAfrica/EGY 989.6584923853 918.2769405340 10.3415076147 81.7230594660
Africa/NorthernAfrica/MAR 940.7079809590 918.2769405340 48.9505114264 81.7230594660
Africa/NorthernAfrica/TUN 994.0930199000 675.5130323972 5.9069801000 242.7639081369
America/NorthernAmerica/CAN 788.4097331676 649.5826653595 130.3062415986 343.0439454380
America/NorthernAmerica/MEX 788.4097331676 992.6266107975 130.3062415986 7.3733892025
America/NorthernAmerica/USA 0.0000000000 649.5826653595 788.4097331676 350.4173346405
America/SouthernAmerica/ARG 918.7159747661 649.5826653595 21.9920061929 266.4204456069
America/SouthernAmerica/CHL 918.7159747661 916.0031109664 20.8294342339 83.9968890336
America/SouthernAmerica/COL 939.5454090000 916.0031109664 1.1625719589 83.9968890336
Asia/EasternAsia/CHN 998.7586572989 72.0050919620 1.2413427011 522.0821513224
Asia/EasternAsia/JPN 836.1570327878 72.0050919620 162.6016245111 522.0821513224
Asia/EasternAsia/KOR 836.1570327878 0.0000000000 163.8429672122 72.0050919620
Asia/SouthEasternAsia/IDN 910.2117042260 594.0872432845 45.4839598069 25.6952861126
Asia/SouthEasternAsia/MYS 836.1570327878 616.3954589995 74.0546714382 33.1872063600
Asia/SouthEasternAsia/PHL 910.2117042260 619.7825293970 43.5418846293 29.8001359625
Asia/SouthEasternAsia/SGP 836.1570327878 594.0872432845 74.0546714382 22.3082157150
Asia/SouthEasternAsia/THA 953.7535888552 619.7825293970 1.9420751776 29.8001359625
Asia/WesternAsia/IND 955.6956640328 594.0872432845 44.3043359672 10.9249053072
Asia/WesternAsia/TUR 955.6956640328 605.0121485917 44.3043359672 44.5705167678
AustraliaandNewZealand/NZL 940.7079809590 649.5826653595 59.2920190410 25.9303670377
Europe/EasternEurope/BGR 773.1642537244 610.2814864847 34.0843848550 39.3011788747
Europe/EasternEurope/CZE 799.9230215697 489.2473061488 36.2340112181 121.0341803359
Europe/EasternEurope/HUN 586.3356732135 489.2473061488 46.2129254445 116.1382990652
Europe/EasternEurope/POL 632.5485986581 489.2473061488 140.6156550664 116.1382990652
Europe/EasternEurope/ROU 645.9979929400 605.3856052140 127.1662607844 44.1970601455
Europe/EasternEurope/RUS 773.1642537244 489.2473061488 26.7587678453 121.0341803359
Europe/EasternEurope/SVK 586.3356732135 605.3856052140 59.6623197265 44.1970601455
Europe/EasternEurope/UKR 807.2486385794 610.2814864847 28.9083942083 39.3011788747
Europe/NorthernEurope/DNK 294.3580802497 490.7892992985 117.6426619336 103.6923101829
Europe/NorthernEurope/EST 569.7519646298 490.7892992985 16.5837085838 119.9995208081
Europe/NorthernEurope/FIN 0.0000000000 594.4816094813 266.1578327992 55.1010558781
Europe/NorthernEurope/GBR 0.0000000000 490.7892992985 294.3580802497 103.6923101829
Europe/NorthernEurope/IRL 467.3157484529 635.6350238598 119.0199247607 13.9476414996
Europe/NorthernEurope/LTU 467.3157484529 610.7888201066 119.0199247607 24.8462037533
Europe/NorthernEurope/LVA 412.0007421833 610.7888201066 55.3150062696 38.7938452529
Europe/NorthernEurope/NOR 266.1578327992 594.4816094813 145.8429093841 55.1010558781
Europe/NorthernEurope/SWE 412.0007421833 490.7892992985 157.7512224465 119.9995208081
Europe/SouthernEurope/ESP 745.2276022646 0.0000000000 90.9294305232 375.1234604168
Europe/SouthernEurope/GRC 726.8207576009 417.5684089616 109.3362751869 51.4148890168
Europe/SouthernEurope/HRV 745.2276022646 375.1234604168 90.9294305232 42.4449485448
Europe/SouthernEurope/ITA 586.3356732135 0.0000000000 158.8919290511 417.5684089616
Europe/SouthernEurope/PRT 586.3356732135 417.5684089616 140.4850843873 71.6788971873
Europe/SouthernEurope/SVN 726.8207576009 468.9832979783 109.3362751869 20.2640081705
Europe/WesternEurope/AUS 452.5961161733 268.2468997115 59.8982065497 222.5423995870
Europe/WesternEurope/CHE 512.4943227230 268.2468997115 73.8413504905 222.5423995870
Europe/WesternEurope/DEU 0.0000000000 0.0000000000 452.5961161733 343.0330489902
Europe/WesternEurope/FRA 0.0000000000 343.0330489902 452.5961161733 147.7562503083
Europe/WesternEurope/NLD 452.5961161733 0.0000000000 133.7395570402 268.2468997115

Africa/NorthernAfrica/DZA 943.4226126248 720.2309404687 46.1533859305 205.3736329162
Africa/NorthernAfrica/EGY 990.6705946905 925.6045733849 9.3294053095 74.3954266151
Africa/NorthernAfrica/MAR 943.4226126248 925.6045733849 47.2479820657 74.3954266151
Africa/NorthernAfrica/TUN 989.5759985554 720.2309404687 10.4240014446 205.3736329162
America/NorthernAmerica/CAN 747.9909518155 683.3228936490 171.8226864961 303.8962419052
America/NorthernAmerica/MEX 747.9909518155 987.2191355542 171.8226864961 12.7808644458
America/NorthernAmerica/USA 0.0000000000 683.3228936490 747.9909518155 316.6771063510
America/SouthernAmerica/ARG 919.8136383115 683.3228936490 23.6089743133 199.3223541087
America/SouthernAmerica/CHL 919.8136383115 882.6452477577 18.5270677911 117.3547522423
America/SouthernAmerica/COL 938.3407061027 882.6452477577 5.0819065222 117.3547522423
Asia/EasternAsia/CHN 998.1215414479 69.1591524097 1.8784585521 558.3855308344
Asia/EasternAsia/JPN 847.1912554371 69.1591524097 150.9302860108 558.3855308344
Asia/EasternAsia/KOR 847.1912554371 0.0000000000 152.8087445629 69.1591524097
Asia/SouthEasternAsia/IDN 923.4775893833 627.5446832441 36.5201795277 20.3691840035
Asia/SouthEasternAsia/MYS 847.1912554371 649.0387626856 76.2863339462 34.2841309633
Asia/SouthEasternAsia/PHL 923.4775893833 647.9138672476 33.4305989925 35.4090264014
Asia/SouthEasternAsia/SGP 847.1912554371 627.5446832441 76.2863339462 21.4940794415
Asia/SouthEasternAsia/THA 956.9081883759 647.9138672476 3.0895805351 35.4090264014
Asia/WesternAsia/IND 959.9977689110 627.5446832441 40.0022310890 7.0084736492
Asia/WesternAsia/TUR 959.9977689110 634.5531568933 40.0022310890 48.7697367557
AustraliaandNewZealand/NZL 943.4226126248 683.3228936490 56.5773873752 36.9080468197
Europe/EasternEurope/BGR 767.7927558552 629.0565788164 36.8669836458 54.2663148326
Europe/EasternEurope/CZE 806.0297157177 508.2373303491 41.1615397194 120.8192484673
Europe/EasternEurope/HUN 590.5422865175 508.2373303491 46.6024178257 117.5396368880
Europe/EasternEurope/POL 637.1447043432 508.2373303491 130.6480515119 117.5396368880
Europe/EasternEurope/ROU 638.8702243114 625.7769672371 128.9225315438 57.5459264119
Europe/EasternEurope/RUS 767.7927558552 508.2373303491 38.2369598625 120.8192484673
Europe/EasternEurope/SVK 590.5422865175 625.7769672371 48.3279377939 57.5459264119
Europe/EasternEurope/UKR 804.6597395010 629.0565788164 42.5315159361 54.2663148326
Europe/NorthernEurope/DNK 284.5457989518 518.2087143940 117.5756954245 107.8905038778
Europe/NorthernEurope/EST 568.8376108534 518.2087143940 21.7046756641 120.1468313445
Europe/NorthernEurope/FIN 0.0000000000 626.0992182718 258.2682872644 57.2236753772
Europe/NorthernEurope/GBR 0.0000000000 518.2087143940 284.5457989518 107.8905038778
Europe/NorthernEurope/IRL 454.0282428449 666.6465588086 136.5140436726 16.6763348404
Europe/NorthernEurope/LTU 454.0282428449 638.3555457385 136.5140436726 28.2910130701
Europe/NorthernEurope/LVA 402.1214943764 638.3555457385 51.9067484685 44.9673479105
Europe/NorthernEurope/NOR 258.2682872644 626.0992182718 143.8532071120 57.2236753772
Europe/NorthernEurope/SWE 402.1214943764 518.2087143940 166.7161164771 120.1468313445
Europe/SouthernEurope/ESP 756.1866684097 0.0000000000 91.0045870274 389.0445633714
Europe/SouthernEurope/GRC 732.7610211940 431.3317223672 114.4302342431 55.6399043610
Europe/SouthernEurope/HRV 756.1866684097 389.0445633714 91.0045870274 42.2871589958
Europe/SouthernEurope/ITA 590.5422865175 0.0000000000 165.6443818922 431.3317223672
Europe/SouthernEurope/PRT 590.5422865175 431.3317223672 142.2187346765 76.9056079818
Europe/SouthernEurope/SVN 732.7610211940 486.9716267282 114.4302342431 21.2657036209
Europe/WesternEurope/AUS 448.3749443697 254.9606307010 69.2728195557 263.2480836930
Europe/WesternEurope/CHE 517.6477639254 254.9606307010 72.8945225921 263.2480836930
Europe/WesternEurope/DEU 0.0000000000 0.0000000000 448.3749443697 357.5012040829
Europe/WesternEurope/FRA 0.0000000000 357.5012040829 448.3749443697 160.7075103112
Europe/WesternEurope/NLD 448.3749443697 0.0000000000 142.1673421478 254.9606307010

Africa/NorthernAfrica/DZA 941.0465310282 705.3658390309 51.1115749500 213.3799328010
Africa/NorthernAfrica/EGY 987.7820744842 918.7457718319 12.2179255158 81.2542281681
Africa/NorthernAfrica/MAR 941.0465310282 918.7457718319 46.7355434560 81.2542281681
Africa/NorthernAfrica/TUN 992.1581059783 705.3658390309 7.8418940217 213.3799328010
America/NorthernAmerica/CAN 768.6110750564 671.0711563157 155.3752573105 319.4886535085
America/NorthernAmerica/MEX 768.6110750564 990.5598098243 155.3752573105 9.4401901757
America/NorthernAmerica/USA 0.0000000000 671.0711563157 768.6110750564 328.9288436843
America/SouthernAmerica/ARG 923.9863323669 671.0711563157 17.0601986614 181.1512150939
America/SouthernAmerica/CHL 923.9863323669 852.2223714097 12.0686211893 147.7776285903
America/SouthernAmerica/COL 936.0549535561 852.2223714097 4.9915774721 147.7776285903
Asia/EasternAsia/CHN 997.5338252911 66.7673150028 2.4661747089 534.4983427198
Asia/EasternAsia/JPN 833.2680586754 66.7673150028 164.2657666157 534.4983427198
Asia/EasternAsia/KOR 833.2680586754 0.0000000000 166.7319413246 66.7673150028
Asia/SouthEasternAsia/IDN 918.0846816571 601.2656577226 48.8398099973 14.2388010219
Asia/SouthEasternAsia/MYS 833.2680586754 635.5426894188 84.8166229817 35.5284668969
Asia/SouthEasternAsia/PHL 918.0846816571 615.5044587445 46.7330239129 55.5666975712
Asia/SouthEasternAsia/SGP 833.2680586754 601.2656577226 84.8166229817 34.2770316962
Asia/SouthEasternAsia/THA 964.8177055700 615.5044587445 2.1067860844 55.5666975712
Asia/WesternAsia/IND 966.9244916544 601.2656577226 33.0755083456 7.8556134906
Asia/WesternAsia/TUR 966.9244916544 609.1212712133 33.0755083456 61.9498851025
AustraliaandNewZealand/NZL 941.0465310282 671.0711563157 58.9534689718 34.2946827152
Europe/EasternEurope/BGR 754.8477433805 620.2031290328 38.4605492277 50.8680272830
Europe/EasternEurope/CZE 797.1798661779 493.3493879877 36.0881924976 126.8537410450
Europe/EasternEurope/HUN 593.1496560533 493.3493879877 38.5659962356 122.5254910772
Europe/EasternEurope/POL 631.7156522889 493.3493879877 123.1320910916 122.5254910772
Europe/EasternEurope/ROU 637.4903285981 615.8748790649 117.3574147824 55.1962772508
Europe/EasternEurope/RUS 754.8477433805 493.3493879877 42.3321227974 126.8537410450
Europe/EasternEurope/SVK 593.1496560533 615.8748790649 44.3406725448 55.1962772508
Europe/EasternEurope/UKR 793.3082926082 620.2031290328 39.9597660673 50.8680272830
Europe/NorthernEurope/DNK 286.0347485343 507.7098643010 104.3991620201 110.0455362745
Europe/NorthernEurope/EST 567.8428757444 507.7098643010 25.3067803089 118.8203524650
Europe/NorthernEurope/FIN 0.0000000000 617.7554005754 235.7491419762 53.3157557403
Europe/NorthernEurope/GBR 0.0000000000 507.7098643010 286.0347485343 110.0455362745
Europe/NorthernEurope/IRL 449.6634715503 654.0118635860 143.4861845030 17.0592927298
Europe/NorthernEurope/LTU 449.6634715503 626.5302167659 143.4861845030 27.4816468200
Europe/NorthernEurope/LVA 390.4339105543 626.5302167659 59.2295609959 44.5409395498
Europe/NorthernEurope/NOR 235.7491419762 617.7554005754 154.6847685781 53.3157557403
Europe/NorthernEurope/SWE 390.4339105543 507.7098643010 177.4089651901 118.8203524650
Europe/SouthernEurope/ESP 743.6281824794 0.0000000000 89.6398761960 375.1741727276
Europe/SouthernEurope/GRC 715.7818988377 417.6120616682 117.4861598377 56.0112870288
Europe/SouthernEurope/HRV 743.6281824794 375.1741727276 89.6398761960 42.4378889406
Europe/SouthernEurope/ITA 593.1496560533 0.0000000000 150.4785264261 417.6120616682
Europe/SouthernEurope/PRT 593.1496560533 417.6120616682 122.6322427844 75.7373263196
Europe/SouthernEurope/SVN 715.7818988377 473.6233486970 117.4861598377 19.7260392907
Europe/WesternEurope/AUS 455.5443198912 251.0275407801 63.8330816060 256.6823235208
Europe/WesternEurope/CHE 519.3774014972 251.0275407801 73.7722545562 256.6823235208
Europe/WesternEurope/DEU 0.0000000000 0.0000000000 455.5443198912 344.1972361516
Europe/WesternEurope/FRA 0.0000000000 344.1972361516 455.5443198912 163.5126281493
Europe/WesternEurope/NLD 455.5443198912 0.0000000000 137.6053361622 251.0275407801

Africa/NorthernAfrica/DZA 937.5317947470 705.5278077349 59.6829392179 219.7150952562
Africa/NorthernAfrica/EGY 988.4882358637 925.2429029910 11.5117641363 74.7570970090
Africa/NorthernAfrica/MAR 937.5317947470 925.2429029910 50.9564411167 74.7570970090
Africa/NorthernAfrica/TUN 997.2147339649 705.5278077349 2.7852660351 219.7150952562
America/NorthernAmerica/CAN 770.2767347627 672.8637512024 148.5594812671 313.2918482906
America/NorthernAmerica/MEX 770.2767347627 986.1555994929 148.5594812671 13.8444005071
America/NorthernAmerica/USA 0.0000000000 672.8637512024 770.2767347627 327.1362487976
America/SouthernAmerica/ARG 918.8362160299 672.8637512024 18.6955787171 201.9443947009
America/SouthernAmerica/CHL 918.8362160299 874.8081459033 15.9281514130 125.1918540967
America/SouthernAmerica/COL 934.7643674429 874.8081459033 2.7674273041 125.1918540967
Asia/EasternAsia/CHN 996.2093585741 69.1169839339 3.7906414259 520.6736721377
Asia/EasternAsia/JPN 847.9157615899 69.1169839339 148.2935969841 520.6736721377
Asia/EasternAsia/KOR 847.9157615899 0.0000000000 152.0842384101 69.1169839339
Asia/SouthEasternAsia/IDN 923.8414964210 589.7906560716 46.1328516412 17.0853662889
Asia/SouthEasternAsia/MYS 847.9157615899 640.8851135601 75.9257348311 31.9786376422
Asia/SouthEasternAsia/PHL 923.8414964210 606.8760223605 43.6121571504 65.9877288419
Asia/SouthEasternAsia/SGP 847.9157615899 589.7906560716 75.9257348311 51.0944574885
Asia/SouthEasternAsia/THA 967.4536535715 606.8760223605 2.5206944908 65.9877288419
Asia/WesternAsia/IND 969.9743480623 589.7906560716 30.0256519377 23.2703084511
Asia/WesternAsia/TUR 969.9743480623 613.0609645227 30.0256519377 59.8027866796
AustraliaandNewZealand/NZL 937.5317947470 672.8637512024 62.4682052530 32.6640565325
Europe/EasternEurope/BGR 767.0736906984 615.2454916221 42.0930908867 57.6182595803
Europe/EasternEurope/CZE 809.7178286477 485.8309965288 38.1979329422 129.4144950933
Europe/EasternEurope/HUN 595.8522601028 485.8309965288 38.7357586781 130.9270967397
Europe/EasternEurope/POL 634.5880187809 485.8309965288 132.4856719176 130.9270967397
Europe/EasternEurope/ROU 640.9318656024 616.7580932685 126.1418250960 56.1056579339
Europe/EasternEurope/RUS 767.0736906984 485.8309965288 42.6441379493 129.4144950933
Europe/EasternEurope/SVK 595.8522601028 616.7580932685 45.0796054996 56.1056579339
Europe/EasternEurope/UKR 809.1667815851 615.2454916221 38.7489800048 57.6182595803
Europe/NorthernEurope/DNK 295.3935044142 510.0633794695 91.3972493158 111.6806076441
Europe/NorthernEurope/EST 563.2035560615 510.0633794695 32.6487040414 117.3877463936
Europe/NorthernEurope/FIN 0.0000000000 621.7439871137 237.5360465533 51.1197640887
Europe/NorthernEurope/GBR 0.0000000000 510.0633794695 295.3935044142 111.6806076441
Europe/NorthernEurope/IRL 443.4537322967 653.0313338086 152.3985278061 19.8324173938
Europe/NorthernEurope/LTU 443.4537322967 627.4511258632 152.3985278061 25.5802079454
Europe/NorthernEurope/LVA 386.7907537300 627.4511258632 56.6629785667 45.4126253392
Europe/NorthernEurope/NOR 237.5360465533 621.7439871137 149.2547071767 51.1197640887
Europe/NorthernEurope/SWE 386.7907537300 510.0633794695 176.4128023315 117.3877463936
Europe/SouthernEurope/ESP 749.7534187580 0.0000000000 98.1623428319 375.5286445480
Europe/SouthernEurope/GRC 724.3034328228 412.7191228419 123.6123287671 57.8303402138
Europe/SouthernEurope/HRV 749.7534187580 375.5286445480 98.1623428319 37.1904782939
Europe/SouthernEurope/ITA 595.8522601028 0.0000000000 153.9011586552 412.7191228419
Europe/SouthernEurope/PRT 595.8522601028 412.7191228419 128.4511727200 73.1118736869
Europe/SouthernEurope/SVN 724.3034328228 470.5494630557 123.6123287671 15.2815334732
Europe/WesternEurope/AUS 442.3729433147 265.9063716650 71.5497575675 244.1570078045
Europe/WesternEurope/CHE 513.9227008822 265.9063716650 81.9295592206 244.1570078045
Europe/WesternEurope/DEU 0.0000000000 0.0000000000 442.3729433147 339.9898397966
Europe/WesternEurope/FRA 0.0000000000 339.9898397966 442.3729433147 170.0735396729
Europe/WesternEurope/NLD 442.3729433147 0.0000000000 153.4793167881 265.9063716650

Africa/NorthernAfrica/DZA 936.3165116318 703.2133423805 56.6704063956 229.2838648396
Africa/NorthernAfrica/EGY 986.5079600183 932.4972072202 13.4920399817 67.5027927798
Africa/NorthernAfrica/MAR 936.3165116318 932.4972072202 50.1914483865 67.5027927798
Africa/NorthernAfrica/TUN 992.9869180275 703.2133423805 7.0130819725 229.2838648396
America/NorthernAmerica/CAN 769.2871826193 672.8127245573 146.0667545952 316.3785880459
America/NorthernAmerica/MEX 769.2871826193 989.1913126032 146.0667545952 10.8086873968
America/NorthernAmerica/USA 0.0000000000 672.8127245573 769.2871826193 327.1872754427
America/SouthernAmerica/ARG 915.3539372145 672.8127245573 20.9625744174 202.5886929112
America/SouthernAmerica/CHL 915.3539372145 875.4014174685 16.0694221341 124.5985825315
America/SouthernAmerica/COL 931.4233593486 875.4014174685 4.8931522832 124.5985825315
Asia/EasternAsia/CHN 996.4347329660 72.6637918082 3.5652670340 521.6405194874
Asia/EasternAsia/JPN 847.7361549966 72.6637918082 148.6985779694 521.6405194874
Asia/EasternAsia/KOR 847.7361549966 0.0000000000 152.2638450034 72.6637918082
Asia/SouthEasternAsia/IDN 934.0223051326 594.3043112957 25.9789286396 30.4396569588
Asia/SouthEasternAsia/MYS 847.7361549966 642.6731756763 86.2861501360 30.1395488810
Asia/SouthEasternAsia/PHL 934.0223051326 624.7439682545 23.0346564652 48.0687563028
Asia/SouthEasternAsia/SGP 847.7361549966 594.3043112957 86.2861501360 48.3688643807
Asia/SouthEasternAsia/THA 957.0569615978 624.7439682545 2.9442721744 48.0687563028
Asia/WesternAsia/IND 960.0012337722 594.3043112957 39.9987662278 25.8506534849
Asia/WesternAsia/TUR 960.0012337722 620.1549647805 39.9987662278 52.6577597768
AustraliaandNewZealand/NZL 936.3165116318 672.8127245573 63.6834883682 30.4006178232
Europe/EasternEurope/BGR 767.3101976349 615.6646223294 42.2235745155 57.1481022279
Europe/EasternEurope/CZE 807.1439520537 483.4319634813 40.5922029428 132.2326588481
Europe/EasternEurope/HUN 600.8056336811 483.4319634813 37.6089103212 129.1778677052
Europe/EasternEurope/POL 638.4145440024 483.4319634813 128.8956536325 129.1778677052
Europe/EasternEurope/ROU 639.7991196542 612.6098311865 127.5110779807 60.2028933708
Europe/EasternEurope/RUS 767.3101976349 483.4319634813 39.8337544188 132.2326588481
Europe/EasternEurope/SVK 600.8056336811 612.6098311865 38.9934859730 60.2028933708
Europe/EasternEurope/UKR 809.5337721504 615.6646223294 38.2023828461 57.1481022279
Europe/NorthernEurope/DNK 316.7337041323 500.2854425833 90.0608336445 121.8463094851
Europe/NorthernEurope/EST 574.8623655122 500.2854425833 25.9432681690 125.9495078017
Europe/NorthernEurope/FIN 0.0000000000 622.1317520684 249.6167179256 50.6809724889
Europe/NorthernEurope/GBR 0.0000000000 500.2854425833 316.7337041323 121.8463094851
Europe/NorthernEurope/IRL 458.5553912478 653.6497140584 142.2502424333 19.1630104988
Europe/NorthernEurope/LTU 458.5553912478 626.2349503850 142.2502424333 27.4147636735
Europe/NorthernEurope/LVA 406.7945377768 626.2349503850 51.7608534710 46.5777741723
Europe/NorthernEurope/NOR 249.6167179256 622.1317520684 157.1778198512 50.6809724889
Europe/NorthernEurope/SWE 406.7945377768 500.2854425833 168.0678277354 125.9495078017
Europe/SouthernEurope/ESP 752.2428241371 0.0000000000 95.4933308595 366.2586755106
Europe/SouthernEurope/GRC 717.8736355614 405.7463372291 129.8625194352 61.6678333611
Europe/SouthernEurope/HRV 752.2428241371 366.2586755106 95.4933308595 39.4876617184
Europe/SouthernEurope/ITA 600.8056336811 0.0000000000 151.4371904560 405.7463372291
Europe/SouthernEurope/PRT 600.8056336811 405.7463372291 117.0680018802 77.6856262522
Europe/SouthernEurope/SVN 717.8736355614 467.4141705902 129.8625194352 16.0177928911
Europe/WesternEurope/AUS 454.0843835410 262.2316029569 71.3486771961 238.0538396264
Europe/WesternEurope/CHE 525.4330607371 262.2316029569 75.3725729441 238.0538396264
Europe/WesternEurope/DEU 0.0000000000 0.0000000000 454.0843835410 345.8912692719
Europe/WesternEurope/FRA 0.0000000000 345.8912692719 454.0843835410 154.3941733114
Europe/WesternEurope/NLD 454.0843835410 0.0000000000 146.7212501402 262.2316029569

Africa/NorthernAfrica/DZA 945.1685118077 715.1801153540 50.3462243996 216.0328637195
Africa/NorthernAfrica/EGY 988.5164789137 931.2129790735 11.4835210863 68.7870209265
Africa/NorthernAfrica/MAR 945.1685118077 931.2129790735 43.3479671060 68.7870209265
Africa/NorthernAfrica/TUN 995.5147362073 715.1801153540 4.4852637927 216.0328637195
America/NorthernAmerica/CAN 770.9444170903 679.1099212499 148.0725623166 316.9611744306
America/NorthernAmerica/MEX 770.9444170903 996.0710956804 148.0725623166 3.9289043196
America/NorthernAmerica/USA 0.0000000000 679.1099212499 770.9444170903 320.8900787501
America/SouthernAmerica/ARG 919.0169794070 679.1099212499 26.1515324008 159.2530556655
America/SouthernAmerica/CHL 919.0169794070 838.3629769154 12.9230392769 161.6370230846
America/SouthernAmerica/COL 931.9400186839 838.3629769154 13.2284931238 161.6370230846
Asia/EasternAsia/CHN 996.2072222025 73.5381405561 3.7927777975 512.0649577635
Asia/EasternAsia/JPN 836.6218021508 73.5381405561 159.5854200517 512.0649577635
Asia/EasternAsia/KOR 836.6218021508 0.0000000000 163.3781978492 73.5381405561
Asia/SouthEasternAsia/IDN 908.6967013804 585.6030983196 33.3825876704 15.9228556088
Asia/SouthEasternAsia/MYS 836.6218021508 645.3102290354 72.0748992297 33.7996922144
Asia/SouthEasternAsia/PHL 908.6967013804 601.5259539284 31.5495423611 77.5839673215
Asia/SouthEasternAsia/SGP 836.6218021508 585.6030983196 72.0748992297 59.7071307159
Asia/SouthEasternAsia/THA 940.2462437415 601.5259539284 1.8330453093 77.5839673215
Asia/WesternAsia/IND 942.0792890509 585.6030983196 57.9207109491 59.6147984252
Asia/WesternAsia/TUR 942.0792890509 645.2178967448 57.9207109491 33.8920245051
AustraliaandNewZealand/NZL 945.1685118077 679.1099212499 54.8314881923 36.0701941042
Europe/EasternEurope/BGR 747.7647562874 620.9391016648 41.9711345202 58.1708195850
Europe/EasternEurope/CZE 793.0148950922 486.9099602511 43.6069070586 134.0291414137
Europe/EasternEurope/HUN 591.6575422718 486.9099602511 35.1217179496 131.7249978353
Europe/EasternEurope/POL 626.7792602214 486.9099602511 120.9854960660 131.7249978353
Europe/EasternEurope/ROU 625.2759170155 618.6349580864 122.4888392719 60.4749631634
Europe/EasternEurope/RUS 747.7647562874 486.9099602511 45.2501388048 134.0291414137
Europe/EasternEurope/SVK 591.6575422718 618.6349580864 33.6183747437 60.4749631634
Europe/EasternEurope/UKR 789.7358908076 620.9391016648 46.8859113431 58.1708195850
Europe/NorthernEurope/DNK 289.0582408641 507.5149906421 95.1986444925 113.0709059809
Europe/NorthernEurope/EST 564.2557664095 507.5149906421 27.4017758623 132.2113648318
Europe/NorthernEurope/FIN 0.0000000000 620.5858966230 229.4279844983 58.5240246269
Europe/NorthernEurope/GBR 0.0000000000 507.5149906421 289.0582408641 113.0709059809
Europe/NorthernEurope/IRL 438.4734584387 663.2822901576 153.1840838331 15.8276310922
Europe/NorthernEurope/LTU 438.4734584387 639.7263554738 153.1840838331 23.5559346838
Europe/NorthernEurope/LVA 384.2568853566 639.7263554738 54.2165730821 39.3835657760
Europe/NorthernEurope/NOR 229.4279844983 620.5858966230 154.8289008583 58.5240246269
Europe/NorthernEurope/SWE 384.2568853566 507.5149906421 179.9988810529 132.2113648318
Europe/SouthernEurope/ESP 742.4803999857 0.0000000000 94.1414021650 379.3532656742
Europe/SouthernEurope/GRC 708.2710264965 415.8266237347 128.3507756543 56.6794989336
Europe/SouthernEurope/HRV 742.4803999857 379.3532656742 94.1414021650 36.4733580605
Europe/SouthernEurope/ITA 591.6575422718 0.0000000000 150.8228577139 415.8266237347
Europe/SouthernEurope/PRT 591.6575422718 415.8266237347 116.6134842247 71.0833365165
Europe/SouthernEurope/SVN 708.2710264965 472.5061226683 128.3507756543 14.4038375828
Europe/WesternEurope/AUS 452.5775003276 242.9547367461 59.9984060278 264.5602538959
Europe/WesternEurope/CHE 512.5759063554 242.9547367461 79.0816359164 264.5602538959
Europe/WesternEurope/DEU 0.0000000000 0.0000000000 452.5775003276 363.2465089094
Europe/WesternEurope/FRA 0.0000000000 363.2465089094 452.5775003276 144.2684817327
Europe/WesternEurope/NLD 452.5775003276 0.0000000000 139.0800419443 242.9547367461

Africa/NorthernAfrica/DZA 939.4626977647 719.1627383982 54.6260004348 209.1178423847
Africa/NorthernAfrica/EGY 989.4435552886 928.2805807829 10.5564447114 71.7194192171
Africa/NorthernAfrica/MAR 939.4626977647 928.2805807829 49.9808575239 71.7194192171
Africa/NorthernAfrica/TUN 994.0886981995 719.1627383982 5.9113018005 209.1178423847
America/NorthernAmerica/CAN 762.5580519174 686.8713254182 151.4713197039 307.6776018390
America/NorthernAmerica/MEX 762.5580519174 994.5489272572 151.4713197039 5.4510727428
America/NorthernAmerica/USA 0.0000000000 686.8713254182 762.5580519174 313.1286745818
America/SouthernAmerica/ARG 914.0293716212 686.8713254182 25.4333261435 152.8593601565
America/SouthernAmerica/CHL 914.0293716212 839.7306855747 12.7197862474 160.2693144253
America/SouthernAmerica/COL 926.7491578686 839.7306855747 12.7135398961 160.2693144253
Asia/EasternAsia/CHN 994.8550704419 79.6038751242 5.1449295581 517.3459209113
Asia/EasternAsia/JPN 848.4244676029 79.6038751242 146.4306028390 517.3459209113
Asia/EasternAsia/KOR 848.4244676029 0.0000000000 151.5755323971 79.6038751242
Asia/SouthEasternAsia/IDN 938.6647406722 596.9497960355 22.0831571350 39.4845340686
Asia/SouthEasternAsia/MYS 848.4244676029 639.9875659249 90.2402730693 46.8837594934
Asia/SouthEasternAsia/PHL 938.6647406722 636.4343301042 19.0350842727 50.4369953140
Asia/SouthEasternAsia/SGP 848.4244676029 596.9497960355 90.2402730693 43.0377698893
Asia/SouthEasternAsia/THA 957.6998249449 636.4343301042 3.0480728624 50.4369953140
Asia/WesternAsia/IND 960.7478978072 596.9497960355 39.2521021928 39.8728130229
Asia/WesternAsia/TUR 960.7478978072 636.8226090584 39.2521021928 50.0487163598
AustraliaandNewZealand/NZL 939.4626977647 686.8713254182 60.5373022353 32.2914129799
Europe/EasternEurope/BGR 746.4507357141 636.0325903299 48.7028281068 50.8387350883
Europe/EasternEurope/CZE 804.8725523214 482.8512281380 43.5519152814 153.1813621919
Europe/EasternEurope/HUN 596.8833920443 482.8512281380 35.5970937973 134.2811557476
Europe/EasternEurope/POL 632.4804858416 482.8512281380 113.9702498725 134.2811557476
Europe/EasternEurope/ROU 640.4143092825 617.1323838856 106.0364264316 69.7389415326
Europe/EasternEurope/RUS 746.4507357141 482.8512281380 58.4218166073 153.1813621919
Europe/EasternEurope/SVK 596.8833920443 617.1323838856 43.5309172382 69.7389415326
Europe/EasternEurope/UKR 795.1535638209 636.0325903299 53.2709037820 50.8387350883
Europe/NorthernEurope/DNK 297.9349383901 526.8248066350 90.5120353198 107.5522862223
Europe/NorthernEurope/EST 570.5793453846 526.8248066350 26.3040466597 120.0078874708
Europe/NorthernEurope/FIN 0.0000000000 634.3770928573 240.6782456638 52.4942325609
Europe/NorthernEurope/GBR 0.0000000000 526.8248066350 297.9349383901 107.5522862223
Europe/NorthernEurope/IRL 449.0646287248 671.6537282804 147.8187633195 15.2175971378
Europe/NorthernEurope/LTU 449.0646287248 646.8326941058 147.8187633195 24.8210341746
Europe/NorthernEurope/LVA 388.4469737099 646.8326941058 60.6176550149 40.0386313124
Europe/NorthernEurope/NOR 240.6782456638 634.3770928573 147.7687280461 52.4942325609
Europe/NorthernEurope/SWE 388.4469737099 526.8248066350 182.1323716746 120.0078874708
Europe/SouthernEurope/ESP 752.8645855596 0.0000000000 95.5598820433 377.4347582655
Europe/SouthernEurope/GRC 724.0567306972 414.7445829189 124.3677369057 53.4171439444
Europe/SouthernEurope/HRV 752.8645855596 377.4347582655 95.5598820433 37.3098246534
Europe/SouthernEurope/ITA 596.8833920443 0.0000000000 155.9811935153 414.7445829189
Europe/SouthernEurope/PRT 596.8833920443 414.7445829189 127.1733386529 68.1066452190
Europe/SouthernEurope/SVN 724.0567306972 468.1617268633 124.3677369057 14.6895012747
Europe/WesternEurope/AUS 459.5696838592 255.1350615011 68.2676900331 271.6897451339
Europe/WesternEurope/CHE 527.8373738923 255.1350615011 69.0460181519 271.6897451339
Europe/WesternEurope/DEU 0.0000000000 0.0000000000 459.5696838592 378.4946613918
Europe/WesternEurope/FRA 0.0000000000 378.4946613918 459.5696838592 148.3301452432
Europe/WesternEurope/NLD 459.5696838592 0.0000000000 137.3137081851 255.1350615011

Africa/NorthernAfrica/DZA 924.8810113830 727.6181514805 67.6704875300 204.4253321179
Africa/NorthernAfrica/EGY 987.3034529383 932.0434835983 12.6965470617 67.9565164017
Africa/NorthernAfrica/MAR 924.8810113830 932.0434835983 62.4224415553 67.9565164017
Africa/NorthernAfrica/TUN 992.5514989130 727.6181514805 7.4485010870 204.4253321179
America/NorthernAmerica/CAN 755.9230566296 700.7918739473 143.9940781341 293.4745035941
America/NorthernAmerica/MEX 755.9230566296 994.2663775414 143.9940781341 5.7336224586
America/NorthernAmerica/USA 0.0000000000 700.7918739473 755.9230566296 299.2081260527
America/SouthernAmerica/ARG 899.9171347637 700.7918739473 24.9638766193 178.4583107161
America/SouthernAmerica/CHL 899.9171347637 879.2501846634 18.3427424022 120.7498153366
America/SouthernAmerica/COL 918.2598771659 879.2501846634 6.6211342171 120.7498153366
Asia/EasternAsia/CHN 993.6119351131 85.7169803193 6.3880648869 468.6242545572
Asia/EasternAsia/JPN 852.5085236590 85.7169803193 141.1034114541 468.6242545572
Asia/EasternAsia/KOR 852.5085236590 0.0000000000 147.4914763410 85.7169803193
Asia/SouthEasternAsia/IDN 903.3396486403 554.3412348765 64.1623737725 75.6665890609
Asia/SouthEasternAsia/MYS 852.5085236590 630.0078239374 77.5809573920 70.7840500099
Asia/SouthEasternAsia/PHL 930.0894810510 630.0078239374 37.4125413618 65.9297442805
Asia/SouthEasternAsia/SGP 852.5085236590 554.3412348765 50.8311249812 75.6665890609
Asia/SouthEasternAsia/THA 930.0894810510 695.9375682179 37.4125413618 4.8543057294
Asia/WesternAsia/IND 967.5020224128 554.3412348765 32.4979775872 63.7172772543
Asia/WesternAsia/TUR 967.5020224128 618.0585121308 32.4979775872 82.7333618166
AustraliaandNewZealand/NZL 924.8810113830 700.7918739473 75.1189886170 26.8262775331
Europe/EasternEurope/BGR 736.9974946866 650.3876133626 53.8764927716 50.4042605848
Europe/EasternEurope/CZE 804.7411670187 494.0549935425 47.7673566403 156.3326198200
Europe/EasternEurope/HUN 591.2135492013 494.0549935425 39.9387161975 123.0546863312
Europe/EasternEurope/POL 631.1522653988 494.0549935425 105.8452292878 123.0546863312
Europe/EasternEurope/ROU 652.9860081313 617.1096798737 84.0114865553 83.6821940736
Europe/EasternEurope/RUS 736.9974946866 494.0549935425 67.7436723321 156.3326198200
Europe/EasternEurope/SVK 591.2135492013 617.1096798737 61.7724589301 83.6821940736
Europe/EasternEurope/UKR 790.8739874582 650.3876133626 61.6345362008 50.4042605848
Europe/NorthernEurope/DNK 302.3053002903 540.2167580632 85.3071390175 109.8720631515
Europe/NorthernEurope/EST 562.0060798806 540.2167580632 29.2074693207 120.0399057458
Europe/NorthernEurope/FIN 0.0000000000 650.0888212148 234.0010113355 50.7030527326
Europe/NorthernEurope/GBR 0.0000000000 540.2167580632 302.3053002903 109.8720631515
Europe/NorthernEurope/IRL 445.8932673208 686.0759257226 145.3202818804 14.7159482247
Europe/NorthernEurope/LTU 445.8932673208 660.2566638090 145.3202818804 25.8192619136
Europe/NorthernEurope/LVA 387.6124393078 660.2566638090 58.2808280131 40.5352101383
Europe/NorthernEurope/NOR 234.0010113355 650.0888212148 153.6114279723 50.7030527326
Europe/NorthernEurope/SWE 387.6124393078 540.2167580632 174.3936405728 120.0399057458
Europe/SouthernEurope/ESP 752.5038312033 0.0000000000 100.0046924557 382.7872067200
Europe/SouthernEurope/GRC 720.0038308652 420.0456559844 132.5046927938 58.5284101363
Europe/SouthernEurope/HRV 752.5038312033 382.7872067200 100.0046924557 37.2584492644
Europe/SouthernEurope/ITA 591.2135492013 0.0000000000 161.2902820020 420.0456559844
Europe/SouthernEurope/PRT 591.2135492013 420.0456559844 128.7902816640 74.0093375581
Europe/SouthernEurope/SVN 720.0038308652 478.5740661207 132.5046927938 15.4809274218
Europe/WesternEurope/AUS 442.6817853902 242.5517042037 80.4182184561 297.6650538595
Europe/WesternEurope/CHE 523.1000038463 242.5517042037 68.1135453550 297.6650538595
Europe/WesternEurope/DEU 0.0000000000 0.0000000000 442.6817853902 381.7335146003
Europe/WesternEurope/FRA 0.0000000000 381.7335146003 442.6817853902 158.4832434629
Europe/WesternEurope/NLD 442.6817853902 0.0000000000 148.5317638111 242.5517042037

Africa/NorthernAfrica/DZA 909.7037115713 724.2959824169 79.1473060723 198.7821442456
Africa/NorthernAfrica/EGY 961.9855118170 923.0781266625 38.0144881830 76.9218733375
Africa/NorthernAfrica/MAR 909.7037115713 923.0781266625 52.2818002458 76.9218733375
Africa/NorthernAfrica/TUN 988.8510176436 724.2959824169 11.1489823564 198.7821442456
America/NorthernAmerica/CAN 744.1961903935 704.1136862210 140.8835800643 289.4819243428
America/NorthernAmerica/MEX 744.1961903935 993.5956105637 140.8835800643 6.4043894363
America/NorthernAmerica/USA 0.0000000000 704.1136862210 744.1961903935 295.8863137790
America/SouthernAmerica/ARG 885.0797704578 704.1136862210 24.6239411135 168.7615230060
America/SouthernAmerica/CHL 885.0797704578 872.8752092270 16.3217596112 127.1247907730
America/SouthernAmerica/COL 901.4015300690 872.8752092270 8.3021815023 127.1247907730
Asia/EasternAsia/CHN 992.8756143049 102.9729627870 7.1243856951 474.3334282370
Asia/EasternAsia/JPN 854.6996677563 102.9729627870 138.1759465485 474.3334282370
Asia/EasternAsia/KOR 854.6996677563 0.0000000000 145.3003322437 102.9729627870
Asia/SouthEasternAsia/IDN 930.4047885098 577.3063910240 26.8369341149 35.5442020313
Asia/SouthEasternAsia/MYS 854.6996677563 612.8505930553 58.6875140726 91.2630931657
Asia/SouthEasternAsia/PHL 913.3871818289 612.8505930553 43.8545407958 49.1799747399
Asia/SouthEasternAsia/SGP 854.6996677563 577.3063910240 75.7051207535 35.5442020313
Asia/SouthEasternAsia/THA 913.3871818289 662.0305677952 43.8545407958 42.0831184258
Asia/WesternAsia/IND 957.2417226247 577.3063910240 42.7582773753 71.0499187911
Asia/WesternAsia/TUR 957.2417226247 648.3563098151 42.7582773753 55.7573764059
AustraliaandNewZealand/NZL 909.7037115713 704.1136862210 90.2962884287 20.1822961959
Europe/EasternEurope/BGR 724.3098127108 641.2162872752 70.6020190901 62.8973989457
Europe/EasternEurope/CZE 805.9312598480 486.6392701588 48.7684079083 154.5770171164
Europe/EasternEurope/HUN 577.0539959020 486.6392701588 35.7623713656 125.4014401885
Europe/EasternEurope/POL 612.8163672676 486.6392701588 111.4934454432 125.4014401885
Europe/EasternEurope/ROU 648.2011671339 612.0407103473 76.1086455769 92.0729758737
Europe/EasternEurope/RUS 724.3098127108 486.6392701588 81.6214471371 154.5770171164
Europe/EasternEurope/SVK 577.0539959020 612.0407103473 71.1471712319 92.0729758737
Europe/EasternEurope/UKR 794.9118318009 641.2162872752 59.7878359554 62.8973989457
Europe/NorthernEurope/DNK 296.0096374975 541.1490664426 86.4307196361 110.9537643483
Europe/NorthernEurope/EST 550.8868935153 541.1490664426 26.1671023867 125.4659000800
Europe/NorthernEurope/FIN 0.0000000000 652.1028307909 240.9450565321 52.0108554301
Europe/NorthernEurope/GBR 0.0000000000 541.1490664426 296.0096374975 110.9537643483
Europe/NorthernEurope/IRL 434.2297904340 692.2886102363 142.8242054680 11.8250759847
Europe/NorthernEurope/LTU 434.2297904340 666.6149665226 142.8242054680 25.6736437136
Europe/NorthernEurope/LVA 382.4403571337 666.6149665226 51.7894333004 37.4987196983
Europe/NorthernEurope/NOR 240.9450565321 652.1028307909 141.4953006015 52.0108554301
Europe/NorthernEurope/SWE 382.4403571337 541.1490664426 168.4465363817 125.4659000800
Europe/SouthernEurope/ESP 750.3906176580 0.0000000000 104.3090500983 379.5227054128
Europe/SouthernEurope/GRC 714.9685977485 411.8878082078 139.7310700078 60.4690270627
Europe/SouthernEurope/HRV 750.3906176580 379.5227054128 104.3090500983 32.3651027950
Europe/SouthernEurope/ITA 577.0539959020 0.0000000000 173.3366217560 411.8878082078
Europe/SouthernEurope/PRT 577.0539959020 411.8878082078 137.9146018465 74.7514619511
Europe/SouthernEurope/SVN 714.9685977485 472.3568352705 139.7310700078 14.2824348883
Europe/WesternEurope/AUS 450.3042583084 184.2181670629 65.5935949447 356.9308993797
Europe/WesternEurope/CHE 515.8978532532 184.2181670629 61.1561426488 356.9308993797
Europe/WesternEurope/DEU 0.0000000000 0.0000000000 450.3042583084 382.4653469235
Europe/WesternEurope/FRA 0.0000000000 382.4653469235 450.3042583084 158.6837195191
Europe/WesternEurope/NLD 450.3042583084 0.0000000000 126.7497375936 184.2181670629

Africa/NorthernAfrica/DZA 918.6891046180 731.2753029555 72.8131659875 178.3018161458
Africa/NorthernAfrica/EGY 966.0375959463 909.5771191012 33.9624040537 90.4228808988
Africa/NorthernAfrica/MAR 918.6891046180 909.5771191012 47.3484913283 90.4228808988
Africa/NorthernAfrica/TUN 991.5022706054 731.2753029555 8.4977293946 178.3018161458
America/NorthernAmerica/CAN 733.4556051715 704.8080407856 151.1546497412 289.4709554369
America/NorthernAmerica/MEX 733.4556051715 994.2789962224 151.1546497412 5.7210037776
America/NorthernAmerica/USA 0.0000000000 704.8080407856 733.4556051715 295.1919592144
America/SouthernAmerica/ARG 884.6102549127 704.8080407856 34.0788497053 106.5012109480
America/SouthernAmerica/CHL 884.6102549127 811.3092517336 9.3368591032 188.6907482664
America/SouthernAmerica/COL 893.9471140159 811.3092517336 24.7419906020 188.6907482664
Asia/EasternAsia/CHN 994.0257292032 109.3646325151 5.9742707968 476.4402212605
Asia/EasternAsia/JPN 858.7503290428 109.3646325151 135.2754001604 476.4402212605
Asia/EasternAsia/KOR 858.7503290428 0.0000000000 141.2496709572 109.3646325151
Asia/SouthEasternAsia/IDN 919.5058838016 585.8048537756 34.3859095014 40.6703425818
Asia/SouthEasternAsia/MYS 858.7503290428 626.4751963573 53.3105387774 78.3328444282
Asia/SouthEasternAsia/PHL 912.0608678202 626.4751963573 41.8309254829 63.0344688948
Asia/SouthEasternAsia/SGP 858.7503290428 585.8048537756 60.7555547588 40.6703425818
Asia/SouthEasternAsia/THA 912.0608678202 689.5096652521 41.8309254829 15.2983755334
Asia/WesternAsia/IND 953.8917933030 585.8048537756 46.1082066970 65.4248495242
Asia/WesternAsia/TUR 953.8917933030 651.2297032998 46.1082066970 53.5783374858
AustraliaandNewZealand/NZL 918.6891046180 704.8080407856 81.3108953820 26.4672621699
Europe/EasternEurope/BGR 737.9026900789 636.2483647591 63.7464013924 68.5596760265
Europe/EasternEurope/CZE 816.1919698356 459.4436122765 42.5583592072 176.8047524827
Europe/EasternEurope/HUN 576.1632367824 459.4436122765 34.1192187239 146.4902679150
Europe/EasternEurope/POL 610.2824555063 459.4436122765 127.6202345726 146.4902679150
Europe/EasternEurope/ROU 663.2205014261 605.9338801914 74.6821886528 98.8741605942
Europe/EasternEurope/RUS 737.9026900789 459.4436122765 78.2892797567 176.8047524827
Europe/EasternEurope/SVK 576.1632367824 605.9338801914 87.0572646437 98.8741605942
Europe/EasternEurope/UKR 801.6490914713 636.2483647591 57.1012375715 68.5596760265
Europe/NorthernEurope/DNK 301.9606904771 540.7954300180 82.0778372763 111.7236691845
Europe/NorthernEurope/EST 548.9840756665 540.7954300180 27.1791611159 124.1135078269
Europe/NorthernEurope/FIN 0.0000000000 652.5190992025 240.1201280656 52.2889415831
Europe/NorthernEurope/GBR 0.0000000000 540.7954300180 301.9606904771 111.7236691845
Europe/NorthernEurope/IRL 423.5881535227 691.1034917276 152.5750832597 13.7045490580
Europe/NorthernEurope/LTU 423.5881535227 664.9089378448 152.5750832597 26.1945538827
Europe/NorthernEurope/LVA 384.0385277534 664.9089378448 39.5496257693 39.8991029407
Europe/NorthernEurope/NOR 240.1201280656 652.5190992025 143.9183996878 52.2889415831
Europe/NorthernEurope/SWE 384.0385277534 540.7954300180 164.9455479131 124.1135078269
Europe/SouthernEurope/ESP 756.0707784007 0.0000000000 102.6795506421 351.5175449960
Europe/SouthernEurope/GRC 722.7893138343 382.1851496882 135.9610152084 62.6358769719
Europe/SouthernEurope/HRV 756.0707784007 351.5175449960 102.6795506421 30.6676046922
Europe/SouthernEurope/ITA 576.1632367824 0.0000000000 179.9075416183 382.1851496882
Europe/SouthernEurope/PRT 576.1632367824 382.1851496882 146.6260770519 77.2584625883
Europe/SouthernEurope/SVN 722.7893138343 444.8210266600 135.9610152084 14.6225856164
Europe/WesternEurope/AUS 444.6948294130 212.6703101328 59.9470330539 328.1251198852
Europe/WesternEurope/CHE 504.6418624669 212.6703101328 71.5213743154 328.1251198852
Europe/WesternEurope/DEU 0.0000000000 0.0000000000 444.6948294130 359.8207835834
Europe/WesternEurope/FRA 0.0000000000 359.8207835834 444.6948294130 180.9746464346
Europe/WesternEurope/NLD 444.6948294130 0.0000000000 131.4684073694 212.6703101328

Africa/NorthernAfrica/DZA 937.5618778273 735.3080560085 55.0189770614 184.3528059821
Africa/NorthernAfrica/EGY 977.3551417137 919.6608619907 22.6448582863 80.3391380093
Africa/NorthernAfrica/MAR 937.5618778273 919.6608619907 39.7932638864 80.3391380093
Africa/NorthernAfrica/TUN 992.5808548888 735.3080560085 7.4191451112 184.3528059821
America/NorthernAmerica/CAN 743.5993003529 702.8058743685 161.3259359297 283.2962231423
America/NorthernAmerica/MEX 743.5993003529 986.1020975108 161.3259359297 13.8979024892
America/NorthernAmerica/USA 0.0000000000 702.8058743685 743.5993003529 297.1941256315
America/SouthernAmerica/ARG 904.9252362826 702.8058743685 32.6366415448 117.2841185918
America/SouthernAmerica/CHL 904.9252362826 820.0899929603 11.8446969934 179.9100070397
America/SouthernAmerica/COL 916.7699332760 820.0899929603 20.7919445513 179.9100070397
Asia/EasternAsia/CHN 992.8807803525 117.2259166200 7.1192196475 465.6864320218
Asia/EasternAsia/JPN 850.7872969526 117.2259166200 142.0934834000 465.6864320218
Asia/EasternAsia/KOR 850.7872969526 0.0000000000 149.2127030474 117.2259166200
Asia/SouthEasternAsia/IDN 908.4134136740 582.9123486418 44.8954202013 36.5401663695
Asia/SouthEasternAsia/MYS 850.7872969526 619.4525150114 62.7080809695 83.3533593571
Asia/SouthEasternAsia/PHL 913.4953779221 619.4525150114 39.8134559533 51.4900374743
Asia/SouthEasternAsia/SGP 850.7872969526 582.9123486418 57.6261167214 36.5401663695
Asia/SouthEasternAsia/THA 913.4953779221 670.9425524857 39.8134559533 31.8633218828
Asia/WesternAsia/IND 953.3088338754 582.9123486418 46.6911661246 60.4963645136
Asia/WesternAsia/TUR 953.3088338754 643.4087131554 46.6911661246 59.3971612131
AustraliaandNewZealand/NZL 937.5618778273 702.8058743685 62.4381221727 32.5021816401
Europe/EasternEurope/BGR 731.8232312284 638.2908240190 58.2670360714 64.5150503495
Europe/EasternEurope/CZE 815.5880132602 451.1665540784 35.1992836924 187.1242699406
Europe/EasternEurope/HUN 591.7138967831 451.1665540784 26.9228322162 153.4493314803
Europe/EasternEurope/POL 618.6367289993 451.1665540784 113.1865022292 153.4493314803
Europe/EasternEurope/ROU 662.8669688688 604.6158855588 68.9562623597 98.1899888097
Europe/EasternEurope/RUS 731.8232312284 451.1665540784 83.7647820318 187.1242699406
Europe/EasternEurope/SVK 591.7138967831 604.6158855588 71.1530720857 98.1899888097
Europe/EasternEurope/UKR 790.0902672998 638.2908240190 60.6970296527 64.5150503495
Europe/NorthernEurope/DNK 296.8910564988 536.9646382789 90.2289530429 108.5190997516
Europe/NorthernEurope/EST 572.7969886904 536.9646382789 18.9169080926 126.9772386528
Europe/NorthernEurope/FIN 0.0000000000 645.4837380305 241.6836474008 57.3221363380
Europe/NorthernEurope/GBR 0.0000000000 536.9646382789 296.8910564988 108.5190997516
Europe/NorthernEurope/IRL 435.2341575244 692.0598892807 156.4797392586 10.7459850878
Europe/NorthernEurope/LTU 435.2341575244 663.9418769317 156.4797392586 28.1180123490
Europe/NorthernEurope/LVA 387.1200095417 663.9418769317 48.1141479827 38.8639974368
Europe/NorthernEurope/NOR 241.6836474008 645.4837380305 145.4363621409 57.3221363380
Europe/NorthernEurope/SWE 387.1200095417 536.9646382789 185.6769791487 126.9772386528
Europe/SouthernEurope/ESP 753.0131722854 0.0000000000 97.7741246672 352.8656531354
Europe/SouthernEurope/GRC 730.9990944067 380.3161492037 119.7882025459 55.9829152146
Europe/SouthernEurope/HRV 753.0131722854 352.8656531354 97.7741246672 27.4504960683
Europe/SouthernEurope/ITA 591.7138967831 0.0000000000 161.2992755023 380.3161492037
Europe/SouthernEurope/PRT 591.7138967831 380.3161492037 139.2851976236 70.8504048747
Europe/SouthernEurope/SVN 730.9990944067 436.2990644183 119.7882025459 14.8674896601
Europe/WesternEurope/AUS 456.5907680077 208.4832128102 55.0878202218 328.4814254687
Europe/WesternEurope/CHE 511.6785882296 208.4832128102 80.0353085535 328.4814254687
Europe/WesternEurope/DEU 0.0000000000 0.0000000000 456.5907680077 363.6451936102
Europe/WesternEurope/FRA 0.0000000000 363.6451936102 456.5907680077 173.3194446687
Europe/WesternEurope/NLD 456.5907680077 0.0000000000 135.1231287753 208.4832128102

Africa/NorthernAfrica/DZA 942.9525968763 714.5498282339 47.1954379779 204.7927912601
Africa/NorthernAfrica/EGY 979.4867481313 919.3426194939 20.5132518687 80.6573805061
Africa/NorthernAfrica/MAR 942.9525968763 919.3426194939 36.5341512550 80.6573805061
Africa/NorthernAfrica/TUN 990.1480348542 714.5498282339 9.8519651458 204.7927912601
America/NorthernAmerica/CAN 761.2527241426 681.1937281248 149.5682495859 304.7566400464
America/NorthernAmerica/MEX 761.2527241426 985.9503681712 149.5682495859 14.0496318288
America/NorthernAmerica/USA 0.0000000000 681.1937281248 761.2527241426 318.8062718752
America/SouthernAmerica/ARG 910.8209737285 681.1937281248 32.1316231479 107.8178847805
America/SouthernAmerica/CHL 910.8209737285 789.0116129053 6.9579562285 210.9883870947
America/SouthernAmerica/COL 917.7789299570 789.0116129053 25.1736669194 210.9883870947
Asia/EasternAsia/CHN 990.7856319301 123.1767833192 9.2143680699 435.8601508908
Asia/EasternAsia/JPN 844.6635229881 123.1767833192 146.1221089420 435.8601508908
Asia/EasternAsia/KOR 844.6635229881 0.0000000000 155.3364770119 123.1767833192
Asia/SouthEasternAsia/IDN 907.5867693354 559.0369342100 47.3086258280 32.1134063708
Asia/SouthEasternAsia/MYS 844.6635229881 591.1503405808 60.1013468115 90.0433875440
Asia/SouthEasternAsia/PHL 904.7648697996 591.1503405808 50.1305253639 34.4928703368
Asia/SouthEasternAsia/SGP 844.6635229881 559.0369342100 62.9232463473 32.1134063708
Asia/SouthEasternAsia/THA 904.7648697996 625.6432109176 50.1305253639 55.5505172072
Asia/WesternAsia/IND 954.8953951635 559.0369342100 45.1046048365 65.4653562288
Asia/WesternAsia/TUR 954.8953951635 624.5022904388 45.1046048365 56.6914376860
AustraliaandNewZealand/NZL 942.9525968763 681.1937281248 57.0474031237 33.3561001091
Europe/EasternEurope/BGR 724.4427000545 623.8273928455 51.3789993899 57.3663352793
Europe/EasternEurope/CZE 810.1587235446 437.3513400840 34.5047994435 186.4760527616
Europe/EasternEurope/HUN 585.0710200225 437.3513400840 23.4745860866 148.6872947795
Europe/EasternEurope/POL 608.5456061090 437.3513400840 115.8970939455 148.6872947795
Europe/EasternEurope/ROU 663.0264353919 586.0386348634 61.4162646627 95.1550932614
Europe/EasternEurope/RUS 724.4427000545 437.3513400840 85.7160234901 186.4760527616
Europe/EasternEurope/SVK 585.0710200225 586.0386348634 77.9554153694 95.1550932614
Europe/EasternEurope/UKR 775.8216994444 623.8273928455 68.8418235437 57.3663352793
Europe/NorthernEurope/DNK 303.1269655318 526.2957654407 88.2684788393 97.6712307865
Europe/NorthernEurope/EST 571.9455960524 526.2957654407 13.1254239701 120.4617085628
Europe/NorthernEurope/FIN 0.0000000000 623.9669962272 237.0310271036 57.2267318976
Europe/NorthernEurope/GBR 0.0000000000 526.2957654407 303.1269655318 97.6712307865
Europe/NorthernEurope/IRL 441.6911783551 669.0099049760 143.3798416674 12.1838231488
Europe/NorthernEurope/LTU 441.6911783551 646.7574740035 143.3798416674 22.2524309725
Europe/NorthernEurope/LVA 391.3954443711 646.7574740035 50.2957339840 34.4362541213
Europe/NorthernEurope/NOR 237.0310271036 623.9669962272 154.3644172676 57.2267318976
Europe/NorthernEurope/SWE 391.3954443711 526.2957654407 180.5501516812 120.4617085628
Europe/SouthernEurope/ESP 749.5407001780 0.0000000000 95.1228228101 346.5669644305
Europe/SouthernEurope/GRC 726.3373939243 370.8744865152 118.3261290638 52.6258613864
Europe/SouthernEurope/HRV 749.5407001780 346.5669644305 95.1228228101 24.3075220847
Europe/SouthernEurope/ITA 585.0710200225 0.0000000000 164.4696801555 370.8744865152
Europe/SouthernEurope/PRT 585.0710200225 370.8744865152 141.2663739018 66.4768535687
Europe/SouthernEurope/SVN 726.3373939243 423.5003479017 118.3261290638 13.8509921823
Europe/WesternEurope/AUS 448.8830057312 201.7668717722 51.0998023247 324.5288936685
Europe/WesternEurope/CHE 499.9828080559 201.7668717722 85.0882119666 324.5288936685
Europe/WesternEurope/DEU 0.0000000000 0.0000000000 448.8830057312 363.0263771829
Europe/WesternEurope/FRA 0.0000000000 363.0263771829 448.8830057312 163.2693882578
Europe/WesternEurope/NLD 448.8830057312 0.0000000000 136.1880142913 201.7668717722

Africa/NorthernAfrica/DZA 927.9822065941 716.6607789938 60.5958912529 190.1706784358
Africa/NorthernAfrica/EGY 970.0454851415 906.8314574295 29.9545148585 93.1685425705
Africa/NorthernAfrica/MAR 927.9822065941 906.8314574295 42.0632785473 93.1685425705
Africa/NorthernAfrica/TUN 988.5780978470 716.6607789938 11.4219021530 190.1706784358
America/NorthernAmerica/CAN 733.0466696597 686.7972100387 158.5774482172 302.7398184167
America/NorthernAmerica/MEX 733.0466696597 989.5370284554 158.5774482172 10.4629715446
America/NorthernAmerica/USA 0.0000000000 686.7972100387 733.0466696597 313.2027899613
America/SouthernAmerica/ARG 891.6241178769 686.7972100387 36.3580887172 110.0139056714
America/SouthernAmerica/CHL 891.6241178769 796.8111157101 7.0280178000 203.1888842899
America/SouthernAmerica/COL 898.6521356769 796.8111157101 29.3300709172 203.1888842899
Asia/EasternAsia/CHN 986.1623766322 105.9943832965 13.8376233678 414.7882774559
Asia/EasternAsia/JPN 846.8866640564 105.9943832965 139.2757125757 414.7882774559
Asia/EasternAsia/KOR 846.8866640564 0.0000000000 153.1133359436 105.9943832965
Asia/SouthEasternAsia/IDN 893.3171230920 520.7826607524 61.2680792162 65.0529175236
Asia/SouthEasternAsia/MYS 846.8866640564 585.8355782760 60.8979417749 100.9616317627
Asia/SouthEasternAsia/PHL 907.7846058313 585.8355782760 46.8005964769 50.9093396822
Asia/SouthEasternAsia/SGP 846.8866640564 520.7826607524 46.4304590356 65.0529175236
Asia/SouthEasternAsia/THA 907.7846058313 636.7449179582 46.8005964769 50.0522920805
Asia/WesternAsia/IND 954.5852023082 520.7826607524 45.4147976918 93.6912410010
Asia/WesternAsia/TUR 954.5852023082 614.4739017534 45.4147976918 72.3233082853
AustraliaandNewZealand/NZL 927.9822065941 686.7972100387 72.0177934059 29.8635689551
Europe/EasternEurope/BGR 721.0359424977 621.0810794409 58.6981241535 65.7161305978
Europe/EasternEurope/CZE 813.6573996139 434.0084249382 33.2292644425 187.0726545027
Europe/EasternEurope/HUN 577.7204177705 434.0084249382 24.0972032519 152.9043683153
Europe/EasternEurope/POL 601.8176210225 434.0084249382 119.2183214753 152.9043683153
Europe/EasternEurope/ROU 657.1220936347 586.9127932534 63.9138488630 99.8844167853
Europe/EasternEurope/RUS 721.0359424977 434.0084249382 92.6214571162 187.0726545027
Europe/EasternEurope/SVK 577.7204177705 586.9127932534 79.4016758642 99.8844167853
Europe/EasternEurope/UKR 779.7340666512 621.0810794409 67.1525974053 65.7161305978
Europe/NorthernEurope/DNK 294.1750846963 537.0191413399 81.6982106550 97.8608191900
Europe/NorthernEurope/EST 565.7482224083 537.0191413399 11.9721953622 112.5787301302
Europe/NorthernEurope/FIN 0.0000000000 634.8799605299 226.8604351883 51.9172495087
Europe/NorthernEurope/GBR 0.0000000000 537.0191413399 294.1750846963 97.8608191900
Europe/NorthernEurope/IRL 426.4047773763 673.6412184400 151.3156403942 13.1559915987
Europe/NorthernEurope/LTU 426.4047773763 649.5978714701 151.3156403942 24.0433469699
Europe/NorthernEurope/LVA 375.8732953513 649.5978714701 50.5314820250 37.1993385686
Europe/NorthernEurope/NOR 226.8604351883 634.8799605299 149.0128601630 51.9172495087
Europe/NorthernEurope/SWE 375.8732953513 537.0191413399 189.8749270570 112.5787301302
Europe/SouthernEurope/ESP 753.1341588253 0.0000000000 93.7525052311 342.4755058936
Europe/SouthernEurope/GRC 720.3796125978 368.1916761851 126.5070514587 51.6345053614
Europe/SouthernEurope/HRV 753.1341588253 342.4755058936 93.7525052311 25.7161702915
Europe/SouthernEurope/ITA 577.7204177705 0.0000000000 175.4137410548 368.1916761851
Europe/SouthernEurope/PRT 577.7204177705 368.1916761851 142.6591948273 65.8167487530
Europe/SouthernEurope/SVN 720.3796125978 419.8261815465 126.5070514587 14.1822433916
Europe/WesternEurope/AUS 441.5358834820 210.3685549194 51.6094313482 326.6505864205
Europe/WesternEurope/CHE 493.1453148302 210.3685549194 84.5751029403 326.6505864205
Europe/WesternEurope/DEU 0.0000000000 0.0000000000 441.5358834820 356.4136650494
Europe/WesternEurope/FRA 0.0000000000 356.4136650494 441.5358834820 180.6054762905
Europe/WesternEurope/NLD 441.5358834820 0.0000000000 136.1845342885 210.3685549194

Africa/NorthernAfrica/DZA 918.0909544518 734.3508680640 69.6365115538 177.8513898554
Africa/NorthernAfrica/EGY 966.2292002106 912.2022579194 33.7707997894 87.7977420806
Africa/NorthernAfrica/MAR 918.0909544518 912.2022579194 48.1382457587 87.7977420806
Africa/NorthernAfrica/TUN 987.7274660056 734.3508680640 12.2725339944 177.8513898554
America/NorthernAmerica/CAN 727.0099951621 705.8189074484 164.4330115622 281.2138950703
America/NorthernAmerica/MEX 727.0099951621 987.0328025187 164.4330115622 12.9671974813
America/NorthernAmerica/USA 0.0000000000 705.8189074484 727.0099951621 294.1810925516
America/SouthernAmerica/ARG 891.4430067243 705.8189074484 26.6479477275 149.1078418687
America/SouthernAmerica/CHL 891.4430067243 854.9267493170 12.6993833872 145.0732506830
America/SouthernAmerica/COL 904.1423901115 854.9267493170 13.9485643403 145.0732506830
Asia/EasternAsia/CHN 987.1064027744 104.1563244188 12.8935972256 433.3578867249
Asia/EasternAsia/JPN 843.7657389903 104.1563244188 143.3406637841 433.3578867249
Asia/EasternAsia/KOR 843.7657389903 0.0000000000 156.2342610097 104.1563244188
Asia/SouthEasternAsia/IDN 911.5964143918 537.5142111437 37.0602710094 41.0454762435
Asia/SouthEasternAsia/MYS 843.7657389903 578.5596873872 63.6456255058 127.2592200612
Asia/SouthEasternAsia/PHL 907.4113644961 578.5596873872 41.2453209051 52.7810222179
Asia/SouthEasternAsia/SGP 843.7657389903 537.5142111437 67.8306754015 41.0454762435
Asia/SouthEasternAsia/THA 907.4113644961 631.3407096051 41.2453209051 74.4781978433
Asia/WesternAsia/IND 948.6566854012 537.5142111437 51.3433145988 94.6905366057
Asia/WesternAsia/TUR 948.6566854012 632.2047477494 51.3433145988 73.6141596990
AustraliaandNewZealand/NZL 918.0909544518 705.8189074484 81.9090455482 28.5319606156
Europe/EasternEurope/BGR 742.3605073713 609.7972602979 101.4052316190 41.1541648236
Europe/EasternEurope/CZE 690.2601417792 564.3152159137 153.5055972111 45.4820443842
Europe/EasternEurope/HUN 570.3761261602 432.1959897618 119.8840156189 30.9921876761
Europe/EasternEurope/POL 570.3761261602 463.1881774379 119.8840156189 146.6090828600
Europe/EasternEurope/ROU 570.3761261602 662.3160801364 171.9843812111 43.5028273120
Europe/EasternEurope/RUS 690.2601417792 432.1959897618 153.5055972111 132.1192261519
Europe/EasternEurope/SVK 570.3761261602 609.7972602979 171.9843812111 52.5188198385
Europe/EasternEurope/UKR 742.3605073713 650.9514251215 101.4052316190 54.8674823269
Europe/NorthernEurope/DNK 285.9547438359 562.2582729720 84.4790160425 94.8042494400
Europe/NorthernEurope/EST 556.3324601259 562.2582729720 14.0436660343 102.3163023059
Europe/NorthernEurope/FIN 0.0000000000 657.0625224121 214.3271596716 48.7563850363
Europe/NorthernEurope/GBR 0.0000000000 562.2582729720 285.9547438359 94.8042494400
Europe/NorthernEurope/IRL 416.9906294037 691.9402665070 153.3854967566 13.8786409413
Europe/NorthernEurope/LTU 416.9906294037 664.5745752779 153.3854967566 27.3656912291
Europe/NorthernEurope/LVA 370.4337598784 664.5745752779 46.5568695252 41.2443321704
Europe/NorthernEurope/NOR 214.3271596716 657.0625224121 156.1066002068 48.7563850363
Europe/NorthernEurope/SWE 370.4337598784 562.2582729720 185.8987002474 102.3163023059
Europe/SouthernEurope/ESP 748.6290399933 0.0000000000 95.1366989970 332.8976507509
Europe/SouthernEurope/GRC 708.7255935375 362.3405052469 135.0401454528 54.6290928052
Europe/SouthernEurope/HRV 748.6290399933 332.8976507509 95.1366989970 29.4428544960
Europe/SouthernEurope/ITA 570.3761261602 0.0000000000 178.2529138331 362.3405052469
Europe/SouthernEurope/PRT 570.3761261602 362.3405052469 138.3494673772 69.8554845149
Europe/SouthernEurope/SVN 708.7255935375 416.9695980521 135.0401454528 15.2263917097
Europe/WesternEurope/AUS 432.6896237242 227.1311521116 54.0325984774 335.1271208604
Europe/WesternEurope/CHE 486.7222222016 227.1311521116 83.6539039586 335.1271208604
Europe/WesternEurope/DEU 0.0000000000 0.0000000000 432.6896237242 328.5922473587
Europe/WesternEurope/FRA 0.0000000000 328.5922473587 432.6896237242 233.6660256134
Europe/WesternEurope/NLD 432.6896237242 0.0000000000 137.6865024360 227.1311521116

Africa/NorthernAfrica/DZA 928.9384515279 736.9560773946 60.9614718828 181.4502553816
Africa/NorthernAfrica/EGY 972.2162981845 918.4063327763 27.7837018155 81.5936672237
Africa/NorthernAfrica/MAR 928.9384515279 918.4063327763 43.2778466566 81.5936672237
Africa/NorthernAfrica/TUN 989.8999234108 736.9560773946 10.1000765892 181.4502553816
America/NorthernAmerica/CAN 733.9688314615 704.9451932129 175.8288925737 267.2845563733
America/NorthernAmerica/MEX 733.9688314615 972.2297495862 175.8288925737 27.7702504138
America/NorthernAmerica/USA 0.0000000000 704.9451932129 733.9688314615 295.0548067871
America/SouthernAmerica/ARG 909.7977240352 704.9451932129 19.1407274927 147.7136761789
America/SouthernAmerica/CHL 909.7977240352 852.6588693917 10.1478163465 147.3411306083
America/SouthernAmerica/COL 919.9455403817 852.6588693917 8.9929111463 147.3411306083
Asia/EasternAsia/CHN 983.2590492877 130.4818288374 16.7409507123 403.2860434412
Asia/EasternAsia/JPN 854.4591386286 130.4818288374 128.7999106592 403.2860434412
Asia/EasternAsia/KOR 854.4591386286 0.0000000000 145.5408613714 130.4818288374
Asia/SouthEasternAsia/IDN 907.4052365608 533.7678722786 40.6458144524 41.4399259063
Asia/SouthEasternAsia/MYS 854.4591386286 575.2077981849 58.3424950196 129.7373950279
Asia/SouthEasternAsia/PHL 912.8016336482 575.2077981849 35.2494173650 22.0973572897
Asia/SouthEasternAsia/SGP 854.4591386286 533.7678722786 52.9460979323 41.4399259063
Asia/SouthEasternAsia/THA 912.8016336482 597.3051554747 35.2494173650 107.6400377382
Asia/WesternAsia/IND 948.0510510132 533.7678722786 51.9489489868 95.4913406545
Asia/WesternAsia/TUR 948.0510510132 629.2592129331 51.9489489868 75.6859802797
AustraliaandNewZealand/NZL 928.9384515279 704.9451932129 71.0615484721 32.0108841818
Europe/EasternEurope/BGR 707.4370181803 651.4188206599 74.6462039497 53.5263725529
Europe/EasternEurope/CZE 804.1108736301 438.4712511027 50.3482649984 212.9475695572
Europe/EasternEurope/HUN 579.9294917078 438.4712511027 30.4040051260 150.3766453782
Europe/EasternEurope/POL 610.3334968337 438.4712511027 97.1035213466 150.3766453782
Europe/EasternEurope/ROU 647.7510405872 588.8478964809 59.6859775931 116.0972967319
Europe/EasternEurope/RUS 707.4370181803 438.4712511027 96.6738554498 212.9475695572
Europe/EasternEurope/SVK 579.9294917078 588.8478964809 67.8215488794 116.0972967319
Europe/EasternEurope/UKR 782.0832221300 651.4188206599 72.3759164985 53.5263725529
Europe/NorthernEurope/DNK 306.5331851161 559.4476600485 73.6981067862 97.8915063777
Europe/NorthernEurope/EST 564.4738527037 559.4476600485 15.4556390040 103.0226640434
Europe/NorthernEurope/FIN 0.0000000000 657.3391664262 224.5570962036 47.6060267867
Europe/NorthernEurope/GBR 0.0000000000 559.4476600485 306.5331851161 97.8915063777
Europe/NorthernEurope/IRL 429.6038214552 689.8136210453 150.3256702525 15.1315721676
Europe/NorthernEurope/LTU 429.6038214552 662.4703240919 150.3256702525 27.3432969534
Europe/NorthernEurope/LVA 380.2312919022 662.4703240919 49.3725295530 42.4748691209
Europe/NorthernEurope/NOR 224.5570962036 657.3391664262 155.6741956986 47.6060267867
Europe/NorthernEurope/SWE 380.2312919022 559.4476600485 184.2425608015 103.0226640434
Europe/SouthernEurope/ESP 745.5615463965 0.0000000000 108.8975922321 347.7019853728
Europe/SouthernEurope/GRC 714.1688246413 371.3785534023 140.2903139873 54.2197838705
Europe/SouthernEurope/HRV 745.5615463965 347.7019853728 108.8975922321 23.6765680295
Europe/SouthernEurope/ITA 579.9294917078 0.0000000000 165.6320546887 371.3785534023
Europe/SouthernEurope/PRT 579.9294917078 371.3785534023 134.2393329335 67.0926977004
Europe/SouthernEurope/SVN 714.1688246413 425.5983372728 140.2903139873 12.8729138299
Europe/WesternEurope/AUS 429.5857567257 270.4939200191 59.9613824449 288.9537400294
Europe/WesternEurope/CHE 489.5471391705 270.4939200191 90.3823525372 288.9537400294
Europe/WesternEurope/DEU 0.0000000000 0.0000000000 429.5857567257 336.8468654430
Europe/WesternEurope/FRA 0.0000000000 336.8468654430 429.5857567257 222.6007946054
Europe/WesternEurope/NLD 429.5857567257 0.0000000000 150.3437349821 270.4939200191

Africa/NorthernAfrica/DZA 926.9570107756 733.4485368165 61.8862238482 176.2791505748
Africa/NorthernAfrica/EGY 966.3832831938 909.7276873913 33.6167168062 90.2723126087
Africa/NorthernAfrica/MAR 926.9570107756 909.7276873913 39.4262724182 90.2723126087
Africa/NorthernAfrica/TUN 988.8432346238 733.4485368165 11.1567653762 176.2791505748
America/NorthernAmerica/CAN 737.0560104410 700.1695531619 170.3758015971 266.2029931734
America/NorthernAmerica/MEX 737.0560104410 966.3725463353 170.3758015971 33.6274536647
America/NorthernAmerica/USA 0.0000000000 700.1695531619 737.0560104410 299.8304468381
America/SouthernAmerica/ARG 907.4318120381 700.1695531619 19.5251987375 176.0307188256
America/SouthernAmerica/CHL 907.4318120381 876.2002719875 14.9553942801 123.7997280125
America/SouthernAmerica/COL 922.3872063182 876.2002719875 4.5698044574 123.7997280125
Asia/EasternAsia/CHN 979.5302915079 123.7848780466 20.4697084921 409.5711889592
Asia/EasternAsia/JPN 838.1429270735 123.7848780466 141.3873644344 409.5711889592
Asia/EasternAsia/KOR 838.1429270735 0.0000000000 161.8570729265 123.7848780466
Asia/SouthEasternAsia/IDN 909.3040020527 533.3560670058 32.1320057481 35.8946992920
Asia/SouthEasternAsia/MYS 838.1429270735 569.2507662978 61.1791619452 130.9187868641
Asia/SouthEasternAsia/PHL 899.3220890187 569.2507662978 42.1139187821 29.0627643448
Asia/SouthEasternAsia/SGP 838.1429270735 533.3560670058 71.1610749792 35.8946992920
Asia/SouthEasternAsia/THA 899.3220890187 598.3135306426 42.1139187821 101.8560225193
Asia/WesternAsia/IND 941.4360078008 533.3560670058 58.5639921992 75.0092643234
Asia/WesternAsia/TUR 941.4360078008 608.3653313292 58.5639921992 91.8042218328
AustraliaandNewZealand/NZL 926.9570107756 700.1695531619 73.0429892244 33.2789836546
Europe/EasternEurope/BGR 675.9436161048 654.2057758975 93.5593937691 45.9637772645
Europe/EasternEurope/CZE 756.1515997870 420.8065988682 81.9913272865 233.3991770293
Europe/EasternEurope/HUN 546.6711184738 420.8065988682 23.4294457197 158.1956670209
Europe/EasternEurope/POL 570.1005641935 420.8065988682 105.8430519113 158.1956670209
Europe/EasternEurope/ROU 619.1149502505 579.0022658891 56.8286658543 121.1672872728
Europe/EasternEurope/RUS 675.9436161048 420.8065988682 80.2079836822 233.3991770293
Europe/EasternEurope/SVK 546.6711184738 579.0022658891 72.4438317767 121.1672872728
Europe/EasternEurope/UKR 769.5030098739 654.2057758975 68.6399171997 45.9637772645
Europe/NorthernEurope/DNK 314.3946586216 541.5488372932 61.4636951371 109.5346331926
Europe/NorthernEurope/EST 534.3270766253 541.5488372932 12.3440418486 109.2398950602
Europe/NorthernEurope/FIN 0.0000000000 651.0834704858 222.4539124275 49.0860826761
Europe/NorthernEurope/GBR 0.0000000000 541.5488372932 314.3946586216 109.5346331926
Europe/NorthernEurope/IRL 411.1371914973 680.0151397652 135.5339269765 20.1544133967
Europe/NorthernEurope/LTU 411.1371914973 650.7887323534 135.5339269765 29.2264074119
Europe/NorthernEurope/LVA 375.8583537588 650.7887323534 35.2788377385 49.3808208085
Europe/NorthernEurope/NOR 222.4539124275 651.0834704858 153.4044413313 49.0860826761
Europe/NorthernEurope/SWE 375.8583537588 541.5488372932 158.4687228665 109.2398950602
Europe/SouthernEurope/ESP 728.2100581529 0.0000000000 109.9328689206 336.6535879734
Europe/SouthernEurope/GRC 685.8458112029 358.8102402303 152.2971158706 49.8147392530
Europe/SouthernEurope/HRV 728.2100581529 336.6535879734 109.9328689206 22.1566522569
Europe/SouthernEurope/ITA 546.6711184738 0.0000000000 181.5389396791 358.8102402303
Europe/SouthernEurope/PRT 546.6711184738 358.8102402303 139.1746927291 61.9963586379
Europe/SouthernEurope/SVN 685.8458112029 408.6249794833 152.2971158706 12.1816193849
Europe/WesternEurope/AUS 392.0833726409 253.5355219502 54.4986442195 288.0133153430
Europe/WesternEurope/CHE 446.5820168604 253.5355219502 100.0891016134 288.0133153430
Europe/WesternEurope/DEU 0.0000000000 0.0000000000 392.0833726409 318.2536271691
Europe/WesternEurope/FRA 0.0000000000 318.2536271691 392.0833726409 223.2952101241
Europe/WesternEurope/NLD 392.0833726409 0.0000000000 154.5877458329 253.5355219502

