new standard 29
b/eslint-reporter-verbose.js 0.0000000000 702.7777777778 317.7570093458 148.6111111111
b/eslint-reporter.js 0.0000000000 851.3888888889 317.7570093458 148.6111111111
b/jscs-reporter-verbose.js 317.7570093458 702.7777777778 252.3364485981 154.1152263374
b/jscs-reporter.js 317.7570093458 856.8930041152 252.3364485981 143.1069958848
dex.js 0.0000000000 0.0000000000 675.8893280632 702.7777777778
n/cmd.js 570.0934579439 728.6231884058 429.9065420561 271.3768115942
ravis.yml 570.0934579439 702.7777777778 429.9065420561 25.8454106280
st.js 675.8893280632 0.0000000000 324.1106719368 702.7777777778

b/eslint-reporter-verbose.js 0.0000000000 742.0042643923 280.9917355372 128.9978678038
b/eslint-reporter.js 0.0000000000 871.0021321962 280.9917355372 128.9978678038
b/jscs-reporter-verbose.js 280.9917355372 742.0042643923 223.1404958678 133.7755666114
b/jscs-reporter.js 280.9917355372 875.7798310037 223.1404958678 124.2201689963
dex.js 0.0000000000 0.0000000000 663.7931034483 742.0042643923
n/cmd.js 504.1322314050 759.2039800995 495.8677685950 240.7960199005
ravis.yml 504.1322314050 742.0042643923 495.8677685950 17.1997157072
st.js 663.7931034483 0.0000000000 336.2068965517 742.0042643923

dex.js 0.0000000000 0.0000000000 518.2186234818 673.0245231608
n/cmd.js 41.6666666667 673.0245231608 958.3333333333 326.9754768392
ravis.yml 0.0000000000 673.0245231608 41.6666666667 326.9754768392
st.js 518.2186234818 0.0000000000 481.7813765182 673.0245231608

dex.js 0.0000000000 0.0000000000 560.7142857143 676.3285024155
n/cmd.js 37.3134328358 676.3285024155 962.6865671642 323.6714975845
ravis.yml 0.0000000000 676.3285024155 37.3134328358 323.6714975845
st/api.js 560.7142857143 0.0000000000 439.2857142857 109.9721142139
st/clone.js 560.7142857143 109.9721142139 439.2857142857 566.3563882016

dex.js 0.0000000000 0.0000000000 577.3195876289 684.7058823529
n/cmd.js 37.3134328358 684.7058823529 962.6865671642 315.2941176471
ravis.yml 0.0000000000 684.7058823529 37.3134328358 315.2941176471
st/api.js 577.3195876289 0.0000000000 422.6804123711 111.3342898135
st/clone.js 577.3195876289 111.3342898135 422.6804123711 573.3715925395

dex.js 0.0000000000 0.0000000000 462.3893805310 766.1016949153
n/cmd.js 36.2318840580 766.1016949153 963.7681159420 233.8983050847
ravis.yml 0.0000000000 766.1016949153 36.2318840580 233.8983050847
st/api.js 462.3893805310 0.0000000000 537.6106194690 63.0536374416
st/clone.js 462.3893805310 63.0536374416 537.6106194690 703.0480574737

dex.js 0.0000000000 0.0000000000 368.9567430025 741.5094339623
n/cmd.js 36.4963503650 741.5094339623 963.5036496350 258.4905660377
ravis.yml 0.0000000000 741.5094339623 36.4963503650 258.4905660377
st/api.js 368.9567430025 0.0000000000 631.0432569975 59.7991479002
st/clone.js 368.9567430025 59.7991479002 631.0432569975 681.7102860621

dex.js 0.0000000000 0.0000000000 23.7154150198 913.3574007220
n/cmd.js 208.3333333333 981.7594527836 791.6666666667 18.2405472164
ravis.yml 0.0000000000 913.3574007220 208.3333333333 86.6425992780
st/api.js 23.7154150198 0.0000000000 79.0513833992 913.3574007220
st/clone.js 102.7667984190 0.0000000000 897.2332015810 913.3574007220
tions.js 208.3333333333 913.3574007220 791.6666666667 68.4020520616

dex.js 0.0000000000 0.0000000000 54.5454545455 827.0676691729
n/cmd.js 173.9130434783 963.5931935101 826.0869565217 36.4068064899
ravis.yml 0.0000000000 827.0676691729 173.9130434783 172.9323308271
st/api.js 54.5454545455 0.0000000000 181.8181818182 827.0676691729
st/clone.js 236.3636363636 0.0000000000 763.6363636364 827.0676691729
tions.js 173.9130434783 827.0676691729 826.0869565217 136.5255243372

dex.js 0.0000000000 0.0000000000 49.5867768595 840.2777777778
n/cmd.js 173.9130434783 966.3742690058 826.0869565217 33.6257309942
ravis.yml 0.0000000000 840.2777777778 173.9130434783 159.7222222222
st/api.js 49.5867768595 0.0000000000 165.2892561983 840.2777777778
st/clone.js 214.8760330579 0.0000000000 785.1239669421 840.2777777778
tions.js 173.9130434783 840.2777777778 826.0869565217 126.0964912281

dex.js 0.0000000000 0.0000000000 49.5867768595 834.4827586207
n/cmd.js 208.3333333333 965.1542649728 791.6666666667 34.8457350272
ravis.yml 0.0000000000 834.4827586207 208.3333333333 165.5172413793
st/api.js 49.5867768595 0.0000000000 165.2892561983 834.4827586207
st/clone.js 214.8760330579 0.0000000000 785.1239669421 834.4827586207
tions.js 208.3333333333 834.4827586207 791.6666666667 130.6715063521

dex.js 0.0000000000 0.0000000000 49.5867768595 834.4827586207
n/cmd.js 208.3333333333 965.1542649728 791.6666666667 34.8457350272
ravis.yml 0.0000000000 834.4827586207 208.3333333333 165.5172413793
st/api.js 49.5867768595 0.0000000000 165.2892561983 834.4827586207
st/clone.js 214.8760330579 0.0000000000 785.1239669421 834.4827586207
tions.js 208.3333333333 834.4827586207 791.6666666667 130.6715063521

dex.js 0.0000000000 0.0000000000 49.5867768595 834.4827586207
n/cmd.js 208.3333333333 965.1542649728 791.6666666667 34.8457350272
ravis.yml 0.0000000000 834.4827586207 208.3333333333 165.5172413793
st/api.js 49.5867768595 0.0000000000 165.2892561983 834.4827586207
st/clone.js 214.8760330579 0.0000000000 785.1239669421 834.4827586207
tions.js 208.3333333333 834.4827586207 791.6666666667 130.6715063521

dex.js 0.0000000000 0.0000000000 34.2857142857 837.3205741627
n/cmd.js 117.6470588235 978.3094098884 882.3529411765 21.6905901116
ravis.yml 0.0000000000 837.3205741627 117.6470588235 162.6794258373
st/api.js 34.2857142857 0.0000000000 114.2857142857 837.3205741627
st/clone.js 148.5714285714 0.0000000000 851.4285714286 741.7873542918
st/cmd.js 148.5714285714 741.7873542918 851.4285714286 95.5332198709
tions.js 117.6470588235 837.3205741627 882.3529411765 140.9888357257

dex.js 0.0000000000 0.0000000000 34.2857142857 760.8695652174
n/cmd.js 851.6363636364 882.7791986360 148.3636363636 117.2208013640
n/update-authors.sh 72.7272727273 882.7791986360 778.9090909091 117.2208013640
ravis.yml 0.0000000000 760.8695652174 72.7272727273 239.1304347826
st/api.js 34.2857142857 0.0000000000 114.2857142857 760.8695652174
st/clone.js 148.5714285714 0.0000000000 851.4285714286 674.0589436825
st/cmd.js 148.5714285714 674.0589436825 851.4285714286 86.8106215349
tions.js 72.7272727273 760.8695652174 927.2727272727 121.9096334186

dex.js 0.0000000000 0.0000000000 34.2857142857 795.4545454545
n/cmd.js 854.2222222222 875.2771618625 145.7777777778 124.7228381375
n/update-authors.sh 88.8888888889 875.2771618625 765.3333333333 124.7228381375
ravis.yml 0.0000000000 795.4545454545 88.8888888889 204.5454545455
st/api.js 34.2857142857 0.0000000000 114.2857142857 795.4545454545
st/clone.js 148.5714285714 0.0000000000 851.4285714286 704.6979865772
st/cmd.js 148.5714285714 704.6979865772 851.4285714286 90.7565588774
tions.js 88.8888888889 795.4545454545 911.1111111111 79.8226164080

dex.js 0.0000000000 0.0000000000 31.9148936170 800.0000000000
n/cmd.js 860.4255319149 878.0487804878 139.5744680851 121.9512195122
n/update-authors.sh 127.6595744681 878.0487804878 732.7659574468 121.9512195122
ravis.yml 0.0000000000 800.0000000000 127.6595744681 200.0000000000
st/api.js 31.9148936170 0.0000000000 106.3829787234 800.0000000000
st/clone.js 138.2978723404 0.0000000000 861.7021276596 716.0493827160
st/cmd.js 138.2978723404 716.0493827160 861.7021276596 83.9506172840
tions.js 127.6595744681 800.0000000000 872.3404255319 78.0487804878

dex.js 0.0000000000 0.0000000000 31.9148936170 800.0000000000
n/cmd.js 860.4255319149 878.0487804878 139.5744680851 121.9512195122
n/update-authors.sh 127.6595744681 878.0487804878 732.7659574468 121.9512195122
ravis.yml 0.0000000000 800.0000000000 127.6595744681 200.0000000000
st/api.js 31.9148936170 0.0000000000 106.3829787234 800.0000000000
st/clone.js 138.2978723404 0.0000000000 861.7021276596 716.0493827160
st/cmd.js 138.2978723404 716.0493827160 861.7021276596 83.9506172840
tions.js 127.6595744681 800.0000000000 872.3404255319 78.0487804878

dex.js 0.0000000000 0.0000000000 31.9148936170 806.8669527897
n/cmd.js 854.2222222222 882.2359468230 145.7777777778 117.7640531770
n/update-authors.sh 88.8888888889 882.2359468230 765.3333333333 117.7640531770
ravis.yml 0.0000000000 806.8669527897 88.8888888889 193.1330472103
st/api.js 31.9148936170 0.0000000000 106.3829787234 806.8669527897
st/clone.js 138.2978723404 0.0000000000 861.7021276596 722.1957293488
st/cmd.js 138.2978723404 722.1957293488 861.7021276596 84.6712234409
tions.js 88.8888888889 806.8669527897 911.1111111111 75.3689940333

dex.js 0.0000000000 0.0000000000 23.1213872832 779.2792792793
n/cmd.js 724.4897959184 852.8528528529 275.5102040816 147.1471471471
n/update-authors.sh 81.6326530612 852.8528528529 642.8571428571 147.1471471471
ravis.yml 0.0000000000 779.2792792793 81.6326530612 220.7207207207
st/api.js 23.1213872832 0.0000000000 115.6069364162 779.2792792793
st/clone.js 138.7283236994 0.0000000000 861.2716763006 690.3682205696
st/cmd.js 138.7283236994 690.3682205696 861.2716763006 88.9110587097
tions.js 81.6326530612 779.2792792793 918.3673469388 73.5735735736

dex.js 0.0000000000 0.0000000000 23.1213872832 779.2792792793
n/cmd.js 724.4897959184 852.8528528529 275.5102040816 147.1471471471
n/update-authors.sh 81.6326530612 852.8528528529 642.8571428571 147.1471471471
ravis.yml 0.0000000000 779.2792792793 81.6326530612 220.7207207207
st/api.js 23.1213872832 0.0000000000 115.6069364162 779.2792792793
st/clone.js 138.7283236994 0.0000000000 861.2716763006 690.3682205696
st/cmd.js 138.7283236994 690.3682205696 861.2716763006 88.9110587097
tions.js 81.6326530612 779.2792792793 918.3673469388 73.5735735736

dex.js 0.0000000000 0.0000000000 23.1213872832 779.2792792793
n/cmd.js 724.4897959184 852.8528528529 275.5102040816 147.1471471471
n/update-authors.sh 81.6326530612 852.8528528529 642.8571428571 147.1471471471
ravis.yml 0.0000000000 779.2792792793 81.6326530612 220.7207207207
st/api.js 23.1213872832 0.0000000000 115.6069364162 779.2792792793
st/clone.js 138.7283236994 0.0000000000 861.2716763006 690.3682205696
st/cmd.js 138.7283236994 690.3682205696 861.2716763006 88.9110587097
tions.js 81.6326530612 779.2792792793 918.3673469388 73.5735735736

dex.js 0.0000000000 0.0000000000 23.1213872832 779.2792792793
n/cmd.js 724.4897959184 852.8528528529 275.5102040816 147.1471471471
n/update-authors.sh 81.6326530612 852.8528528529 642.8571428571 147.1471471471
ravis.yml 0.0000000000 779.2792792793 81.6326530612 220.7207207207
st/api.js 23.1213872832 0.0000000000 115.6069364162 779.2792792793
st/clone.js 138.7283236994 0.0000000000 861.2716763006 690.3682205696
st/cmd.js 138.7283236994 690.3682205696 861.2716763006 88.9110587097
tions.js 81.6326530612 779.2792792793 918.3673469388 73.5735735736

dex.js 0.0000000000 0.0000000000 23.1213872832 779.2792792793
n/cmd.js 724.4897959184 852.8528528529 275.5102040816 147.1471471471
n/update-authors.sh 81.6326530612 852.8528528529 642.8571428571 147.1471471471
ravis.yml 0.0000000000 779.2792792793 81.6326530612 220.7207207207
st/api.js 23.1213872832 0.0000000000 115.6069364162 779.2792792793
st/clone.js 138.7283236994 0.0000000000 861.2716763006 690.3682205696
st/cmd.js 138.7283236994 690.3682205696 861.2716763006 88.9110587097
tions.js 81.6326530612 779.2792792793 918.3673469388 73.5735735736

dex.js 0.0000000000 0.0000000000 23.3918128655 777.2727272727
n/cmd.js 724.4897959184 851.5151515152 275.5102040816 148.4848484848
n/update-authors.sh 81.6326530612 851.5151515152 642.8571428571 148.4848484848
ravis.yml 0.0000000000 777.2727272727 81.6326530612 222.7272727273
st/api.js 23.3918128655 0.0000000000 116.9590643275 777.2727272727
st/clone.js 140.3508771930 0.0000000000 859.6491228070 687.3840445269
st/cmd.js 140.3508771930 687.3840445269 859.6491228070 89.8886827458
tions.js 81.6326530612 777.2727272727 918.3673469388 74.2424242424

dex.js 0.0000000000 0.0000000000 24.0963855422 772.0930232558
n/cmd.js 752.2871217452 849.7885835095 247.7128782548 150.2114164905
n/update-authors.sh 102.0408163265 849.7885835095 650.2463054187 150.2114164905
ravis.yml 0.0000000000 772.0930232558 102.0408163265 227.9069767442
st/api.js 24.0963855422 0.0000000000 120.4819277108 772.0930232558
st/clone.js 144.5783132530 0.0000000000 855.4216867470 679.6593514576
st/cmd.js 144.5783132530 679.6593514576 855.4216867470 92.4336717982
tions.js 102.0408163265 772.0930232558 897.9591836735 77.6955602537

dex.js 0.0000000000 0.0000000000 24.0963855422 772.0930232558
n/cmd.js 752.2871217452 849.7885835095 247.7128782548 150.2114164905
n/update-authors.sh 102.0408163265 849.7885835095 650.2463054187 150.2114164905
ravis.yml 0.0000000000 772.0930232558 102.0408163265 227.9069767442
st/api.js 24.0963855422 0.0000000000 120.4819277108 772.0930232558
st/clone.js 144.5783132530 0.0000000000 855.4216867470 679.6593514576
st/cmd.js 144.5783132530 679.6593514576 855.4216867470 92.4336717982
tions.js 102.0408163265 772.0930232558 897.9591836735 77.6955602537

dex.js 0.0000000000 0.0000000000 24.0963855422 761.4678899083
n/cmd.js 774.0384615385 837.5951590865 225.9615384615 162.4048409135
n/update-authors.sh 96.1538461538 837.5951590865 677.8846153846 162.4048409135
ravis.yml 0.0000000000 761.4678899083 96.1538461538 238.5321100917
st/api.js 24.0963855422 0.0000000000 120.4819277108 761.4678899083
st/clone.js 144.5783132530 0.0000000000 855.4216867470 670.3062411164
st/cmd.js 144.5783132530 670.3062411164 855.4216867470 91.1616487918
tions.js 96.1538461538 761.4678899083 903.8461538462 76.1272691782

dex.js 0.0000000000 0.0000000000 24.0963855422 761.4678899083
n/cmd.js 774.0384615385 837.5951590865 225.9615384615 162.4048409135
n/update-authors.sh 96.1538461538 837.5951590865 677.8846153846 162.4048409135
ravis.yml 0.0000000000 761.4678899083 96.1538461538 238.5321100917
st/api.js 24.0963855422 0.0000000000 120.4819277108 761.4678899083
st/clone.js 144.5783132530 0.0000000000 855.4216867470 670.3062411164
st/cmd.js 144.5783132530 670.3062411164 855.4216867470 91.1616487918
tions.js 96.1538461538 761.4678899083 903.8461538462 76.1272691782

