new names 21
Amber 547.9296758827 795.0345613911 96.6761575482 103.2390493362
Anne 407.9009813174 898.2736107273 139.9110464165 101.7263892727
Anouk 833.9819476310 821.8012475302 83.0090261845 91.1212985398
Bas 547.8120277340 898.2736107273 96.7938056970 101.7263892727
Bram 390.6687952904 0.0000000000 153.8046220644 212.4281112595
Charlotte 735.0406419299 617.9116501813 90.0062075108 104.4252074013
Cornelis 743.5188169633 821.8012475302 90.4631306677 90.0447277069
Daan 232.4396567008 0.0000000000 158.2291385896 212.4281112595
Daniël 432.7687723161 359.8798994936 111.7046450387 123.4064894593
David 665.7943593282 408.0437403725 112.6269331023 113.2559732058
Dylan 464.6843851843 483.2863889529 79.7890321705 134.6252612283
Eline 337.0219337115 359.8798994936 95.7468386046 123.4064894593
Emma 544.4734173548 0.0000000000 205.8809043162 152.1740107942
Eva 0.0000000000 159.0480454691 125.2455293057 200.8318540245
Femke 544.4734173548 408.0437403725 121.3209419734 113.2559732058
Fleur 875.4253175734 227.6869728792 124.5746824266 180.3567674933
Floris 365.6388243726 706.7939806253 164.8441417163 88.2405807658
Gijs 227.6252547501 795.0345613911 180.2757265673 103.0313419988
Ilse 833.9819476310 912.9225460700 84.2939956301 87.0774539300
Iris 544.4734173548 521.2997135783 117.6688322163 96.6119366029
Jan 365.6388243726 617.9116501813 171.2071896748 88.8823304441
Jasper 644.6058334309 722.3368575826 92.6953847831 99.4643899476
Jelle 825.0468494406 725.1007860523 88.8650923476 96.7004614779
Jesse 0.0000000000 674.2188645258 197.4523742559 120.8156968653
Johanna 916.9909738155 821.8012475302 83.0090261845 91.1212985398
Johannes 644.6058334309 821.8012475302 98.9129835323 90.0447277069
Joris 737.3012182140 722.3368575826 87.7456312267 99.4643899476
Julia 881.0743028432 0.0000000000 118.9256971568 227.6869728792
Koen 890.3297305969 517.9264573465 109.6702694031 99.9851928348
Lars 390.2777457476 212.4281112595 154.1956716072 147.4517882341
Lieke 178.9909183976 483.3845459885 158.0310153139 134.5271041928
Lisa 232.4396567008 212.4281112595 157.8380890468 147.4517882341
Lotte 0.0000000000 795.0345613911 227.6252547501 103.0313419988
Lucas 633.3328051140 152.1740107942 117.0215165569 255.8697295783
Luuk 750.3543216710 0.0000000000 130.7199811723 227.6869728792
Maria 644.6058334309 911.8459752371 100.5267308622 88.1540247629
Maud 196.4149334103 359.8798994936 140.6070003011 123.5046464949
Max 750.3543216710 227.6869728792 125.0709959024 180.3567674933
Merel 918.2759432611 912.9225460700 81.7240567389 87.0774539300
Mohamed 536.8460140474 617.9116501813 107.7598193835 88.8823304441
Naomi 778.4212924305 408.0437403725 113.2332365888 109.8827169740
Nick 745.1325642932 911.8459752371 88.8493833378 88.1540247629
Niels 912.7321993630 617.9116501813 87.2678006370 107.1891358709
Nikki 825.0468494407 617.9116501813 87.6853499223 107.1891358709
Nina 407.9009813174 795.0345613911 140.0286945653 103.2390493362
Pieter 644.6058334309 617.9116501813 90.4348084989 104.4252074013
Robin 913.9119417883 725.1007860523 86.0880582117 96.7004614779
Roos 197.4523742559 674.2188645258 168.1864501167 120.8156968653
Ruben 544.4734173548 152.1740107942 88.8593877592 255.8697295783
Sanne 337.0219337115 483.2863889529 127.6624514728 134.6252612283
Sarah 125.2455293057 159.0480454691 107.1941273951 200.8318540245
Sophie 0.0000000000 0.0000000000 232.4396567008 159.0480454691
Stijn 0.0000000000 617.9116501813 365.6388243726 56.3072143445
Sven 229.6363974478 898.0659033899 178.2645838696 101.9340966101
Tessa 530.4829660889 706.7939806253 114.1228673420 88.2405807658
Thijs 0.0000000000 483.3845459885 178.9909183976 134.5271041928
Thomas 0.0000000000 898.0659033899 229.6363974478 101.9340966101
Tim 0.0000000000 359.8798994936 196.4149334103 123.5046464949
Tom 662.1422495711 521.2997135783 116.2790428594 96.6119366029
Vera 891.6545290193 408.0437403725 108.3454709807 109.8827169740
Willem 778.4212924305 517.9264573465 111.9084381664 99.9851928348

Amber 535.9052834326 790.0344966011 100.3001125639 105.1659676710
Anne 400.2534918502 895.2004642721 145.6136751113 104.7995357279
Anouk 834.9680981216 809.0382262149 90.7675460331 99.5411166507
Bas 545.8671669615 895.2004642721 90.3382290350 104.7995357279
Bram 372.5352306156 0.0000000000 166.1304795709 194.1227008566
Charlotte 729.1101485062 602.6283935674 88.2595148842 111.6760713053
Cornelis 750.5552962315 809.0382262149 84.4128018902 88.0860118257
Daan 211.3040413270 0.0000000000 161.2311892886 194.1227008566
Daniël 431.4078304975 338.5922482968 107.2578796891 115.6749993348
David 669.4042354175 388.9769027675 115.7111085378 115.0700968511
Dylan 461.4487836957 454.2672476316 77.2169264908 148.3611459358
Eline 334.9878550278 338.5922482968 96.4199754696 115.6749993348
Emma 538.6657101865 0.0000000000 210.6067162603 135.2695403292
Eva 0.0000000000 144.6433350730 120.1401669570 193.9489132238
Femke 538.6657101865 388.9769027675 130.7385252310 115.0700968511
Fleur 870.0215953053 220.3512773657 129.9784046947 168.6256254019
Floris 366.7754095847 693.6037877627 143.0085951171 96.4307088384
Gijs 233.8367948123 790.0344966011 166.4166970379 101.3105155289
Ilse 834.9680981216 908.5793428656 78.4965493175 91.4206571344
Iris 538.6657101865 504.0469996187 130.6796990447 98.5813939487
Jan 366.7754095847 602.6283935674 163.4636954598 90.9753941953
Jasper 636.2053959965 714.3044648726 103.5876289632 94.7337613423
Jelle 817.3696633903 708.4371036516 94.9677750370 100.6011225633
Jesse 0.0000000000 664.6256326842 217.5143641428 125.4088639169
Johanna 925.7356441547 809.0382262149 74.2643558453 99.5411166507
Johannes 636.2053959965 809.0382262149 114.3499002349 88.0860118257
Joris 739.7930249597 714.3044648726 77.5766384306 94.7337613423
Julia 878.1675874988 0.0000000000 121.8324125012 220.3512773657
Koen 895.8258796741 496.8085403087 104.1741203259 105.8198532587
Lars 383.6626530849 194.1227008566 155.0030571017 144.4695474402
Lieke 184.2904132159 464.9321242596 150.6974418120 137.6962693078
Lisa 211.3040413270 194.1227008566 172.3586117578 144.4695474402
Lotte 0.0000000000 790.0344966011 233.8367948123 101.3105155289
Lucas 631.0191407796 135.2695403292 118.2532856672 253.7073624384
Luuk 749.2724264468 0.0000000000 128.8951610520 220.3512773657
Maria 636.2053959965 897.1242380406 90.3466827841 102.8757619594
Maud 199.8293231218 338.5922482968 135.1585319060 126.3398759628
Max 749.2724264468 220.3512773657 120.7491688584 168.6256254019
Merel 913.4646474391 908.5793428656 86.5353525609 91.4206571344
Mohamed 530.2391050444 602.6283935674 105.9662909521 90.9753941953
Naomi 785.1153439553 388.9769027675 118.6676458754 107.8316375411
Nick 726.5520787807 897.1242380406 108.4160193410 102.8757619594
Niels 908.8891161880 602.6283935674 91.1108838120 105.8087100843
Nikki 817.3696633903 602.6283935674 91.5194527977 105.8087100843
Nina 400.2534918502 790.0344966011 135.6517915824 105.1659676710
Pieter 636.2053959965 602.6283935674 92.9047525096 111.6760713053
Robin 912.3374384273 708.4371036516 87.6625615727 100.6011225633
Roos 217.5143641428 664.6256326842 149.2610454419 125.4088639169
Ruben 538.6657101865 135.2695403292 92.3534305931 253.7073624384
Sanne 334.9878550278 454.2672476316 126.4609286679 148.3611459358
Sarah 120.1401669570 144.6433350730 91.1638743700 193.9489132238
Sophie 0.0000000000 0.0000000000 211.3040413270 144.6433350730
Stijn 0.0000000000 602.6283935674 366.7754095847 61.9972391168
Sven 232.7517820401 891.3450121300 167.5017098101 108.6549878700
Tessa 509.7840047018 693.6037877627 126.4213912948 96.4307088384
Thijs 0.0000000000 464.9321242596 184.2904132159 137.6962693078
Thomas 0.0000000000 891.3450121300 232.7517820401 108.6549878700
Tim 0.0000000000 338.5922482968 199.8293231218 126.3398759628
Tom 669.3454092312 504.0469996187 115.7699347241 98.5813939487
Vera 903.7829898307 388.9769027675 96.2170101693 107.8316375411
Willem 785.1153439553 496.8085403087 110.7105357188 105.8198532587

Amber 518.4014711326 781.2047552766 102.7452303434 111.3710696671
Anne 386.3521434025 892.5758249436 144.4024039270 107.4241750564
Anouk 824.7451902888 813.7780824983 103.1384627266 100.0080668065
Bas 530.7545473295 892.5758249436 90.3921541465 107.4241750564
Bram 379.8717828980 0.0000000000 170.4646908571 197.3639194518
Charlotte 709.0650945273 598.7348402434 102.8198156023 108.1553438453
Cornelis 740.8263752278 813.7780824983 83.9188150610 84.5024003966
Daan 203.4867614602 0.0000000000 176.3850214377 197.3639194518
Daniël 439.4797792200 336.4131316848 110.8566945351 111.9449515111
David 691.4069436533 383.4161001798 105.1872082284 114.5312447147
Dylan 466.7396840037 448.3580831959 83.5967897514 150.3767570475
Eline 345.8994526644 336.4131316848 93.5803265556 111.9449515111
Emma 550.3364737550 0.0000000000 210.8027655170 124.4286546446
Eva 0.0000000000 130.2883111528 112.7875709535 206.1248205320
Femke 550.3364737550 383.4161001798 141.0704698983 114.5312447147
Fleur 874.6388023054 210.1788213040 125.3611976946 173.2372788758
Floris 363.4580414609 690.3606930364 150.7988716095 90.8440622402
Gijs 216.3120569196 781.2047552766 170.0400864829 107.1032966306
Ilse 824.7451902888 913.7861493048 88.3284240945 86.2138506952
Iris 550.3364737550 497.9473448945 119.9306873993 100.7874953489
Jan 363.4580414609 598.7348402434 149.9519335583 91.6258527930
Jasper 621.1467014761 706.8901840887 105.5468348280 106.8878984096
Jelle 811.8849101296 711.1827507850 92.2902841744 102.5953317133
Jesse 0.0000000000 666.9116310972 204.8197110464 114.2931241794
Johanna 927.8836530154 813.7780824983 72.1163469846 100.0080668065
Johannes 621.1467014761 813.7780824983 119.6796737517 84.5024003966
Joris 726.6935363041 706.8901840887 85.1913738255 106.8878984096
Julia 891.1132326698 0.0000000000 108.8867673302 210.1788213040
Koen 900.3274428458 489.5898303307 99.6725571542 109.1450099126
Lars 377.6360322114 197.3639194518 172.7004415436 139.0492122330
Lieke 194.7501120043 460.1190173372 151.1493406601 138.6158229062
Lisa 203.4867614602 197.3639194518 174.1492707512 139.0492122330
Lotte 0.0000000000 781.2047552766 216.3120569196 107.1032966306
Lucas 640.2582438428 124.4286546446 120.8809954293 258.9874455352
Luuk 761.1392392721 0.0000000000 129.9739933977 210.1788213040
Maria 621.1467014761 898.2804828949 90.7082761442 101.7195171051
Maud 208.4516475567 336.4131316848 137.4478051077 123.7058856524
Max 761.1392392721 210.1788213040 113.4995630333 173.2372788758
Merel 913.0736143832 913.7861493048 86.9263856168 86.2138506952
Mohamed 513.4099750192 598.7348402434 107.7367264568 91.6258527930
Naomi 796.5941518817 383.4161001798 108.1542289435 106.1737301509
Nick 711.8549776202 898.2804828949 112.8902126685 101.7195171051
Niels 901.4635243536 598.7348402434 98.5364756464 112.4479105417
Nikki 811.8849101296 598.7348402434 89.5786142240 112.4479105417
Nina 386.3521434025 781.2047552766 132.0493277301 111.3710696671
Pieter 621.1467014761 598.7348402434 87.9183930512 108.1553438453
Robin 904.1751943040 711.1827507850 95.8248056960 102.5953317133
Roos 204.8197110464 666.9116310972 158.6383304146 114.2931241794
Ruben 550.3364737550 124.4286546446 89.9217700877 258.9874455352
Sanne 345.8994526644 448.3580831959 120.8402313393 150.3767570475
Sarah 112.7875709535 130.2883111528 90.6991905068 206.1248205320
Sophie 0.0000000000 0.0000000000 203.4867614602 130.2883111528
Stijn 0.0000000000 598.7348402434 363.4580414609 68.1767908538
Sven 212.1149022602 888.3080519072 174.2372411423 111.6919480928
Tessa 514.2569130705 690.3606930364 106.8897884056 90.8440622402
Thijs 0.0000000000 460.1190173372 194.7501120043 138.6158229062
Thomas 0.0000000000 888.3080519072 212.1149022602 111.6919480928
Tim 0.0000000000 336.4131316848 208.4516475567 123.7058856524
Tom 670.2671611544 497.9473448945 126.3269907273 100.7874953489
Vera 904.7483808252 383.4161001798 95.2516191748 106.1737301509
Willem 796.5941518817 489.5898303307 103.7332909641 109.1450099126

Amber 499.9749182154 780.9351206215 118.0965957105 108.2147562043
Anne 388.5168885359 889.1498768257 147.0104658887 110.8501231743
Anouk 828.9417553643 801.5096080277 105.5875468764 117.8122259702
Bas 535.5273544246 889.1498768257 82.5441595013 110.8501231743
Bram 401.2119826754 0.0000000000 140.6339933025 170.9912828908
Charlotte 697.1553209031 588.6645493043 109.3934598715 108.5289130720
Cornelis 740.7205319054 801.5096080277 88.2212234589 87.8593424268
Daan 209.7197842479 0.0000000000 191.4921984276 170.9912828908
Daniël 428.4494101883 315.6849716753 113.3965657896 120.3689476159
David 683.1539093273 370.3808351714 104.8307691592 115.0559478434
Dylan 464.7941797237 436.0539192912 77.0517962542 152.6106300131
Eline 330.7587399374 315.6849716753 97.6906702509 120.3689476159
Emma 541.8459759779 0.0000000000 211.8247771493 126.9112162925
Eva 0.0000000000 124.3989894094 118.5974274729 191.2859822658
Femke 541.8459759779 370.3808351714 141.3079333494 115.0559478434
Fleur 864.2527431280 214.1240219909 135.7472568720 156.2568131805
Floris 359.4765279849 687.3585688017 152.3286089059 93.5765518198
Gijs 220.5569701165 780.9351206215 167.9599184194 107.8293586634
Ilse 828.9417553643 919.3218339979 88.5753650305 80.6781660021
Iris 541.8459759779 485.4367830149 127.8309630588 103.2277662894
Jan 359.4765279849 588.6645493043 160.5204431249 98.6940194974
Jasper 618.0715139259 697.1934623763 118.1607480628 104.3161456514
Jelle 806.5487807746 704.5664040545 88.5351346052 96.9432039732
Jesse 0.0000000000 660.3978806163 210.4788396840 120.5372400052
Johanna 934.5293022408 801.5096080277 65.4706977592 117.8122259702
Johannes 618.0715139259 801.5096080277 122.6490179795 87.8593424268
Joris 736.2322619887 697.1934623763 70.3165187858 104.3161456514
Julia 884.6931912488 0.0000000000 115.3068087512 214.1240219909
Koen 884.8658518934 480.9493831799 115.1341481066 107.7151661244
Lars 371.2099388420 170.9912828908 170.6360371359 144.6936887844
Lieke 171.0377620983 441.6579593416 159.7209778391 147.0065899627
Lisa 209.7197842479 170.9912828908 161.4901545942 144.6936887844
Lotte 0.0000000000 780.9351206215 220.5569701165 107.8293586634
Lucas 645.2736164335 126.9112162925 108.3971366937 243.4696188789
Luuk 753.6707531272 0.0000000000 131.0224381216 214.1240219909
Maria 618.0715139259 889.3689504545 86.8088190038 110.6310495455
Maud 200.1960794358 315.6849716753 130.5626605016 125.9729876663
Max 753.6707531272 214.1240219909 110.5819900009 156.2568131805
Merel 917.5171203949 919.3218339979 82.4828796051 80.6781660021
Mohamed 519.9969711098 588.6645493043 98.0745428161 98.6940194974
Naomi 787.9846784866 370.3808351714 120.3699889883 110.5685480085
Nick 704.8803329297 889.3689504545 124.0614224346 110.6310495455
Niels 894.3032124299 588.6645493043 105.6967875701 115.9018547502
Nikki 806.5487807746 588.6645493043 87.7544316554 115.9018547502
Nina 388.5168885359 780.9351206215 111.4580296795 108.2147562043
Pieter 618.0715139259 588.6645493043 79.0838069772 108.5289130720
Robin 895.0839153798 704.5664040545 104.9160846202 96.9432039732
Roos 210.4788396840 660.3978806163 148.9976883009 120.5372400052
Ruben 541.8459759779 126.9112162925 103.4276404556 243.4696188789
Sanne 330.7587399374 436.0539192912 134.0354397863 152.6106300131
Sarah 118.5974274729 124.3989894094 91.1223567750 191.2859822658
Sophie 0.0000000000 0.0000000000 209.7197842479 124.3989894094
Stijn 0.0000000000 588.6645493043 359.4765279849 71.7333313120
Sven 226.3799193044 888.7644792849 162.1369692315 111.2355207151
Tessa 511.8051368908 687.3585688017 106.2663770351 93.5765518198
Thijs 0.0000000000 441.6579593416 171.0377620983 147.0065899627
Thomas 0.0000000000 888.7644792849 226.3799193044 111.2355207151
Tim 0.0000000000 315.6849716753 200.1960794358 125.9729876663
Tom 669.6769390367 485.4367830149 118.3077394498 103.2277662894
Vera 908.3546674748 370.3808351714 91.6453325252 110.5685480085
Willem 787.9846784866 480.9493831799 96.8811734068 107.7151661244

Amber 478.5697826926 771.8995580561 114.6219935124 108.3594033842
Anne 364.9330785227 880.2589614402 141.7700505136 119.7410385598
Anouk 805.1284015921 806.0520895273 130.0235707024 108.6619649070
Bas 506.7031290363 880.2589614402 86.4886471687 119.7410385598
Bram 399.0745448969 0.0000000000 139.9557058578 158.9273142128
Charlotte 674.8984023001 577.6362148119 95.6000604919 107.5842784248
Cornelis 724.1063516453 806.0520895273 81.0220499468 83.4563735973
Daan 217.2440918465 0.0000000000 181.8304530504 158.9273142128
Daniël 431.4372254815 300.9333486242 107.5930252733 122.3845909664
David 674.6870423982 355.0586677252 107.6994200635 112.0199744208
Dylan 466.6164365970 423.3179395906 72.4138141577 154.3182752213
Eline 326.1705358898 300.9333486242 105.2666895917 122.3845909664
Emma 539.0302507547 0.0000000000 216.4021936553 113.1451428416
Eva 0.0000000000 127.9417230678 133.5145981140 172.9916255564
Femke 539.0302507547 355.0586677252 135.6567916435 112.0199744208
Fleur 866.1314432560 202.9946071626 133.8685567440 152.0640605626
Floris 344.5934932185 668.6837360376 129.6434873827 103.2158220185
Gijs 213.8501531879 771.8995580561 151.0829253348 112.8312147623
Ilse 805.1284015921 914.7140544343 107.2419717149 85.2859455657
Iris 539.0302507547 467.0786421460 129.7255996269 110.5575726659
Jan 344.5934932185 577.6362148119 152.8332211442 91.0475212257
Jasper 593.1917762049 685.2204932368 111.0375761517 120.8315962906
Jelle 770.4984627920 679.6712762938 77.7207659747 126.3808132336
Jesse 0.0000000000 648.5872604306 199.1369433172 123.3122976255
Johanna 935.1519722945 806.0520895273 64.8480277055 108.6619649070
Johannes 593.1917762049 806.0520895273 130.9145754404 83.4563735973
Joris 704.2293523566 685.2204932368 66.2691104354 120.8315962906
Julia 877.6285635829 0.0000000000 122.3714364171 202.9946071626
Koen 887.1870909964 466.5927508355 112.8129090036 111.0434639764
Lars 378.1371713006 158.9273142128 160.8930794541 142.0060344114
Lieke 169.7740746093 431.3197544185 156.3964612805 146.3164603935
Lisa 217.2440918465 158.9273142128 160.8930794541 142.0060344114
Lotte 0.0000000000 771.8995580561 213.8501531879 112.8312147623
Lucas 636.7128181151 113.1451428416 118.7196262949 241.9135248836
Luuk 755.4324444100 0.0000000000 122.1961191729 202.9946071626
Maria 593.1917762049 889.5084631247 85.3544159994 110.4915368753
Maud 197.8858899750 300.9333486242 128.2846459148 130.3864057943
Max 755.4324444100 202.9946071626 110.6989988460 152.0640605626
Merel 912.3703733069 914.7140544343 87.6296266931 85.2859455657
Mohamed 497.4267143627 577.6362148119 95.7650618423 91.0475212257
Naomi 782.3864624617 355.0586677252 125.7180847362 111.5340831103
Nick 678.5461922043 889.5084631247 126.5822093878 110.4915368753
Niels 873.3904893518 577.6362148119 126.6095106482 102.0350614818
Nikki 770.4984627920 577.6362148119 102.8920265598 102.0350614818
Nina 364.9330785227 771.8995580561 113.6367041699 108.3594033842
Pieter 593.1917762049 577.6362148119 81.7066260952 107.5842784248
Robin 848.2192287667 679.6712762938 151.7807712333 126.3808132336
Roos 199.1369433172 648.5872604306 145.4565499013 123.3122976255
Ruben 539.0302507547 113.1451428416 97.6825673604 241.9135248836
Sanne 326.1705358898 423.3179395906 140.4459007072 154.3182752213
Sarah 133.5145981140 127.9417230678 83.7294937325 172.9916255564
Sophie 0.0000000000 0.0000000000 217.2440918465 127.9417230678
Stijn 0.0000000000 577.6362148119 344.5934932185 70.9510456187
Sven 213.0320001528 884.7307728184 151.9010783699 115.2692271816
Tessa 474.2369806011 668.6837360376 118.9547956038 103.2158220185
Thijs 0.0000000000 431.3197544185 169.7740746093 146.3164603935
Thomas 0.0000000000 884.7307728184 213.0320001528 115.2692271816
Tim 0.0000000000 300.9333486242 197.8858899750 130.3864057943
Tom 668.7558503816 467.0786421460 113.6306120801 110.5575726659
Vera 908.1045471979 355.0586677252 91.8954528021 111.5340831103
Willem 782.3864624617 466.5927508355 104.8006285346 111.0434639764

Amber 456.5862535557 758.7436429439 130.3890988343 121.7729299257
Anne 349.8789354926 880.5165728696 150.7762842784 119.4834271304
Anouk 801.5462966351 791.6033736237 129.0238362984 117.2765264103
Bas 500.6552197710 880.5165728696 86.3201326189 119.4834271304
Bram 397.4288611107 0.0000000000 138.6941717934 157.5338337191
Charlotte 674.2018459563 569.1603053435 81.1557852229 106.1843269780
Cornelis 716.2945011289 791.6033736237 85.2517955062 82.3783325812
Daan 203.1708751516 0.0000000000 194.2579859591 157.5338337191
Daniël 425.5210436563 295.4014126466 110.6019892478 114.7241504416
David 687.4256874661 348.7222225492 96.7961081980 108.3045667327
Dylan 461.6704782925 410.1255630882 74.4525546116 159.0347422554
Eline 325.5652351917 295.4014126466 99.9558084646 114.7241504416
Emma 536.1230329041 0.0000000000 233.2032487686 113.1856024795
Eva 0.0000000000 126.5767500204 119.5713854749 168.8246626262
Femke 536.1230329041 348.7222225492 151.3026545619 108.3045667327
Fleur 879.6583856064 199.5850088567 120.3416143936 149.1372136925
Floris 332.3211065208 664.0185881063 122.4919157345 94.7250548376
Gijs 207.4057113100 758.7436429439 142.4732241826 107.6344679792
Ilse 801.5462966351 908.8799000340 110.9553538513 91.1200999660
Iris 536.1230329041 457.0267892819 121.9314651125 112.1335160616
Jan 332.3211065208 569.1603053435 148.4290899378 94.8582827628
Jasper 586.9753523900 675.3446323215 110.3093611479 116.2587413023
Jelle 755.3576311793 677.1921944896 89.2573975940 114.4111791342
Jesse 0.0000000000 636.9488547063 195.8271063572 121.7947882376
Johanna 930.5701329336 791.6033736237 69.4298670664 117.2765264103
Johannes 586.9753523900 791.6033736237 129.3191487389 82.3783325812
Joris 697.2847135379 675.3446323215 58.0729176414 116.2587413023
Julia 878.2885907721 0.0000000000 121.7114092279 199.5850088567
Koen 885.3309815756 454.0670980643 114.6690184244 115.0932072792
Lars 355.9892712819 157.5338337191 180.1337616222 137.8675789275
Lieke 163.7154692726 423.6835584060 161.8497659191 145.4767469375
Lisa 203.1708751516 157.5338337191 152.8183961303 137.8675789275
Lotte 0.0000000000 758.7436429439 207.4057113100 107.6344679792
Lucas 652.5085949826 113.1856024795 116.8176866901 235.5366200697
Luuk 769.3262816728 0.0000000000 108.9623090993 199.5850088567
Maria 586.9753523900 873.9817062049 86.6898921543 126.0182937951
Maud 199.4120124570 295.4014126466 126.1532227347 128.2821457594
Max 769.3262816728 199.5850088567 110.3321039336 149.1372136925
Merel 912.5016504864 908.8799000340 87.4983495136 91.1200999660
Mohamed 480.7501964586 569.1603053435 106.2251559314 94.8582827628
Naomi 784.2217956641 348.7222225492 126.8904664304 105.3448755151
Nick 673.6652445442 873.9817062049 127.8810520909 126.0182937951
Niels 879.7201190522 569.1603053435 120.2798809478 108.0318891461
Nikki 755.3576311793 569.1603053435 124.3624878729 108.0318891461
Nina 349.8789354926 758.7436429439 106.7073180631 121.7729299257
Pieter 586.9753523900 569.1603053435 87.2264935664 106.1843269780
Robin 844.6150287733 677.1921944896 155.3849712267 114.4111791342
Roos 195.8271063572 636.9488547063 136.4940001636 121.7947882376
Ruben 536.1230329041 113.1856024795 116.3855620785 235.5366200697
Sanne 325.5652351917 410.1255630882 136.1052431009 159.0347422554
Sarah 119.5713854749 126.5767500204 83.5994896766 168.8246626262
Sophie 0.0000000000 0.0000000000 203.1708751516 126.5767500204
Stijn 0.0000000000 569.1603053435 332.3211065208 67.7885493628
Sven 190.4275773726 866.3781109231 159.4513581200 133.6218890769
Tessa 454.8130222553 664.0185881063 132.1623301346 94.7250548376
Thijs 0.0000000000 423.6835584060 163.7154692726 145.4767469375
Thomas 0.0000000000 866.3781109231 190.4275773726 133.6218890769
Tim 0.0000000000 295.4014126466 199.4120124570 128.2821457594
Tom 658.0544980167 457.0267892819 126.1672976474 112.1335160616
Vera 911.1122620945 348.7222225492 88.8877379055 105.3448755151
Willem 784.2217956641 454.0670980643 101.1091859115 115.0932072792

Amber 468.9238218368 756.1237815979 128.3208483702 122.6193276882
Anne 352.0455968881 878.7431092861 155.6600858710 121.2568907139
Anouk 805.7224387477 785.9171124305 132.3885874462 124.1508793777
Bas 507.7056827591 878.7431092861 89.5389874479 121.2568907139
Bram 419.0193240731 0.0000000000 134.9031126189 148.0861558262
Charlotte 684.4771667297 565.9450791742 89.8462042837 102.2511509648
Cornelis 714.8073216397 785.9171124305 90.9151171079 85.2485749903
Daan 213.2807978049 0.0000000000 205.7385262683 148.0861558262
Daniël 433.9863099526 274.8910561462 119.9361267395 122.5569382313
David 695.6957812836 332.3626123296 100.5015487216 106.0359604507
Dylan 470.2552232021 397.4479943775 83.6672134899 168.4970847967
Eline 330.6776916929 274.8910561462 103.3086182597 122.5569382313
Emma 553.9224366920 0.0000000000 210.9771981486 105.1399593077
Eva 0.0000000000 125.6197305010 135.6224170721 149.2713256452
Femke 553.9224366920 332.3626123296 141.7733445916 106.0359604507
Fleur 879.0126775788 186.5720863569 120.9873224212 145.7905259727
Floris 336.2136172871 659.1147261220 128.4493175978 97.0090554759
Gijs 201.3475705115 756.1237815979 150.6980263766 106.8500474400
Ilse 805.7224387477 910.0679918081 111.0688160888 89.9320081919
Iris 553.9224366920 438.3985727803 132.7928334160 127.5465063939
Jan 336.2136172871 565.9450791742 166.7299994612 93.1696469478
Jasper 597.2446702070 668.1962301389 112.0930878502 117.7208822915
Jelle 774.3233710134 692.8064738583 111.5825621857 93.1106385721
Jesse 0.0000000000 633.4118184352 209.8953027760 122.7119631626
Johanna 938.1110261939 785.9171124305 61.8889738061 124.1508793777
Johannes 597.2446702070 785.9171124305 117.5626514327 85.2485749903
Joris 709.3377580572 668.1962301389 64.9856129562 117.7208822915
Julia 873.2284398074 0.0000000000 126.7715601926 186.5720863569
Koen 891.1299285447 438.9090007149 108.8700714553 127.0360784593
Lars 359.7593370325 148.0861558262 194.1630996596 126.8049003200
Lieke 172.4892284013 414.1039835091 158.1884632915 151.8410956651
Lisa 213.2807978049 148.0861558262 146.4785392276 126.8049003200
Lotte 0.0000000000 756.1237815979 201.3475705115 106.8500474400
Lucas 663.3071303663 105.1399593077 101.5925044743 227.2226530219
Luuk 764.8996348406 0.0000000000 108.3288049668 186.5720863569
Maria 597.2446702070 871.1656874207 76.4937086063 128.8343125793
Maud 199.1745167671 274.8910561462 131.5031749258 139.2129273629
Max 764.8996348406 186.5720863569 114.1130427382 145.7905259727
Merel 916.7912548365 910.0679918081 83.2087451635 89.9320081919
Mohamed 502.9436167483 565.9450791742 94.3010534587 93.1696469478
Naomi 796.1973300052 332.3626123296 123.5357722738 106.5463883852
Nick 673.7383788134 871.1656874207 131.9840599343 128.8343125793
Niels 883.3433528109 565.9450791742 116.6566471891 126.8613946841
Nikki 774.3233710134 565.9450791742 109.0199817975 126.8613946841
Nina 352.0455968881 756.1237815979 116.8782249487 122.6193276882
Pieter 597.2446702070 565.9450791742 87.2324965227 102.2511509648
Robin 885.9059331992 692.8064738583 114.0940668008 93.1106385721
Roos 209.8953027760 633.4118184352 126.3183145111 122.7119631626
Ruben 553.9224366920 105.1399593077 109.3846936742 227.2226530219
Sanne 330.6776916929 397.4479943775 139.5775315093 168.4970847967
Sarah 135.6224170721 125.6197305010 77.6583807327 149.2713256452
Sophie 0.0000000000 0.0000000000 213.2807978049 125.6197305010
Stijn 0.0000000000 565.9450791742 336.2136172871 67.4667392611
Sven 190.6507318327 862.9738290379 161.3948650553 137.0261709621
Tessa 464.6629348849 659.1147261220 132.5817353221 97.0090554759
Thijs 0.0000000000 414.1039835091 172.4892284013 151.8410956651
Thomas 0.0000000000 862.9738290379 190.6507318327 137.0261709621
Tim 0.0000000000 274.8910561462 199.1745167671 139.2129273629
Tom 686.7152701080 438.3985727803 109.4820598972 127.5465063939
Vera 919.7331022790 332.3626123296 80.2668977210 106.5463883852
Willem 796.1973300052 438.9090007149 94.9325985395 127.0360784593

Amber 458.2237851720 754.4301217148 123.1838571781 120.6666980747
Anne 353.2689292804 875.0968197895 138.7510301710 124.9031802105
Anouk 793.8926518446 785.7460824302 136.0197687423 120.3055959788
Bas 492.0199594515 875.0968197895 89.3876828986 124.9031802105
Bram 394.9936859105 0.0000000000 141.7837405645 142.6818166350
Charlotte 671.5576262505 558.6735544076 95.6627527001 102.7745328254
Cornelis 704.3328544544 785.7460824302 89.5597973903 94.8928405049
Daan 201.1213553198 0.0000000000 193.8723305907 142.6818166350
Daniël 418.4571565224 269.2784180335 118.3202699526 117.1765070028
David 694.0505268030 325.7789896146 110.1853457388 106.1670247210
Dylan 461.4980797341 386.4549250364 75.2793467409 172.2186293712
Eline 320.6153948308 269.2784180335 97.8417616916 117.1765070028
Emma 536.7774264750 0.0000000000 223.1202369386 95.1495719324
Eva 0.0000000000 110.0313043534 125.1514781282 159.2471136801
Femke 536.7774264750 325.7789896146 157.2731003280 106.1670247210
Fleur 868.7114192901 176.0067144573 131.2885807099 149.7722751573
Floris 331.4789691525 650.8178241687 119.9786294758 103.6122975461
Gijs 219.2916108524 754.4301217148 133.9773184281 108.2092394903
Ilse 793.8926518446 906.0516784090 107.8427432689 93.9483215910
Iris 536.7774264750 431.9460143357 150.4289391841 126.7275400719
Jan 331.4789691525 558.6735544076 156.9740147146 92.1442697611
Jasper 581.4076423501 661.4480872330 119.3169809340 124.2979951972
Jelle 767.2203789507 668.3441448649 82.3245001272 117.4019375653
Jesse 0.0000000000 630.5615593509 206.9052981155 123.8685623639
Johanna 929.9124205869 785.7460824302 70.0875794131 120.3055959788
Johannes 581.4076423501 785.7460824302 122.9252121043 94.8928405049
Joris 700.7246232841 661.4480872330 66.4957556666 124.2979951972
Julia 869.3449430247 0.0000000000 130.6550569753 176.0067144573
Koen 891.3929944753 435.9272231096 108.6070055247 122.7463312980
Lars 359.3404131741 142.6818166350 177.4370133009 126.5966013985
Lieke 168.8754787119 410.8575041476 151.7399161189 147.8160502600
Lisa 201.1213553198 142.6818166350 158.2190578543 126.5966013985
Lotte 0.0000000000 754.4301217148 219.2916108524 108.2092394903
Lucas 654.6958936653 95.1495719324 105.2017697483 230.6294176823
Luuk 759.8976634136 0.0000000000 109.4472796112 176.0067144573
Maria 581.4076423501 880.6389229352 85.4407528322 119.3610770648
Maud 200.3257716601 269.2784180335 120.2896231707 141.5790861140
Max 759.8976634136 176.0067144573 108.8137558765 149.7722751573
Merel 901.7353951135 906.0516784090 98.2646048865 93.9483215910
Mohamed 488.4529838670 558.6735544076 92.9546584831 92.1442697611
Naomi 804.2358725418 325.7789896146 119.8185385988 110.1482334949
Nick 666.8483951823 880.6389229352 127.0442566623 119.3610770648
Niels 858.6912222089 558.6735544076 141.3087777911 109.6705904573
Nikki 767.2203789507 558.6735544076 91.4708432583 109.6705904573
Nina 353.2689292804 754.4301217148 104.9548558916 120.6666980747
Pieter 581.4076423501 558.6735544076 90.1499839004 102.7745328254
Robin 849.5448790779 668.3441448649 150.4551209221 117.4019375653
Roos 206.9052981155 630.5615593509 124.5736710370 123.8685623639
Ruben 536.7774264750 95.1495719324 117.9184671904 230.6294176823
Sanne 320.6153948308 386.4549250364 140.8826849033 172.2186293712
Sarah 125.1514781282 110.0313043534 75.9698771915 159.2471136801
Sophie 0.0000000000 0.0000000000 201.1213553198 110.0313043534
Stijn 0.0000000000 558.6735544076 331.4789691525 71.8880049433
Sven 190.7069906692 862.6393612050 162.5619386112 137.3606387950
Tessa 451.4575986283 650.8178241687 129.9500437218 103.6122975461
Thijs 0.0000000000 410.8575041476 168.8754787119 147.8160502600
Thomas 0.0000000000 862.6393612050 190.7069906692 137.3606387950
Tim 0.0000000000 269.2784180335 200.3257716601 141.5790861140
Tom 687.2063656591 431.9460143357 117.0295068827 126.7275400719
Vera 924.0544111406 325.7789896146 75.9455888594 110.1482334949
Willem 804.2358725418 435.9272231096 87.1571219335 122.7463312980

Amber 427.6130946197 753.7929021444 142.6088094605 110.7211270292
Anne 327.7582340719 864.5140291737 139.7566221711 135.4859708263
Anouk 780.6159719546 780.8939420993 154.5542325237 122.5140284098
Bas 467.5148562430 864.5140291737 102.7070478372 135.4859708263
Bram 405.2443012101 0.0000000000 136.8555502694 141.3758863672
Charlotte 657.9707179218 556.1697801500 88.4036557360 97.0317810022
Cornelis 691.4717321571 780.8939420993 89.1442397974 93.0181472549
Daan 200.5227801996 0.0000000000 204.7215210105 141.3758863672
Daniël 414.5759772281 281.5426368641 127.5238742514 118.3375502685
David 705.7999140536 312.1516767583 99.8171113257 111.3995689397
Dylan 464.2443731861 399.8801871326 77.8554782934 156.2895930173
Eline 315.2415909692 281.5426368641 99.3343862589 118.3375502685
Emma 542.0998514795 0.0000000000 207.8310965279 98.9040817153
Eva 0.0000000000 121.3627798750 122.3764148202 160.1798569891
Femke 542.0998514795 312.1516767583 163.7000625741 111.3995689397
Fleur 869.9229293339 157.7909574822 130.0770706661 154.3607192761
Floris 314.6107319664 653.4898458869 122.5793353259 100.3030562576
Gijs 200.0849684741 753.7929021444 127.6732655978 100.0337499949
Ilse 780.6159719546 903.4079705091 96.7000063649 96.5920294909
Iris 542.0998514795 423.5512456980 144.9344456449 132.6185344520
Jan 314.6107319664 556.1697801500 161.9197207770 97.3200657369
Jasper 570.2219040802 653.2015611522 112.9565271021 127.6923809472
Jelle 746.3743736578 662.8949674303 96.9269909588 117.9989746691
Jesse 0.0000000000 623.4242508951 189.1076127079 130.3686512493
Johanna 935.1702044783 780.8939420993 64.8297955217 122.5140284098
Johannes 570.2219040802 780.8939420993 121.2498280770 93.0181472549
Joris 683.1784311822 653.2015611522 63.1959424756 127.6923809472
Julia 868.1197833694 0.0000000000 131.8802166306 157.7909574822
Koen 894.1307013226 428.0316736134 105.8692986774 128.1381065365
Lars 355.3317647279 141.3758863672 186.7680867516 140.1667504969
Lieke 175.0374579691 410.2394669471 140.2041330001 145.9303132029
Lisa 200.5227801996 141.3758863672 154.8089845283 140.1667504969
Lotte 0.0000000000 753.7929021444 200.0849684741 100.0337499949
Lucas 639.5346451205 98.9040817153 110.3963028868 213.2475950430
Luuk 749.9309480074 0.0000000000 118.1888353621 157.7909574822
Maria 570.2219040802 873.9120893542 85.9214097547 126.0879106458
Maud 198.4763031631 281.5426368641 116.7652878061 128.6968300829
Max 749.9309480074 157.7909574822 119.9919813265 154.3607192761
Merel 877.3159783194 903.4079705091 122.6840216806 96.5920294909
Mohamed 476.5304527435 556.1697801500 93.6914513367 97.3200657369
Naomi 805.6170253793 312.1516767583 117.0684487490 115.8799968551
Nick 656.1433138349 873.9120893542 124.4726581197 126.0879106458
Niels 846.6934300866 556.1697801500 153.3065699134 106.7251872803
Nikki 746.3743736578 556.1697801500 100.3190564288 106.7251872803
Nina 327.7582340719 753.7929021444 99.8548605478 110.7211270292
Pieter 570.2219040802 556.1697801500 87.7488138417 97.0317810022
Robin 843.3013646166 662.8949674303 156.6986353834 117.9989746691
Roos 189.1076127079 623.4242508951 125.5031192585 130.3686512493
Ruben 542.0998514795 98.9040817153 97.4347936410 213.2475950430
Sanne 315.2415909692 399.8801871326 149.0027822169 156.2895930173
Sarah 122.3764148202 121.3627798750 78.1463653795 160.1798569891
Sophie 0.0000000000 0.0000000000 200.5227801996 121.3627798750
Stijn 0.0000000000 556.1697801500 314.6107319664 67.2544707452
Sven 181.7015143794 853.8266521393 146.0567196925 146.1733478607
Tessa 437.1900672923 653.4898458869 133.0318367878 100.3030562576
Thijs 0.0000000000 410.2394669471 175.0374579691 145.9303132029
Thomas 0.0000000000 853.8266521393 181.7015143794 146.1733478607
Tim 0.0000000000 281.5426368641 198.4763031631 128.6968300829
Tom 687.0342971244 423.5512456980 118.5827282549 132.6185344520
Vera 922.6854741283 312.1516767583 77.3145258717 115.8799968551
Willem 805.6170253793 428.0316736134 88.5136759434 128.1381065365

Amber 408.1743817230 744.9751864643 137.9926859978 128.6565858914
Anne 303.7215846830 873.6317723557 141.4671832615 126.3682276443
Anouk 759.2992156891 779.7496796410 166.4887777891 126.2597766709
Bas 445.1887679445 873.6317723557 100.9782997763 126.3682276443
Bram 393.1502470815 0.0000000000 144.4216843113 142.1370936037
Charlotte 641.6900325769 551.6890642338 93.9570146125 98.4141742663
Cornelis 675.7933413212 779.7496796410 83.5058743679 88.2158210236
Daan 185.1916956483 0.0000000000 207.9585514332 142.1370936037
Daniël 410.7540665882 268.7921776271 126.8178648046 121.7651186594
David 694.0481080968 310.4042493822 110.5057745085 104.5952355289
Dylan 454.3622820186 390.5572962865 83.2096493742 161.1317679473
Eline 310.5147962038 268.7921776271 100.2392703845 121.7651186594
Emma 537.5719313928 0.0000000000 211.9006867957 106.0378152763
Eva 0.0000000000 99.3615665903 120.6110945136 169.4306110368
Femke 537.5719313928 310.4042493822 156.4761767040 104.5952355289
Fleur 879.0350630519 156.2478782067 120.9649369481 154.1563711756
Floris 306.8103469474 648.7828258339 107.0216127688 96.1923606304
Gijs 185.7008584066 744.9751864643 118.0207262765 110.2096886191
Ilse 759.2992156891 906.0094563119 105.9214623057 93.9905436881
Iris 537.5719313928 414.9994849112 155.1381608397 136.6895793226
Jan 306.8103469474 551.6890642338 155.2326743478 97.0937616001
Jasper 546.1670677209 650.1032385001 123.8633240942 129.6464411409
Jelle 735.6470471894 660.2393878248 89.4931459759 119.5102918162
Jesse 0.0000000000 614.7782974774 174.9481839461 130.1968889869
Johanna 925.7879934782 779.7496796410 74.2120065218 126.2597766709
Johannes 546.1670677209 779.7496796410 129.6262736004 88.2158210236
Joris 670.0303918151 650.1032385001 65.6166553743 129.6464411409
Julia 869.4101364101 0.0000000000 130.5898635899 156.2478782067
Koen 893.6468530021 430.2581443412 106.3531469979 121.4309198926
Lars 344.5902138891 142.1370936037 192.9817175037 126.6550840234
Lieke 177.1183535818 413.5162690911 133.3964426220 138.1727951426
Lisa 185.1916956483 142.1370936037 159.3985182408 126.6550840234
Lotte 0.0000000000 744.9751864643 185.7008584066 110.2096886191
Lucas 629.8731558191 106.0378152763 119.5994623694 204.3664341059
Luuk 749.4726181885 0.0000000000 119.9375182215 156.2478782067
Maria 546.1670677209 867.9655006646 84.7392877464 132.0344993354
Maud 176.9806554495 268.7921776271 133.5341407543 144.7240914640
Max 749.4726181885 156.2478782067 129.5624448634 154.1563711756
Merel 865.2206779949 906.0094563119 134.7793220051 93.9905436881
Mohamed 462.0430212952 551.6890642338 84.1240464257 97.0937616001
Naomi 804.5538826053 310.4042493822 116.2390066611 119.8538949589
Nick 630.9063554673 867.9655006646 128.3928602219 132.0344993354
Niels 825.6576659230 551.6890642338 174.3423340770 108.5503235911
Nikki 735.6470471894 551.6890642338 90.0106187336 108.5503235911
Nina 303.7215846830 744.9751864643 104.4527970400 128.6565858914
Pieter 546.1670677209 551.6890642338 95.5229648560 98.4141742663
Robin 825.1401931653 660.2393878248 174.8598068347 119.5102918162
Roos 174.9481839461 614.7782974774 131.8621630013 130.1968889869
Ruben 537.5719313928 106.0378152763 92.3012244263 204.3664341059
Sanne 310.5147962038 390.5572962865 143.8474858148 161.1317679473
Sarah 120.6110945136 99.3615665903 64.5806011347 169.4306110368
Sophie 0.0000000000 0.0000000000 185.1916956483 99.3615665903
Stijn 0.0000000000 551.6890642338 306.8103469474 63.0892332436
Sven 178.9977944768 855.1848750834 124.7237902062 144.8151249166
Tessa 413.8319597163 648.7828258339 132.3351080046 96.1923606304
Thijs 0.0000000000 413.5162690911 177.1183535818 138.1727951426
Thomas 0.0000000000 855.1848750834 178.9977944768 144.8151249166
Tim 0.0000000000 268.7921776271 176.9806554495 144.7240914640
Tom 692.7100922325 414.9994849112 111.8437903728 136.6895793226
Vera 920.7928892663 310.4042493822 79.2071107337 119.8538949589
Willem 804.5538826053 430.2581443412 89.0929703968 121.4309198926

Amber 391.0456885482 729.2789606634 150.5755167659 133.9247907791
Anne 285.6867263796 863.2037514426 160.9529174828 136.7962485574
Anouk 767.5716343509 773.1052048663 157.0737147924 115.4709854833
Bas 446.6396438624 863.2037514426 94.9815614518 136.7962485574
Bram 373.0458391919 0.0000000000 151.7683930585 143.1377960070
Charlotte 630.2197563742 541.9777764713 92.3873048883 100.8644645350
Cornelis 681.3618976523 773.1052048663 86.2097366986 94.4527644880
Daan 161.5147906801 0.0000000000 211.5310485118 143.1377960070
Daniël 382.6109774920 270.0926868690 142.2032547584 111.6285918543
David 703.9778025618 293.1666114253 98.0084364366 113.3755905516
Dylan 439.3348268628 381.7212787233 85.4794053876 160.2564977479
Eline 279.3819481119 270.0926868690 103.2290293801 111.6285918543
Emma 524.8142322504 0.0000000000 213.5779036309 102.9524062658
Eva 0.0000000000 96.2796707235 105.8725224772 173.8130161455
Femke 524.8142322504 293.1666114253 179.1635703114 113.3755905516
Fleur 870.1795561516 143.7179363791 129.8204438484 149.4486750463
Floris 280.9336301108 637.1506840319 107.5296362834 92.1282766315
Gijs 184.6887633608 729.2789606634 100.9979630189 123.9904418094
Ilse 767.5716343509 888.5761903496 116.6099178398 111.4238096504
Iris 524.8142322504 406.5422019770 153.8879818202 135.4355744943
Jan 280.9336301108 541.9777764713 164.9373994770 95.1729075606
Jasper 541.6212053142 642.8422410063 120.5067918659 130.2629638600
Jelle 722.6070612625 649.0106525277 90.9640379805 124.0945523387
Jesse 0.0000000000 607.2715971059 159.9827876446 122.0073635576
Johanna 924.6453491433 773.1052048663 75.3546508567 115.4709854833
Johannes 541.6212053142 773.1052048663 139.7406923382 94.4527644880
Joris 662.1279971800 642.8422410063 60.4790640825 130.2629638600
Julia 860.7076188703 0.0000000000 139.2923811297 143.7179363791
Koen 889.8269299690 423.5104079112 110.1730700310 118.4673685601
Lars 320.5885423428 143.1377960070 204.2256899076 126.9548908620
Lieke 164.0933188999 423.9224086177 115.2886292119 118.0553678536
Lisa 161.5147906801 143.1377960070 159.0737516627 126.9548908620
Lotte 0.0000000000 729.2789606634 184.6887633608 123.9904418094
Lucas 613.8307825336 102.9524062658 124.5613533477 190.2142051595
Luuk 738.3921358812 0.0000000000 122.3154829891 143.7179363791
Maria 541.6212053142 867.5579693543 87.4503625152 132.4420306457
Maud 170.8395770260 270.0926868690 108.5423710859 153.8297217487
Max 738.3921358812 143.7179363791 131.7874202704 149.4486750463
Merel 884.1815521908 888.5761903496 115.8184478092 111.4238096504
Mohamed 445.8710295878 541.9777764713 95.7501757264 95.1729075606
Naomi 801.9862389984 293.1666114253 119.0788904429 130.3437964859
Nick 629.0715678294 867.5579693543 138.5000665216 132.4420306457
Niels 817.3600947917 541.9777764713 182.6399052083 107.0328760564
Nikki 722.6070612625 541.9777764713 94.7530335291 107.0328760564
Nina 285.6867263796 729.2789606634 105.3589621686 133.9247907791
Pieter 541.6212053142 541.9777764713 88.5985510601 100.8644645350
Robin 813.5710992431 649.0106525277 186.4289007569 124.0945523387
Roos 159.9827876446 607.2715971059 120.9508424662 122.0073635576
Ruben 524.8142322504 102.9524062658 89.0165502832 190.2142051595
Sanne 279.3819481119 381.7212787233 159.9528787510 160.2564977479
Sarah 105.8725224772 96.2796707235 55.6422682029 173.8130161455
Sophie 0.0000000000 0.0000000000 161.5147906801 96.2796707235
Stijn 0.0000000000 541.9777764713 280.9336301108 65.2938206346
Sven 184.9150409877 853.2694024728 100.7716853920 146.7305975272
Tessa 388.4632663942 637.1506840319 153.1579389200 92.1282766315
Thijs 0.0000000000 423.9224086177 164.0933188999 118.0553678536
Thomas 0.0000000000 853.2694024728 184.9150409877 146.7305975272
Tim 0.0000000000 270.0926868690 170.8395770260 153.8297217487
Tom 678.7022140705 406.5422019770 123.2840249279 135.4355744943
Vera 921.0651294413 293.1666114253 78.9348705587 130.3437964859
Willem 801.9862389984 423.5104079112 87.8406909706 118.4673685601

Amber 409.9277258411 727.1937523959 138.3858019467 132.4333006413
Anne 291.0763238720 859.6270530372 152.6739664266 140.3729469628
Anouk 769.2104109664 774.2787586770 148.2176944438 119.0552705149
Bas 443.7502902987 859.6270530372 104.5632374891 140.3729469628
Bram 368.7484861196 0.0000000000 149.9454321257 144.3801744609
Charlotte 643.1474678590 546.2665432166 88.1337160444 105.6714575567
Cornelis 682.8306370357 774.2787586770 86.3797739306 101.8272776258
Daan 162.4084826662 0.0000000000 206.3400034534 144.3801744609
Daniël 384.7888825848 279.5120688213 133.9050356605 104.5297431473
David 694.4202783281 299.6969320993 109.9870023540 107.7014536384
Dylan 444.3303301526 384.0418119685 74.3635880926 162.2247312481
Eline 277.9774728167 279.5120688213 106.8114097681 104.5297431473
Emma 518.6939182453 0.0000000000 221.8896453927 102.7216757441
Eva 0.0000000000 98.7598131588 102.2962520690 180.7522556625
Femke 518.6939182453 299.6969320993 175.7263600828 107.7014536384
Fleur 875.0319492608 141.7130852308 124.9680507392 157.9838468684
Floris 278.4463426866 640.5141803462 113.7274982615 86.6795720496
Gijs 170.8867797753 727.1937523959 120.1895440967 110.1141815604
Ilse 769.2104109664 893.3340291918 111.8206194654 106.6659708082
Iris 518.6939182453 407.3983857377 157.2698124051 138.8681574789
Jan 278.4463426866 546.2665432166 173.6511544387 94.2476371296
Jasper 548.3135277878 651.9380007733 129.9916194300 122.3407579037
Jelle 731.2811839034 645.4771916325 94.2947222495 128.8015670445
Jesse 0.0000000000 610.2267566238 154.5889394180 116.9669957721
Johanna 917.4281054102 774.2787586770 82.5718945898 119.0552705149
Johannes 548.3135277878 774.2787586770 134.5171092480 101.8272776258
Joris 678.3051472178 651.9380007733 52.9760366855 122.3407579037
Julia 860.6837656574 0.0000000000 139.3162343426 141.7130852308
Koen 889.8492005730 428.3419465953 110.1507994270 117.9245966213
Lars 327.8555090296 144.3801744609 190.8384092157 135.1318943604
Lieke 156.5378192882 429.8859645968 121.4396535285 116.3805786198
Lisa 162.4084826662 144.3801744609 165.4470263634 135.1318943604
Lotte 0.0000000000 727.1937523959 170.8867797753 110.1141815604
Lucas 610.2147564072 102.7216757441 130.3688072307 196.9752563552
Luuk 740.5835636380 0.0000000000 120.1002020195 141.7130852308
Maria 548.3135277878 876.1060363028 95.3922858701 123.8939636972
Maud 183.2659299613 279.5120688213 94.7115428555 150.3738957756
Max 740.5835636380 141.7130852308 134.4483856229 157.9838468684
Merel 881.0310304318 893.3340291918 118.9689695682 106.6659708082
Mohamed 452.0974971254 546.2665432166 96.2160306624 94.2476371296
Naomi 804.4072806820 299.6969320993 122.5629702220 128.6450144960
Nick 643.7058136579 876.1060363028 125.5045973084 123.8939636972
Niels 811.4302077034 546.2665432166 188.5697922966 99.2106484159
Nikki 731.2811839034 546.2665432166 80.1490238000 99.2106484159
Nina 291.0763238720 727.1937523959 118.8514019691 132.4333006413
Pieter 548.3135277878 546.2665432166 94.8339400712 105.6714575567
Robin 825.5759061528 645.4771916325 174.4240938472 128.8015670445
Roos 154.5889394180 610.2267566238 123.8574032686 116.9669957721
Ruben 518.6939182453 102.7216757441 91.5208381620 196.9752563552
Sanne 277.9774728167 384.0418119685 166.3528573359 162.2247312481
Sarah 102.2962520690 98.7598131588 60.1122305972 180.7522556625
Sophie 0.0000000000 0.0000000000 162.4084826662 98.7598131588
Stijn 0.0000000000 546.2665432166 278.4463426866 63.9602134072
Sven 190.1453156519 837.3079339563 100.9310082202 162.6920660437
Tessa 392.1738409481 640.5141803462 156.1396868397 86.6795720496
Thijs 0.0000000000 429.8859645968 156.5378192882 116.3805786198
Thomas 0.0000000000 837.3079339563 190.1453156519 162.6920660437
Tim 0.0000000000 279.5120688213 183.2659299613 150.3738957756
Tom 675.9637306504 407.3983857377 128.4435500316 138.8681574789
Vera 926.9702509040 299.6969320993 73.0297490960 128.6450144960
Willem 804.4072806820 428.3419465953 85.4419198910 117.9245966213

Amber 386.6531707745 722.9433718000 149.4071715522 126.9310896477
Anne 285.7193933635 849.8744614477 154.0013775337 150.1255385523
Anouk 767.8553634551 771.4453094062 146.8072774270 118.2931154629
Bas 439.7207708972 849.8744614477 96.3395714295 150.1255385523
Bram 390.7271148733 0.0000000000 134.6557203230 142.6165466292
Charlotte 636.9132880834 540.9386320051 90.0382907255 105.9047022684
Cornelis 665.0708283719 771.4453094062 102.7845350832 100.5456783658
Daan 159.5152122938 0.0000000000 231.2119025795 142.6165466292
Daniël 367.3095389703 277.5162203933 158.0732962259 102.9537475064
David 701.2772375051 295.6390407099 100.7755898943 100.6999107122
Dylan 443.3861736661 380.4699678997 81.9966615301 160.4686641054
Eline 265.1181281533 277.5162203933 102.1914108171 102.9537475064
Emma 525.3828351962 0.0000000000 190.9099795405 97.8022498998
Eva 0.0000000000 93.3402931407 99.2089171655 184.1759272526
Femke 525.3828351962 295.6390407099 175.8944023089 100.6999107122
Fleur 859.6769117749 130.3102535743 140.3230882251 165.3287871357
Floris 276.1522975622 629.0715578067 100.1610696527 93.8718139933
Gijs 177.2925466512 722.9433718000 108.4268467123 109.0700723398
Ilse 767.8553634551 889.7384248692 122.7153749894 110.2615751308
Iris 525.3828351962 396.3389514222 149.3870597049 144.5996805830
Jan 276.1522975622 540.9386320051 168.6380104402 88.1329258016
Jasper 536.0603423267 646.8433342736 124.1968739039 124.6019751327
Jelle 726.9515788089 641.6084970402 101.1366428604 129.8368123660
Jesse 0.0000000000 606.7188294297 174.1707436907 116.2245423704
Johanna 914.6626408821 771.4453094062 85.3373591179 118.2931154629
Johannes 536.0603423267 771.4453094062 129.0104860452 100.5456783658
Joris 660.2572162306 646.8433342736 66.6943625784 124.6019751327
Julia 839.1372083557 0.0000000000 160.8627916443 130.3102535743
Koen 889.8537967741 422.9310941193 110.1462032259 118.0075378858
Lars 336.0320255020 142.6165466292 189.3508096942 134.8996737641
Lieke 167.2283577582 429.9234661656 97.8897703951 111.0151658395
Lisa 159.5152122938 142.6165466292 176.5168132082 134.8996737641
Lotte 0.0000000000 722.9433718000 177.2925466512 109.0700723398
Lucas 616.9334600816 97.8022498998 99.3593546551 197.8367908101
Luuk 716.2928147367 0.0000000000 122.8443936191 130.3102535743
Maria 536.0603423267 871.9909877720 91.3447165847 128.0090122280
Maud 183.6777539150 277.5162203933 81.4403742383 152.4072457724
Max 716.2928147367 130.3102535743 143.3840970382 165.3287871357
Merel 890.5707384445 889.7384248692 109.4292615555 110.2615751308
Mohamed 444.7903080024 540.9386320051 91.2700343243 88.1329258016
Naomi 802.0528273994 295.6390407099 126.8033684947 127.2920534094
Nick 627.4050589114 871.9909877720 140.4503045437 128.0090122280
Niels 803.1511382111 540.9386320051 196.8488617889 100.6698650351
Nikki 726.9515788089 540.9386320051 76.1995594022 100.6698650351
Nina 285.7193933635 722.9433718000 100.9337774110 126.9310896477
Pieter 536.0603423267 540.9386320051 100.8529457568 105.9047022684
Robin 828.0882216693 641.6084970402 171.9117783307 129.8368123660
Roos 174.1707436907 606.7188294297 101.9815538715 116.2245423704
Ruben 525.3828351962 97.8022498998 91.5506248854 197.8367908101
Sanne 265.1181281533 380.4699678997 178.2680455128 160.4686641054
Sarah 99.2089171655 93.3402931407 60.3062951283 184.1759272526
Sophie 0.0000000000 0.0000000000 159.5152122938 93.3402931407
Stijn 0.0000000000 540.9386320051 276.1522975622 65.7801974246
Sven 196.7690161843 832.0134441399 88.9503771792 167.9865558601
Tessa 376.3133672149 629.0715578067 159.7469751118 93.8718139933
Thijs 0.0000000000 429.9234661656 167.2283577582 111.0151658395
Thomas 0.0000000000 832.0134441399 196.7690161843 167.9865558601
Tim 0.0000000000 277.5162203933 183.6777539150 152.4072457724
Tom 674.7698949011 396.3389514222 127.2829324983 144.5996805830
Vera 928.8561958941 295.6390407099 71.1438041059 127.2920534094
Willem 802.0528273994 422.9310941193 87.8009693747 118.0075378858

Amber 373.3258297981 711.1375132685 153.3651516342 129.6581355206
Anne 271.6814779989 840.7956487891 154.3392976775 159.2043512109
Anouk 766.1595219527 765.3737999113 147.4162782685 115.0432382691
Bas 426.0207756764 840.7956487891 100.6702057559 159.2043512109
Bram 365.5366703127 0.0000000000 146.8865977376 135.9056296367
Charlotte 613.7347794784 531.4587540780 93.9338084455 112.7370373802
Cornelis 676.8094321026 765.3737999113 89.3500898501 100.5540857523
Daan 156.3518657525 0.0000000000 209.1848045602 135.9056296367
Daniël 352.0365347214 272.2475534296 160.3867333288 97.6679727008
David 698.3572762606 280.4390168151 99.1648043788 104.4401945920
Dylan 425.7123570716 369.9155261304 86.7109109787 161.5432279476
Eline 254.2138824928 272.2475534296 97.8226522287 97.6679727008
Emma 512.4232680503 0.0000000000 185.1148168073 97.3494043408
Eva 0.0000000000 99.0292195565 107.1742712663 173.2183338731
Femke 512.4232680503 280.4390168151 185.9340082103 104.4401945920
Fleur 859.3347089119 116.2503616712 140.6652910881 164.1886551439
Floris 252.4658274882 623.7058101627 90.0264004309 87.4317031058
Gijs 157.1115755122 711.1375132685 114.5699024867 115.0303601072
Ilse 766.1595219527 880.4170381804 124.0653647418 119.5829618196
Iris 512.4232680503 384.8792114071 149.6150522076 146.5795426709
Jan 252.4658274882 531.4587540780 179.0743584610 92.2470560847
Jasper 526.6909814324 644.1957914582 117.5179262932 121.1780084531
Jelle 707.6685879240 629.5064465193 95.2840326193 135.8673533920
Jesse 0.0000000000 605.0942273079 158.7067580922 106.0432859606
Johanna 913.5758002212 765.3737999113 86.4241997788 115.0432382691
Johannes 526.6909814324 765.3737999113 150.1184506703 100.5540857523
Joris 644.2089077256 644.1957914582 63.4596801984 121.1780084531
Julia 826.9418939133 0.0000000000 173.0581060867 116.2503616712
Koen 891.7679134555 411.1278458944 108.2320865445 120.3309081836
Lars 331.6339480570 135.9056296367 180.7893199933 136.3419237929
Lieke 152.0090439418 421.7650554146 102.2048385510 109.6936986634
Lisa 156.3518657525 135.9056296367 175.2820823044 136.3419237929
Lotte 0.0000000000 711.1375132685 157.1115755122 115.0303601072
Lucas 610.4252298894 97.3494043408 87.1128549681 183.0896124743
Luuk 697.5380848575 0.0000000000 129.4038090558 116.2503616712
Maria 526.6909814324 865.9278856636 96.5598953711 134.0721143364
Maud 184.0799435217 272.2475534296 70.1339389711 149.5175019850
Max 697.5380848575 116.2503616712 161.7966240543 164.1886551439
Merel 890.2248866945 880.4170381804 109.7751133055 119.5829618196
Mohamed 431.5401859492 531.4587540780 95.1507954832 92.2470560847
Naomi 797.5220806395 280.4390168151 126.0038715394 130.6888290793
Nick 623.2508768035 865.9278856636 142.9086451492 134.0721143364
Niels 793.4930765642 531.4587540780 206.5069234358 98.0476924413
Nikki 707.6685879240 531.4587540780 85.8244886402 98.0476924413
Nina 271.6814779989 711.1375132685 101.6443517992 129.6581355206
Pieter 526.6909814324 531.4587540780 87.0437980461 112.7370373802
Robin 802.9526205433 629.5064465193 197.0473794567 135.8673533920
Roos 158.7067580922 605.0942273079 93.7590693960 106.0432859606
Ruben 512.4232680503 97.3494043408 98.0019618391 183.0896124743
Sanne 254.2138824928 369.9155261304 171.4984745788 161.5432279476
Sarah 107.1742712663 99.0292195565 49.1775944862 173.2183338731
Sophie 0.0000000000 0.0000000000 156.3518657525 99.0292195565
Stijn 0.0000000000 531.4587540780 252.4658274882 73.6354732299
Sven 190.0578760562 826.1678733757 81.6236019426 173.8321266243
Tessa 342.4922279191 623.7058101627 184.1987535132 87.4317031058
Thijs 0.0000000000 421.7650554146 152.0090439418 109.6936986634
Thomas 0.0000000000 826.1678733757 190.0578760562 173.8321266243
Tim 0.0000000000 272.2475534296 184.0799435217 149.5175019850
Tom 662.0383202579 384.8792114071 135.4837603816 146.5795426709
Vera 923.5259521789 280.4390168151 76.4740478211 130.6888290793
Willem 797.5220806395 411.1278458944 94.2458328161 120.3309081836

Amber 348.2389712972 702.9675415418 157.9522387788 138.2956523740
Anne 247.6906711487 841.2631939158 154.1765383128 158.7368060842
Anouk 745.8785560292 751.2750999740 165.4832756396 132.9185865739
Bas 401.8672094615 841.2631939158 104.3240006145 158.7368060842
Bram 350.7823735664 0.0000000000 152.4004968040 126.7440400857
Charlotte 602.6783593810 524.2585897403 89.1644638667 117.3894612006
Cornelis 656.6654816851 751.2750999740 89.2130743441 108.5402553548
Daan 154.0979627696 0.0000000000 196.6844107968 126.7440400857
Daniël 357.8345102223 264.6415556989 145.3483601481 100.3659148361
David 680.4109184799 277.6504431783 114.7519735961 99.1454802716
Dylan 415.2304405022 365.0074705350 87.9524298682 159.2511192053
Eline 241.7069642460 264.6415556989 116.1275459762 100.3659148361
Emma 503.1828703704 0.0000000000 172.6475949006 110.5622809070
Eva 0.0000000000 88.4326091269 102.5884947675 176.2089465720
Femke 503.1828703704 277.6504431783 177.2280481095 99.1454802716
Fleur 847.8782412717 107.6285425804 152.1217587283 170.0219005980
Floris 240.2215412826 620.3621803102 93.6556025901 82.6053612316
Gijs 157.1482829557 702.9675415418 90.5423881930 121.4668816375
Ilse 745.8785560292 884.1936865479 133.3919263455 115.8063134521
Iris 503.1828703704 376.7959234499 153.4481030103 147.4626662904
Jan 240.2215412826 524.2585897403 173.6300508444 96.1035905698
Jasper 506.1912100760 641.6480509410 121.9996315128 109.6270490331
Jelle 691.8428232477 621.4810561758 112.7831892159 129.7940437982
Jesse 0.0000000000 592.9847060692 166.2011237773 109.9828354726
Johanna 911.3618316689 751.2750999740 88.6381683311 132.9185865739
Johannes 506.1912100760 751.2750999740 150.4742716091 108.5402553548
Joris 628.1908415888 641.6480509410 63.6519816589 109.6270490331
Julia 819.8275122195 0.0000000000 180.1724877805 107.6285425804
Koen 891.8915263734 399.8436689523 108.1084736266 124.4149207880
Lars 342.5744780078 126.7440400857 160.6083923625 137.8975156132
Lieke 155.8049983378 421.5414554016 85.9019659082 102.7171343387
Lisa 154.0979627696 126.7440400857 188.4765152382 137.8975156132
Lotte 0.0000000000 702.9675415418 157.1482829557 121.4668816375
Lucas 601.8386388850 110.5622809070 73.9918263860 167.0881622714
Luuk 675.8304652710 0.0000000000 143.9970469485 107.6285425804
Maria 506.1912100760 859.8153553289 93.7828592142 140.1846446711
Maud 178.8631535421 264.6415556989 62.8438107040 156.8998997027
Max 675.8304652710 107.6285425804 172.0477760007 170.0219005980
Merel 879.2704823747 884.1936865479 120.7295176253 115.8063134521
Mohamed 413.8515921269 524.2585897403 92.3396179491 96.1035905698
Naomi 795.1628920759 277.6504431783 130.9716053696 122.1932257740
Nick 599.9740692902 859.8153553289 145.9044867390 140.1846446711
Niels 771.4175878774 524.2585897403 228.5824121226 97.2224664355
Nikki 691.8428232477 524.2585897403 79.5747646297 97.2224664355
Nina 247.6906711487 702.9675415418 100.5483001485 138.2956523740
Pieter 506.1912100760 524.2585897403 96.4871493050 117.3894612006
Robin 804.6260124636 621.4810561758 195.3739875364 129.7940437982
Roos 166.2011237773 592.9847060692 74.0204175053 109.9828354726
Ruben 503.1828703704 110.5622809070 98.6557685146 167.0881622714
Sanne 241.7069642460 365.0074705350 173.5234762562 159.2511192053
Sarah 102.5884947675 88.4326091269 51.5094680021 176.2089465720
Sophie 0.0000000000 0.0000000000 154.0979627696 88.4326091269
Stijn 0.0000000000 524.2585897403 240.2215412826 68.7261163288
Sven 172.0874139667 824.4344231794 75.6032571820 175.5655768206
Tessa 333.8771438727 620.3621803102 172.3140662033 82.6053612316
Thijs 0.0000000000 421.5414554016 155.8049983378 102.7171343387
Thomas 0.0000000000 824.4344231794 172.0874139667 175.5655768206
Tim 0.0000000000 264.6415556989 178.8631535421 156.8998997027
Tom 656.6309733806 376.7959234499 138.5319186953 147.4626662904
Vera 926.1344974456 277.6504431783 73.8655025544 122.1932257740
Willem 795.1628920759 399.8436689523 96.7286342975 124.4149207880

Amber 345.1755058354 696.3963522685 145.6335141496 140.5496671102
Anne 238.4755414963 836.9460193787 154.5028074059 163.0539806213
Anouk 748.6847293881 744.2601347698 172.2943886823 143.0705350464
Bas 392.9783489022 836.9460193787 97.8306710828 163.0539806213
Bram 347.7349631065 0.0000000000 158.2067185392 118.6116784060
Charlotte 582.6459139558 516.9583397863 97.5766998439 112.4244489577
Cornelis 649.8523644820 744.2601347698 98.8323649061 107.6009217700
Daan 148.3988500640 0.0000000000 199.3361130425 118.6116784060
Daniël 353.0907715584 257.0761940376 152.8509100873 98.4506276144
David 676.2443103141 268.3272393272 114.7749385098 97.1526477759
Dylan 421.9978216279 355.5268216520 83.9438600178 161.4315181342
Eline 243.2373730566 257.0761940376 109.8533985018 98.4506276144
Emma 505.9416816457 0.0000000000 181.2316728543 111.0908952628
Eva 0.0000000000 96.8818945054 105.6999409793 160.1942995322
Femke 505.9416816457 268.3272393272 170.3026286684 97.1526477759
Fleur 879.7785342895 124.2622455187 120.2214657105 144.0649938085
Floris 232.4581993833 618.4667031949 102.6778902392 77.9296490736
Gijs 146.2760489108 696.3963522685 92.1994925854 124.5803203347
Ilse 748.6847293881 887.3306698163 133.5613516561 112.6693301837
Iris 505.9416816457 365.4798871031 148.4175499176 151.4784526832
Jan 232.4581993833 516.9583397863 183.5918233016 101.5083634087
Jasper 490.8090199850 629.3827887440 127.6238686675 114.8773460259
Jelle 680.2226137997 608.8961041635 117.2707766924 135.3640306063
Jesse 0.0000000000 576.4749082829 170.4693462144 119.9214439856
Johanna 920.9791180703 744.2601347698 79.0208819297 143.0705350464
Johannes 490.8090199850 744.2601347698 159.0433444969 107.6009217700
Joris 618.4328886526 629.3827887440 61.7897251471 114.8773460259
Julia 810.1437224522 0.0000000000 189.8562775478 124.2622455187
Koen 886.3930144613 388.1345753656 113.6069855387 128.8237644207
Lars 341.5241751519 118.6116784060 164.4175064938 138.4645156316
Lieke 157.5126340118 418.7995056427 85.7247390448 98.1588341435
Lisa 148.3988500640 118.6116784060 193.1253250879 138.4645156316
Lotte 0.0000000000 696.3963522685 146.2760489108 124.5803203347
Lucas 618.7189998077 111.0908952628 68.4543546922 157.2363440643
Luuk 687.1733545000 0.0000000000 122.9703679522 124.2622455187
Maria 490.8090199850 851.8610565399 93.0443437981 148.1389434601
Maud 185.7797258779 257.0761940376 57.4576471787 161.7233116051
Max 687.1733545000 124.2622455187 192.6051797895 144.0649938085
Merel 882.2460810442 887.3306698163 117.7539189558 112.6693301837
Mohamed 416.0500226849 516.9583397863 74.7589973001 101.5083634087
Naomi 791.0192488239 268.3272393272 135.9452103012 119.8073360384
Nick 583.8533637832 851.8610565399 164.8313656049 148.1389434601
Niels 765.5714508540 516.9583397863 234.4285491460 91.9377643772
Nikki 680.2226137997 516.9583397863 85.3488370543 91.9377643772
Nina 238.4755414963 696.3963522685 106.6999643391 140.5496671102
Pieter 490.8090199850 516.9583397863 91.8368939707 112.4244489577
Robin 797.4933904921 608.8961041635 202.5066095079 135.3640306063
Roos 170.4693462144 576.4749082829 61.9888531689 119.9214439856
Ruben 505.9416816457 111.0908952628 112.7773181620 157.2363440643
Sanne 243.2373730566 355.5268216520 178.7604485713 161.4315181342
Sarah 105.6999409793 96.8818945054 42.6989090846 160.1942995322
Sophie 0.0000000000 0.0000000000 148.3988500640 96.8818945054
Stijn 0.0000000000 516.9583397863 232.4581993833 59.5165684966
Sven 164.0780932423 820.9766726032 74.3974482540 179.0233273968
Tessa 335.1360896225 618.4667031949 155.6729303626 77.9296490736
Thijs 0.0000000000 418.7995056427 157.5126340118 98.1588341435
Thomas 0.0000000000 820.9766726032 164.0780932423 179.0233273968
Tim 0.0000000000 257.0761940376 185.7797258779 161.7233116051
Tom 654.3592315633 365.4798871031 136.6600172605 151.4784526832
Vera 926.9644591250 268.3272393272 73.0355408750 119.8073360384
Willem 791.0192488239 388.1345753656 95.3737656374 128.8237644207

Amber 351.2178281633 686.7409033677 136.7638582159 141.8026942762
Anne 247.0348336775 828.5435976440 143.3461444877 171.4564023560
Anouk 755.7050724946 747.7695043994 160.8526271641 160.3104021734
Bas 390.3809781652 828.5435976440 97.6007082140 171.4564023560
Bram 361.9282288399 0.0000000000 164.2342539480 121.1917607142
Charlotte 587.5059519223 507.1852588036 94.4085322675 115.5136792325
Cornelis 652.0386654508 747.7695043994 103.6664070438 109.8617313774
Daan 159.5721237731 0.0000000000 202.3561050668 121.1917607142
Daniël 369.3423151225 252.4950468085 156.8201676653 99.8585533222
David 684.7308468891 237.0114638491 109.9660744195 98.9270208108
Dylan 440.8084656842 352.3536001307 85.3540171036 154.8316586729
Eline 235.9241278806 252.4950468085 133.4181872419 99.8585533222
Emma 526.1624827878 0.0000000000 195.0429005315 91.4442835536
Eva 0.0000000000 90.7298868199 112.0823970311 161.7651599887
Femke 526.1624827878 237.0114638491 158.5683641012 98.9270208108
Fleur 915.2683027735 119.0838086656 84.7316972265 117.9276551835
Floris 220.5042935999 602.3859025658 97.7566185515 84.3550008019
Gijs 158.6664408990 686.7409033677 88.3683927785 121.8894298246
Ilse 755.7050724946 908.0799065727 99.9388339795 91.9200934273
Iris 526.1624827878 335.9384846599 137.2474495944 171.2467741437
Jan 220.5042935999 507.1852588036 186.7827363079 95.2006437622
Jasper 487.9816863792 622.6989380361 125.2079968146 125.0705663633
Jelle 681.9144841898 605.8171994340 113.7236139214 141.9523049654
Jesse 0.0000000000 573.3309270521 162.0031544816 113.4099763156
Johanna 916.5576996586 747.7695043994 83.4423003414 160.3104021734
Johannes 487.9816863792 747.7695043994 164.0569790716 109.8617313774
Joris 613.1896831938 622.6989380361 68.7248009960 125.0705663633
Julia 831.9563192337 0.0000000000 168.0436807663 119.0838086656
Koen 885.7362955700 362.6128406803 114.2637044300 144.5724181234
Lars 358.6192327694 121.1917607142 167.5432500185 131.3032860943
Lieke 159.7341663830 415.8747760052 76.1899614976 91.3104827984
Lisa 159.5721237731 121.1917607142 199.0471089963 131.3032860943
Lotte 0.0000000000 686.7409033677 158.6664408990 121.8894298246
Lucas 656.6216414215 91.4442835536 64.5837418978 145.5671802955
Luuk 721.2053833193 0.0000000000 110.7509359144 119.0838086656
Maria 487.9816863792 857.6312357767 102.6367315340 142.3687642233
Maud 184.3003117451 252.4950468085 51.6238161355 163.3797291967
Max 721.2053833193 119.0838086656 194.0629194542 117.9276551835
Merel 855.6439064741 908.0799065727 144.3560935259 91.9200934273
Mohamed 407.2870299079 507.1852588036 80.6946564714 95.2006437622
Naomi 794.6969213086 237.0114638491 127.8867094348 125.6013768312
Nick 590.6184179132 857.6312357767 165.0866545813 142.3687642233
Niels 763.6145310589 507.1852588036 236.3854689411 98.6319406303
Nikki 681.9144841898 507.1852588036 81.7000468691 98.6319406303
Nina 247.0348336775 686.7409033677 104.1829944858 141.8026942762
Pieter 487.9816863792 507.1852588036 99.5242655431 115.5136792325
Robin 795.6380981112 605.8171994340 204.3619018888 141.9523049654
Roos 162.0031544816 573.3309270521 58.5011391184 113.4099763156
Ruben 526.1624827878 91.4442835536 130.4591586336 145.5671802955
Sanne 235.9241278806 352.3536001307 204.8843378036 154.8316586729
Sarah 112.0823970311 90.7298868199 47.4897267420 161.7651599887
Sophie 0.0000000000 0.0000000000 159.5721237731 90.7298868199
Stijn 0.0000000000 507.1852588036 220.5042935999 66.1456682485
Sven 178.2580902105 808.6303331924 68.7767434670 191.3696668076
Tessa 318.2609121514 602.3859025658 169.7207742278 84.3550008019
Thijs 0.0000000000 415.8747760052 159.7341663830 91.3104827984
Thomas 0.0000000000 808.6303331924 178.2580902105 191.3696668076
Tim 0.0000000000 252.4950468085 184.3003117451 163.3797291967
Tom 663.4099323823 335.9384846599 131.2869889263 171.2467741437
Vera 922.5836307435 237.0114638491 77.4163692565 125.6013768312
Willem 794.6969213086 362.6128406803 91.0393742613 144.5724181234

Amber 328.7623760266 692.2050902567 161.7048476995 121.8650353093
Anne 242.3754112585 814.0701255660 146.2054101445 185.9298744340
Anouk 782.1076943565 755.0584967566 122.0913924675 147.2340684331
Bas 388.5808214031 814.0701255660 101.8864023229 185.9298744340
Bram 345.2029543829 0.0000000000 176.3379353114 102.7721894771
Charlotte 587.1846241179 501.6568429078 98.9718852495 130.0725224960
Cornelis 671.2685936587 755.0584967566 110.8391006978 111.9129282060
Daan 158.3075698700 0.0000000000 186.8953845129 102.7721894771
Daniël 359.2996873704 241.5509747962 162.2412023239 114.2322700995
David 663.7797271438 217.5174264484 126.4041875991 107.4119038786
Dylan 432.4855598706 355.7832448958 89.0553298237 145.8735980121
Eline 231.4577273114 241.5509747962 127.8419600590 114.2322700995
Emma 521.5408896943 0.0000000000 190.6286790567 71.9930378910
Eva 0.0000000000 77.4296836387 99.5229304939 164.1212911576
Femke 521.5408896943 217.5174264484 142.2388374496 107.4119038786
Fleur 909.2993358724 105.6513214178 90.7006641276 111.8661050306
Floris 206.3748186434 608.4918569956 101.9369788891 83.7132332611
Gijs 154.9613285096 692.2050902567 87.4140827490 118.0848395871
Ilse 782.1076943565 902.2925651897 92.7392871127 97.7074348103
Iris 521.5408896943 324.9293303270 141.7054622555 176.7275125808
Jan 206.3748186434 501.6568429078 204.2171491608 106.8350140878
Jasper 490.4672237260 631.7293654038 126.9721488852 123.3291313528
Jelle 686.1565093675 595.3743424692 111.6540914597 159.6841542875
Jesse 0.0000000000 565.3150195016 158.5365348145 126.8900707551
Johanna 904.1990868240 755.0584967566 95.8009131760 147.2340684331
Johannes 490.4672237260 755.0584967566 180.8013699327 111.9129282060
Joris 617.4393726112 631.7293654038 68.7171367562 123.3291313528
Julia 842.9006517966 0.0000000000 157.0993482034 105.6513214178
Koen 886.6017250843 351.4109635699 113.3982749157 150.2458793379
Lars 361.5829937623 102.7721894771 159.9578959319 138.7787853191
Lieke 144.7775851370 407.2686930086 86.6801421743 94.3881498992
Lisa 158.3075698700 102.7721894771 203.2754238924 138.7787853191
Lotte 0.0000000000 692.2050902567 154.9613285096 118.0848395871
Lucas 649.7013969671 71.9930378910 62.4681717839 145.5243885574
Luuk 712.1695687510 0.0000000000 130.7310830456 105.6513214178
Maria 490.4672237260 866.9714249627 118.3756105280 133.0285750373
Maud 187.7497314047 241.5509747962 43.7079959067 165.7177182124
Max 712.1695687510 105.6513214178 197.1297671214 111.8661050306
Merel 874.8469814692 902.2925651897 125.1530185308 97.7074348103
Mohamed 410.5919678042 501.6568429078 79.8752559218 106.8350140878
Naomi 790.1839147430 217.5174264484 128.1236011225 133.8935371216
Nick 608.8428342540 866.9714249627 173.2648601025 133.0285750373
Niels 760.3149413514 501.6568429078 239.6850586486 93.7174995613
Nikki 686.1565093675 501.6568429078 74.1584319840 93.7174995613
Nina 242.3754112585 692.2050902567 86.3869647680 121.8650353093
Pieter 490.4672237260 501.6568429078 96.7174003919 130.0725224960
Robin 797.8106008271 595.3743424692 202.1893991729 159.6841542875
Roos 158.5365348145 565.3150195016 47.8382838289 126.8900707551
Ruben 521.5408896943 71.9930378910 128.1605072728 145.5243885574
Sanne 231.4577273114 355.7832448958 201.0278325592 145.8735980121
Sarah 99.5229304939 77.4296836387 58.7846393761 164.1212911576
Sophie 0.0000000000 0.0000000000 158.3075698700 77.4296836387
Stijn 0.0000000000 501.6568429078 206.3748186434 63.6581765938
Sven 175.4439360832 810.2899298437 66.9314751754 189.7100701563
Tessa 308.3117975325 608.4918569956 182.1554261935 83.7132332611
Thijs 0.0000000000 407.2686930086 144.7775851370 94.3881498992
Thomas 0.0000000000 810.2899298437 175.4439360832 189.7100701563
Tim 0.0000000000 241.5509747962 187.7497314047 165.7177182124
Tom 663.2463519497 324.9293303270 126.9375627932 176.7275125808
Vera 918.3075158655 217.5174264484 81.6924841345 133.8935371216
Willem 790.1839147430 351.4109635699 96.4178103414 150.2458793379

Amber 323.4627750234 687.1524790676 153.8728027089 117.1324841405
Anne 230.9311571782 804.2849632082 148.2471040329 195.7150367918
Anouk 789.6565543703 742.6523040839 112.1583297334 163.4114447071
Bas 379.1782612111 804.2849632082 98.1573165213 195.7150367918
Bram 362.9235595394 0.0000000000 171.1869758665 98.1716000242
Charlotte 580.6559198405 493.5760823236 111.9303706171 127.2961951075
Cornelis 678.3440662766 742.6523040839 111.3124880937 122.5325961237
Daan 156.6928730336 0.0000000000 206.2306865058 98.1716000242
Daniël 381.8840866560 238.2093137811 152.2264487499 111.1993342354
David 658.3081732363 200.6847807250 129.5364503164 108.3493835901
Dylan 456.8190903023 349.4086480164 77.2914451036 144.1674343071
Eline 254.2986098261 238.2093137811 127.5854768299 111.1993342354
Emma 534.1105354059 0.0000000000 200.1003594268 65.7284497901
Eva 0.0000000000 69.7529719799 102.4738858248 168.4563418011
Femke 534.1105354059 200.6847807250 124.1976378305 108.3493835901
Fleur 921.8757964937 91.1787017449 78.1242035063 109.5060789801
Floris 191.7206158998 597.7193310124 97.7014231775 89.4331480552
Gijs 154.1265057986 687.1524790676 76.8046513795 117.7298087622
Ilse 789.6565543703 906.0637487910 94.3142414148 93.9362512090
Iris 534.1105354059 309.0341643151 134.4559699868 184.5419180085
Jan 191.7206158998 493.5760823236 199.6673684050 104.1432486889
Jasper 477.3355777324 620.8722774311 134.0004436943 121.7800266528
Jelle 692.5862904576 584.9865605283 99.4460178482 157.6657435557
Jesse 0.0000000000 556.1430226986 138.9683979492 131.0094563690
Johanna 901.8148841038 742.6523040839 98.1851158962 163.4114447071
Johannes 477.3355777324 742.6523040839 201.0084885443 122.5325961237
Joris 611.3360214266 620.8722774311 81.2502690310 121.7800266528
Julia 865.1020119502 0.0000000000 134.8979880498 91.1787017449
Koen 891.4960151564 336.7264043974 108.5039848436 156.8496779262
Lars 371.4904827248 98.1716000242 162.6200526811 140.0377137568
Lieke 164.2695114993 402.9466196950 90.0290983268 90.6294626285
Lisa 156.6928730336 98.1716000242 214.7976096911 140.0377137568
Lotte 0.0000000000 687.1524790676 154.1265057986 117.7298087622
Lucas 664.5028778508 65.7284497901 69.7080169818 134.9563309348
Luuk 734.2108948327 0.0000000000 130.8911171176 91.1787017449
Maria 477.3355777324 865.1849002076 150.4018585979 134.8150997924
Maud 208.4657208458 238.2093137811 45.8328889803 164.7373059140
Max 734.2108948327 91.1787017449 187.6649016610 109.5060789801
Merel 883.9707957852 906.0637487910 116.0292042148 93.9362512090
Mohamed 391.3879843047 493.5760823236 85.9475934276 104.1432486889
Naomi 787.8446235527 200.6847807250 133.1565917575 136.0416236725
Nick 627.7374363303 865.1849002076 161.9191180401 134.8150997924
Niels 756.8667302644 493.5760823236 243.1332697356 91.4104782047
Nikki 692.5862904576 493.5760823236 64.2804398068 91.4104782047
Nina 230.9311571782 687.1524790676 92.5316178452 117.1324841405
Pieter 477.3355777324 493.5760823236 103.3203421081 127.2961951075
Robin 792.0323083058 584.9865605283 207.9676916942 157.6657435557
Roos 138.9683979492 556.1430226986 52.7522179506 131.0094563690
Ruben 534.1105354059 65.7284497901 130.3923424450 134.9563309348
Sanne 254.2986098261 349.4086480164 202.5204804763 144.1674343071
Sarah 102.4738858248 69.7529719799 54.2189872089 168.4563418011
Sophie 0.0000000000 0.0000000000 156.6928730336 69.7529719799
Stijn 0.0000000000 493.5760823236 191.7206158998 62.5669403750
Sven 175.6949209342 804.8822878298 55.2362362440 195.1177121702
Tessa 289.4220390773 597.7193310124 187.9135386551 89.4331480552
Thijs 0.0000000000 402.9466196950 164.2695114993 90.6294626285
Thomas 0.0000000000 804.8822878298 175.6949209342 195.1177121702
Tim 0.0000000000 238.2093137811 208.4657208458 164.7373059140
Tom 668.5665053927 309.0341643151 119.2781181601 184.5419180085
Vera 921.0012153103 200.6847807250 78.9987846897 136.0416236725
Willem 787.8446235527 336.7264043974 103.6513916037 156.8496779262

Amber 325.8402729413 681.6590819826 139.5498317209 119.0157939983
Anne 231.3399230746 800.6748759808 142.3779506223 199.3251240192
Anouk 793.1540520710 741.0905484365 108.4346599275 169.0806832708
Bas 373.7178736969 800.6748759808 91.6722309653 199.3251240192
Bram 335.6859147618 0.0000000000 184.3626879114 88.4153745355
Charlotte 569.9472995815 481.8352694666 114.8491783118 131.7342641786
Cornelis 667.6759747567 741.0905484365 125.4780773143 121.5577054726
Daan 158.2934607979 0.0000000000 177.3924539639 88.4153745355
Daniël 363.0584316464 225.8084372771 156.9901710267 116.0005820917
David 635.6076034678 189.7808203256 145.6763607752 94.1274032369
Dylan 430.4852998041 341.8090193687 89.5633028691 140.0262500979
Eline 228.9128540348 225.8084372771 134.1455776117 116.0005820917
Emma 520.0486026731 0.0000000000 207.6650328759 56.6819963756
Eva 0.0000000000 66.1852316157 107.7167696649 159.6232056614
Femke 520.0486026731 189.7808203256 115.5590007947 94.1274032369
Fleur 913.4683163821 82.9513066778 86.5316836179 106.8295136478
Floris 181.9616711403 589.2487225492 77.0258448748 92.4103594334
Gijs 160.3511380156 681.6590819826 70.9887850590 110.6867376036
Ilse 793.1540520710 910.1712317073 96.3908977911 89.8287682927
Iris 520.0486026731 283.9082235625 137.9347618301 197.9270459042
Jan 181.9616711403 481.8352694666 215.1531630986 107.4134530826
Jasper 465.3901046622 613.5695336452 139.9078084811 127.5210147912
Jelle 684.7964778933 579.1048782807 101.9608254974 161.9856701558
Jesse 0.0000000000 541.4437287934 130.0981996559 140.2153531892
Johanna 901.5887119985 741.0905484365 98.4112880015 169.0806832708
Johannes 465.3901046622 741.0905484365 202.2858700945 121.5577054726
Joris 605.2979131433 613.5695336452 79.4985647500 127.5210147912
Julia 865.5284257418 0.0000000000 134.4715742582 82.9513066778
Koen 893.8727919603 324.4668084485 106.1272080397 157.3684610181
Lars 379.8768954989 88.4153745355 140.1717071742 137.3930627416
Lieke 144.8772982217 390.1663563641 84.0355558131 91.6689131026
Lisa 158.2934607979 88.4153745355 221.5834347010 137.3930627416
Lotte 0.0000000000 681.6590819826 160.3511380156 110.6867376036
Lucas 675.1607231044 56.6819963756 52.5529124446 133.0988239500
Luuk 727.7136355490 0.0000000000 137.8147901928 82.9513066778
Maria 465.3901046622 862.6482539091 155.4691413787 137.3517460909
Maud 183.1677791908 225.8084372771 45.7450748440 164.3579190870
Max 727.7136355490 82.9513066778 185.7546808331 106.8295136478
Merel 889.5449498621 910.1712317073 110.4550501379 89.8287682927
Mohamed 397.1148342389 481.8352694666 68.2752704233 107.4134530826
Naomi 781.2839642430 189.7808203256 134.9816538668 134.6859881229
Nick 620.8592460409 862.6482539091 172.2948060301 137.3517460909
Niels 756.7072311780 481.8352694666 243.2927688220 97.2696088141
Nikki 684.7964778933 481.8352694666 71.9107532846 97.2696088141
Nina 231.3399230746 681.6590819826 94.5003498667 119.0157939983
Pieter 465.3901046622 481.8352694666 104.5571949193 131.7342641786
Robin 786.7573033907 579.1048782807 213.2426966093 161.9856701558
Roos 130.0981996559 541.4437287934 51.8634714844 140.2153531892
Ruben 520.0486026731 56.6819963756 155.1121204312 133.0988239500
Sanne 228.9128540348 341.8090193687 201.5724457693 140.0262500979
Sarah 107.7167696649 66.1852316157 50.5766911330 159.6232056614
Sophie 0.0000000000 0.0000000000 158.2934607979 66.1852316157
Stijn 0.0000000000 481.8352694666 181.9616711403 59.6084593268
Sven 174.3581844854 792.3458195861 56.9817385893 207.6541804139
Tessa 258.9875160151 589.2487225492 206.4025886471 92.4103594334
Thijs 0.0000000000 390.1663563641 144.8772982217 91.6689131026
Thomas 0.0000000000 792.3458195861 174.3581844854 207.6541804139
Tim 0.0000000000 225.8084372771 183.1677791908 164.3579190870
Tom 657.9833645032 283.9082235625 123.3005997398 197.9270459042
Vera 916.2656181098 189.7808203256 83.7343818902 134.6859881229
Willem 781.2839642430 324.4668084485 112.5888277173 157.3684610181

Amber 300.2812335997 680.9273174837 140.9769701489 109.5218399578
Anne 221.9922119477 790.4491574416 133.5758340856 209.5508425584
Anouk 777.8671570325 722.1069999758 110.5600396229 184.0499184861
Bas 355.5680460333 790.4491574416 85.6901577153 209.5508425584
Bram 347.9217892104 0.0000000000 180.0960164979 87.4573608163
Charlotte 547.5571749322 474.5720587778 123.1215147884 127.4236212622
Cornelis 658.3194089999 722.1069999758 119.5477480326 132.5321647408
Daan 156.1035467867 0.0000000000 191.8182424238 87.4573608163
Daniël 376.4648534007 222.6946742467 151.5529523076 117.6630241976
David 652.0058531793 176.3354431991 142.8886644635 82.1838604990
Dylan 430.5692010204 340.3576984443 97.4486046879 134.2143603336
Eline 235.2090529049 222.6946742467 141.2558004958 117.6630241976
Emma 528.0178057083 0.0000000000 217.9328011716 50.0353601964
Eva 0.0000000000 63.4848981990 104.9796352140 159.2097760477
Femke 528.0178057083 176.3354431991 123.9880474710 82.1838604990
Fleur 910.9454708391 74.4717648462 89.0545291609 101.8636783529
Floris 170.4211145150 586.9834837538 85.9800283281 93.9438337299
Gijs 148.2980760142 680.9273174837 73.6941359334 102.4391243868
Ilse 777.8671570325 906.1569184619 106.5972808279 93.8430815381
Iris 528.0178057083 258.5193036982 148.1050718171 216.0527550796
Jan 170.4211145150 474.5720587778 203.4041813020 112.4114249760
Jasper 441.2582037486 601.9956800400 133.7208469533 120.1113199358
Jelle 670.6786897206 566.7373169907 94.1774967466 155.3696829852
Jesse 0.0000000000 530.3536039757 116.5713434636 150.5737135080
Johanna 888.4271966554 722.1069999758 111.5728033446 184.0499184861
Johannes 441.2582037486 722.1069999758 217.0612052513 132.5321647408
Joris 574.9790507019 601.9956800400 95.6996390188 120.1113199358
Julia 895.2932714727 0.0000000000 104.7067285273 74.4717648462
Koen 888.6255176448 305.5359678760 111.3744823552 169.0360909019
Lars 394.0919175358 87.4573608163 133.9258881725 135.2373134304
Lieke 146.4239005146 387.7952147102 88.7851523903 86.7768440676
Lisa 156.1035467867 87.4573608163 237.9883707491 135.2373134304
Lotte 0.0000000000 680.9273174837 148.2980760142 102.4391243868
Lucas 683.7192313761 50.0353601964 62.2313755039 126.3000830028
Luuk 745.9506068799 0.0000000000 149.3426645927 74.4717648462
Maria 441.2582037486 854.6391647167 165.2055370720 145.3608352833
Maud 197.3874371978 222.6946742467 37.8216157071 165.1005404635
Max 745.9506068799 74.4717648462 164.9948639591 101.8636783529
Merel 884.4644378604 906.1569184619 115.5355621396 93.8430815381
Mohamed 373.8252958170 474.5720587778 67.4329079316 112.4114249760
Naomi 794.8945176428 176.3354431991 126.9586104157 129.2005246768
Nick 606.4637408206 854.6391647167 171.4034162119 145.3608352833
Niels 754.9471928628 474.5720587778 245.0528071372 92.1652582128
Nikki 670.6786897206 474.5720587778 84.2685031421 92.1652582128
Nina 221.9922119477 680.9273174837 78.2890216521 109.5218399578
Pieter 441.2582037486 474.5720587778 106.2989711836 127.4236212622
Robin 764.8561864672 566.7373169907 235.1438135328 155.3696829852
Roos 116.5713434636 530.3536039757 53.8497710513 150.5737135080
Ruben 528.0178057083 50.0353601964 155.7014256678 126.3000830028
Sanne 235.2090529049 340.3576984443 195.3601481155 134.2143603336
Sarah 104.9796352140 63.4848981990 51.1239115726 159.2097760477
Sophie 0.0000000000 0.0000000000 156.1035467867 63.4848981990
Stijn 0.0000000000 474.5720587778 170.4211145150 55.7815451979
Sven 170.7963336109 783.3664418705 51.1958783368 216.6335581295
Tessa 256.4011428431 586.9834837538 184.8570609055 93.9438337299
Thijs 0.0000000000 387.7952147102 146.4239005146 86.7768440676
Thomas 0.0000000000 783.3664418705 170.7963336109 216.6335581295
Tim 0.0000000000 222.6946742467 197.3874371978 165.1005404635
Tom 676.1228775254 258.5193036982 118.7716401174 216.0527550796
Vera 921.8531280585 176.3354431991 78.1468719415 129.2005246768
Willem 794.8945176428 305.5359678760 93.7310000019 169.0360909019

