new coffee 20
Africa/NorthernAfrica/DZA 695.3083465418 934.9114562727 177.4533183182 65.0885437273
Africa/NorthernAfrica/EGY 929.8318534089 969.3276233798 40.6134445795 30.6723766202
Africa/NorthernAfrica/MAR 872.7616648600 934.9114562727 57.0701885489 65.0885437273
Africa/NorthernAfrica/TUN 929.8318534089 934.9114562727 40.6134445795 34.4161671070
America/NorthernAmerica/CAN 577.1161088440 604.6272922841 90.5844574144 395.3727077159
America/NorthernAmerica/MEX 576.3014899089 604.6272922841 0.8146189351 395.3727077159
America/NorthernAmerica/USA 0.0000000000 604.6272922841 576.3014899089 395.3727077159
America/SouthernAmerica/ARG 667.7005662584 604.6272922841 27.6077802834 307.8249525445
America/SouthernAmerica/CHL 667.7005662584 912.4522448286 27.6077802834 87.5297310122
America/SouthernAmerica/COL 667.7005662584 999.9819758408 27.6077802834 0.0180241592
Asia/EasternAsia/CHN 995.2216291118 604.6272922841 4.7783708882 304.4421067898
Asia/EasternAsia/JPN 695.3083465418 645.9521029254 299.9132825699 263.1172961485
Asia/EasternAsia/KOR 695.3083465418 604.6272922841 299.9132825699 41.3248106413
Asia/SouthEasternAsia/IDN 900.0609989984 909.0693990739 1.8875863150 25.8420571989
Asia/SouthEasternAsia/MYS 800.6823684811 909.0693990739 99.3786305174 25.8420571989
Asia/SouthEasternAsia/PHL 901.9485853134 915.0607211269 0.6976165030 19.8507351458
Asia/SouthEasternAsia/SGP 695.3083465418 909.0693990739 105.3740219393 25.8420571989
Asia/SouthEasternAsia/THA 901.9485853134 909.0693990739 0.6976165030 5.9913220531
Asia/WesternAsia/IND 996.5556718173 909.0693990739 3.4443281827 25.8420571989
Asia/WesternAsia/TUR 902.6462018164 909.0693990739 93.9094700009 25.8420571989
AustraliaandNewZealand/NZL 970.4452979884 934.9114562727 29.5547020116 65.0885437273
Europe/EasternEurope/BGR 978.2388900379 569.8619341996 21.7611099621 17.8231644565
Europe/EasternEurope/CZE 934.6855605928 0.0000000000 65.3144394072 99.1204307254
Europe/EasternEurope/HUN 934.6855605928 393.6559133063 65.3144394072 85.2484055117
Europe/EasternEurope/POL 934.6855605928 99.1204307254 65.3144394072 294.5354825809
Europe/EasternEurope/ROU 934.6855605928 569.8619341996 43.5533294451 34.7653580845
Europe/EasternEurope/RUS 934.6855605928 478.9043188180 65.3144394072 42.9144261934
Europe/EasternEurope/SVK 934.6855605928 521.8187450114 65.3144394072 48.0431891882
Europe/EasternEurope/UKR 978.2388900379 587.6850986561 21.7611099621 16.9421936280
Europe/NorthernEurope/DNK 732.0134235166 347.7967157207 86.9757696571 150.2531013906
Europe/NorthernEurope/EST 835.6261255588 559.9881934934 37.9209464222 44.6390987907
Europe/NorthernEurope/FIN 542.2962453956 519.9882183603 189.7171781211 84.6390739238
Europe/NorthernEurope/GBR 542.2962453956 347.7967157207 189.7171781211 172.1915026395
Europe/NorthernEurope/IRL 909.9595753244 559.9881934934 24.7259852684 44.6390987907
Europe/NorthernEurope/LTU 873.5470719810 559.9881934934 36.4125033434 44.6390987907
Europe/NorthernEurope/LVA 818.9891931737 559.9881934934 16.6369323851 44.6390987907
Europe/NorthernEurope/NOR 732.0134235166 498.0498171114 86.9757696571 106.5774751727
Europe/NorthernEurope/SWE 818.9891931737 347.7967157207 115.6963674191 212.1914777726
Europe/SouthernEurope/ESP 748.5842146439 0.0000000000 146.0406602973 276.3708852899
Europe/SouthernEurope/GRC 894.6248749413 111.5127248711 40.0606856515 174.3578309119
Europe/SouthernEurope/HRV 894.6248749413 0.0000000000 40.0606856515 111.5127248711
Europe/SouthernEurope/ITA 542.2962453956 0.0000000000 206.2879692484 347.7967157207
Europe/SouthernEurope/PRT 748.5842146439 276.3708852899 146.0406602973 71.4258304309
Europe/SouthernEurope/SVN 894.6248749413 285.8705557830 40.0606856515 61.9261599378
Europe/WesternEurope/AUS 454.7468434894 423.9276301373 87.5494019062 180.6996621468
Europe/WesternEurope/CHE 397.9817154903 312.6778787299 144.3145299052 111.2497514075
Europe/WesternEurope/DEU 0.0000000000 0.0000000000 397.9817154903 423.9276301373
Europe/WesternEurope/FRA 0.0000000000 423.9276301373 454.7468434894 180.6996621468
Europe/WesternEurope/NLD 397.9817154903 0.0000000000 144.3145299052 312.6778787299

Africa/NorthernAfrica/DZA 729.7413145546 943.3332611507 141.8591909278 56.6667388493
Africa/NorthernAfrica/EGY 926.3612132121 978.3432551643 40.0539340424 21.6567448357
Africa/NorthernAfrica/MAR 871.6005054824 943.3332611507 54.7607077297 56.6667388493
Africa/NorthernAfrica/TUN 926.3612132121 943.3332611507 40.0539340424 35.0099940136
America/NorthernAmerica/CAN 621.6020703615 577.9942597205 86.5017761695 422.0057402795
America/NorthernAmerica/MEX 617.2793415868 577.9942597205 4.3227287747 422.0057402795
America/NorthernAmerica/USA 0.0000000000 577.9942597205 617.2793415868 422.0057402795
America/SouthernAmerica/ARG 708.1038465310 577.9942597205 21.6374680235 334.6419610222
America/SouthernAmerica/CHL 708.1038465310 912.6362207427 21.6374680235 87.2473455912
America/SouthernAmerica/COL 708.1038465310 999.8835663339 21.6374680235 0.1164336661
Asia/EasternAsia/CHN 729.7413145546 906.8103716625 270.2586854454 0.6701681217
Asia/EasternAsia/JPN 729.7413145546 630.4823832123 270.2586854454 276.3279884502
Asia/EasternAsia/KOR 729.7413145546 577.9942597205 270.2586854454 52.4881234917
Asia/SouthEasternAsia/IDN 903.3413639408 907.4805397842 26.4542529012 35.8527213665
Asia/SouthEasternAsia/MYS 842.6602244597 907.4805397842 60.6811394811 35.8527213665
Asia/SouthEasternAsia/PHL 929.7956168420 908.0959197833 13.3269471053 35.2373413674
Asia/SouthEasternAsia/SGP 729.7413145546 907.4805397842 112.9189099052 35.8527213665
Asia/SouthEasternAsia/THA 929.7956168420 907.4805397842 13.3269471053 0.6153799991
Asia/WesternAsia/IND 993.8027007643 907.4805397842 6.1972992357 35.8527213665
Asia/WesternAsia/TUR 943.1225639474 907.4805397842 50.6801368170 35.8527213665
AustraliaandNewZealand/NZL 966.4151472545 943.3332611507 33.5848527455 56.6667388493
Europe/EasternEurope/BGR 977.7384772345 543.4577197627 22.2615227655 17.8199519442
Europe/EasternEurope/CZE 942.4705613611 0.0000000000 57.5294386389 93.3359300283
Europe/EasternEurope/HUN 942.4705613611 391.9115037217 57.5294386389 76.5076978514
Europe/EasternEurope/POL 942.4705613611 93.3359300283 57.5294386389 298.5755736934
Europe/EasternEurope/ROU 942.4705613611 543.4577197627 35.2679158734 34.5365399579
Europe/EasternEurope/RUS 942.4705613611 468.4192015731 57.5294386389 29.0410499396
Europe/EasternEurope/SVK 942.4705613611 497.4602515127 57.5294386389 45.9974682500
Europe/EasternEurope/UKR 977.7384772345 561.2776717069 22.2615227655 16.7165880137
Europe/NorthernEurope/DNK 747.3024592832 306.8153489991 75.0769192065 167.8744571608
Europe/NorthernEurope/EST 843.1971681093 530.0171421582 38.4690521921 47.9771175624
Europe/NorthernEurope/FIN 552.3803438580 474.6898061598 174.2359344473 103.3044535607
Europe/NorthernEurope/GBR 552.3803438580 306.8153489991 194.9221154252 167.8744571608
Europe/NorthernEurope/IRL 918.1187695532 530.0171421582 24.3517918079 47.9771175624
Europe/NorthernEurope/LTU 881.6662203013 530.0171421582 36.4525492519 47.9771175624
Europe/NorthernEurope/LVA 822.3793784897 530.0171421582 20.8177896196 47.9771175624
Europe/NorthernEurope/NOR 726.6162783053 474.6898061598 95.7631001844 103.3044535607
Europe/NorthernEurope/SWE 822.3793784897 306.8153489991 120.0911828715 223.2017931591
Europe/SouthernEurope/ESP 751.2428514163 0.0000000000 149.9278518520 249.6123087107
Europe/SouthernEurope/GRC 901.1707032683 110.0792491807 41.2998580928 148.7392185361
Europe/SouthernEurope/HRV 901.1707032683 0.0000000000 41.2998580928 110.0792491807
Europe/SouthernEurope/ITA 552.3803438580 0.0000000000 198.8625075583 306.8153489991
Europe/SouthernEurope/PRT 751.2428514163 249.6123087107 149.9278518520 57.2030402883
Europe/SouthernEurope/SVN 901.1707032683 258.8184677168 41.2998580928 47.9968812822
Europe/WesternEurope/AUS 452.0537896605 410.5509165190 100.3265541975 167.4433432015
Europe/WesternEurope/CHE 429.2466387238 306.6845260178 123.1337051342 103.8663905012
Europe/WesternEurope/DEU 0.0000000000 0.0000000000 429.2466387238 410.5509165190
Europe/WesternEurope/FRA 0.0000000000 410.5509165190 452.0537896605 167.4433432015
Europe/WesternEurope/NLD 429.2466387238 0.0000000000 123.1337051342 306.6845260178

Africa/NorthernAfrica/DZA 715.6077596658 929.4331995999 170.7484227529 70.5668004001
Africa/NorthernAfrica/EGY 939.4775858374 971.8537244520 31.3694618775 28.1462755480
Africa/NorthernAfrica/MAR 886.3561824187 929.4331995999 53.1214034187 70.5668004001
Africa/NorthernAfrica/TUN 939.4775858374 929.4331995999 31.3694618775 42.4205248521
America/NorthernAmerica/CAN 593.7518943756 576.8845520387 101.9361995310 423.1154479613
America/NorthernAmerica/MEX 590.4950960597 576.8845520387 3.2567983158 423.1154479613
America/NorthernAmerica/USA 0.0000000000 576.8845520387 590.4950960597 423.1154479613
America/SouthernAmerica/ARG 695.6880939066 576.8845520387 19.9196657592 337.1644295054
America/SouthernAmerica/CHL 695.6880939066 914.0489815440 19.9196657592 85.8663937368
America/SouthernAmerica/COL 695.6880939066 999.9153752809 19.9196657592 0.0846247191
Asia/EasternAsia/CHN 715.6077596658 894.9847358707 284.3922403342 2.9598790620
Asia/EasternAsia/JPN 715.6077596658 618.6717943112 284.3922403342 276.3129415595
Asia/EasternAsia/KOR 715.6077596658 576.8845520387 284.3922403342 41.7872422725
Asia/SouthEasternAsia/IDN 862.7804194576 897.9446149327 9.9343010589 31.4885846673
Asia/SouthEasternAsia/MYS 805.5658289204 897.9446149327 57.2145905372 31.4885846673
Asia/SouthEasternAsia/PHL 872.7147205165 897.9446149327 46.8870169121 31.4885846673
Asia/SouthEasternAsia/SGP 715.6077596658 897.9446149327 89.9580692546 31.4885846673
Asia/SouthEasternAsia/THA 919.6017374286 897.9446149327 5.4693909054 31.4885846673
Asia/WesternAsia/IND 991.8454683909 897.9446149327 8.1545316091 31.4885846673
Asia/WesternAsia/TUR 925.0711283340 897.9446149327 66.7743400569 31.4885846673
AustraliaandNewZealand/NZL 970.8470477149 929.4331995999 29.1529522851 70.5668004001
Europe/EasternEurope/BGR 988.6273926947 509.9062401829 11.3726073053 53.6598933761
Europe/EasternEurope/CZE 938.2966220966 0.0000000000 61.7033779034 82.3981031608
Europe/EasternEurope/HUN 938.2966220966 364.9216937395 61.7033779034 85.3298159743
Europe/EasternEurope/POL 938.2966220966 82.3981031608 61.7033779034 282.5235905788
Europe/EasternEurope/ROU 938.2966220966 509.9062401829 50.3307705981 53.6598933761
Europe/EasternEurope/RUS 987.2278645744 450.2515097139 12.7721354256 59.6547304691
Europe/EasternEurope/SVK 938.2966220966 450.2515097139 48.9312424778 59.6547304691
Europe/EasternEurope/UKR 938.2966220966 563.5661335591 61.7033779034 13.3184184796
Europe/NorthernEurope/DNK 738.9805222750 315.3018391065 85.4077638692 151.0525427879
Europe/NorthernEurope/EST 824.3882861443 517.5115017504 53.1232019424 35.2224183578
Europe/NorthernEurope/FIN 535.8851467188 491.2177823890 203.0953755563 85.6667696496
Europe/NorthernEurope/GBR 535.8851467188 315.3018391065 203.0953755563 175.9159432826
Europe/NorthernEurope/IRL 919.7935842517 517.5115017504 18.5030378449 59.3730502882
Europe/NorthernEurope/LTU 877.5114880866 517.5115017504 42.2820961650 59.3730502882
Europe/NorthernEurope/LVA 824.3882861443 552.7339201082 53.1232019424 24.1506319305
Europe/NorthernEurope/NOR 738.9805222750 466.3543818943 85.4077638692 110.5301701443
Europe/NorthernEurope/SWE 824.3882861443 315.3018391065 113.9083359523 202.2096626440
Europe/SouthernEurope/ESP 750.9455324105 0.0000000000 151.4457081157 254.4204744709
Europe/SouthernEurope/GRC 902.3912405262 118.1615749334 35.9053815703 137.5174282904
Europe/SouthernEurope/HRV 902.3912405262 0.0000000000 35.9053815703 118.1615749334
Europe/SouthernEurope/ITA 535.8851467188 0.0000000000 215.0603856918 315.3018391065
Europe/SouthernEurope/PRT 750.9455324105 254.4204744709 151.4457081157 60.8813646355
Europe/SouthernEurope/SVN 902.3912405262 255.6790032238 35.9053815703 59.6228358827
Europe/WesternEurope/AUS 434.6969463514 403.0994717463 101.1882003674 173.7850802924
Europe/WesternEurope/CHE 427.8716949840 252.3006902201 108.0134517348 150.7987815262
Europe/WesternEurope/DEU 0.0000000000 0.0000000000 427.8716949840 403.0994717463
Europe/WesternEurope/FRA 0.0000000000 403.0994717463 434.6969463514 173.7850802924
Europe/WesternEurope/NLD 427.8716949840 0.0000000000 108.0134517348 252.3006902201

Africa/NorthernAfrica/DZA 718.4193090158 921.7056222544 178.1515865139 78.2943777456
Africa/NorthernAfrica/EGY 946.1378596019 965.3212501113 32.7506452942 34.6787498887
Africa/NorthernAfrica/MAR 896.5708955297 921.7056222544 49.5669640723 78.2943777456
Africa/NorthernAfrica/TUN 946.1378596019 921.7056222544 32.7506452942 43.6156278569
America/NorthernAmerica/CAN 601.8901133595 563.9391674562 100.1542257235 436.0608325438
America/NorthernAmerica/MEX 598.7034285384 563.9391674562 3.1866848211 436.0608325438
America/NorthernAmerica/USA 0.0000000000 563.9391674562 598.7034285384 436.0608325438
America/SouthernAmerica/ARG 702.0443390830 563.9391674562 16.3749699328 341.8784075078
America/SouthernAmerica/CHL 702.0443390830 905.8175749640 16.3749699328 94.0006345837
America/SouthernAmerica/COL 702.0443390830 999.8182095478 16.3749699328 0.1817904522
Asia/EasternAsia/CHN 718.4193090158 889.6985220371 281.5806909842 2.6829642442
Asia/EasternAsia/JPN 718.4193090158 605.2314265906 281.5806909842 284.4670954465
Asia/EasternAsia/KOR 718.4193090158 563.9391674562 281.5806909842 41.2922591344
Asia/SouthEasternAsia/IDN 902.2378757277 892.3814862813 10.4486865449 29.3241359731
Asia/SouthEasternAsia/MYS 821.0782659691 892.3814862813 81.1596097586 29.3241359731
Asia/SouthEasternAsia/PHL 912.6865622726 893.4974451751 26.5388765473 28.2081770793
Asia/SouthEasternAsia/SGP 718.4193090158 892.3814862813 102.6589569533 29.3241359731
Asia/SouthEasternAsia/THA 912.6865622726 892.3814862813 26.5388765473 1.1159588938
Asia/WesternAsia/IND 990.6438599542 892.3814862813 9.3561400458 29.3241359731
Asia/WesternAsia/TUR 939.2254388199 892.3814862813 51.4184211343 29.3241359731
AustraliaandNewZealand/NZL 978.8885048962 921.7056222544 21.1114951038 78.2943777456
Europe/EasternEurope/BGR 967.1954445307 448.8272091677 32.8045554693 29.8747121973
Europe/EasternEurope/CZE 926.4726153594 0.0000000000 73.5273846406 68.7517534144
Europe/EasternEurope/HUN 926.4726153594 323.2770215604 73.5273846406 87.3432607805
Europe/EasternEurope/POL 926.4726153594 68.7517534144 73.5273846406 254.5252681460
Europe/EasternEurope/ROU 926.4726153594 478.7019213650 73.5273846406 71.9267759959
Europe/EasternEurope/RUS 967.1954445307 410.6202823409 32.8045554693 38.2069268268
Europe/EasternEurope/SVK 926.4726153594 410.6202823409 40.7228291713 68.0816390240
Europe/EasternEurope/UKR 926.4726153594 550.6286973609 73.5273846406 13.3104700953
Europe/NorthernEurope/DNK 721.5010712258 317.1011850221 88.1364571550 141.2913384050
Europe/NorthernEurope/EST 809.6375283807 493.5340511171 51.9587138912 38.8733827423
Europe/NorthernEurope/FIN 530.4826037902 481.9133151109 191.0184674355 82.0258523453
Europe/NorthernEurope/GBR 530.4826037902 317.1011850221 191.0184674355 164.8121300889
Europe/NorthernEurope/IRL 861.5962422719 535.7092239096 64.8763730875 28.2299435466
Europe/NorthernEurope/LTU 861.5962422719 493.5340511171 64.8763730875 42.1751727925
Europe/NorthernEurope/LVA 809.6375283807 532.4074338594 51.9587138912 31.5317335968
Europe/NorthernEurope/NOR 721.5010712258 458.3925234271 88.1364571550 105.5466440292
Europe/NorthernEurope/SWE 809.6375283807 317.1011850221 116.8350869786 176.4328660950
Europe/SouthernEurope/ESP 737.5007335070 0.0000000000 154.0865807129 252.7683745334
Europe/SouthernEurope/GRC 891.5873142199 117.2550023660 34.8853011395 134.4448059969
Europe/SouthernEurope/HRV 891.5873142199 0.0000000000 34.8853011395 117.2550023660
Europe/SouthernEurope/ITA 530.4826037902 0.0000000000 207.0181297168 317.1011850221
Europe/SouthernEurope/PRT 737.5007335070 252.7683745334 154.0865807129 64.3328104886
Europe/SouthernEurope/SVN 891.5873142199 251.6998083630 34.8853011395 65.4013766591
Europe/WesternEurope/AUS 423.5596104289 395.9793180945 106.9229933613 167.9598493617
Europe/WesternEurope/CHE 413.4746877369 260.7121257433 117.0079160533 135.2671923512
Europe/WesternEurope/DEU 0.0000000000 0.0000000000 413.4746877369 395.9793180945
Europe/WesternEurope/FRA 0.0000000000 395.9793180945 423.5596104289 167.9598493617
Europe/WesternEurope/NLD 413.4746877369 0.0000000000 117.0079160533 260.7121257433

Africa/NorthernAfrica/DZA 721.5555002715 925.3820732747 173.6842774667 74.6179267253
Africa/NorthernAfrica/EGY 948.8513658880 972.3305570470 30.5441509320 27.6694429530
Africa/NorthernAfrica/MAR 895.2397777382 925.3820732747 53.6115881497 74.6179267253
Africa/NorthernAfrica/TUN 948.8513658880 925.3820732747 30.5441509320 46.9484837724
America/NorthernAmerica/CAN 606.8405946113 543.1531140174 97.8462776145 456.8468859826
America/NorthernAmerica/MEX 604.7374859675 543.1531140174 2.1031086438 456.8468859826
America/NorthernAmerica/USA 0.0000000000 543.1531140174 604.7374859675 456.8468859826
America/SouthernAmerica/ARG 704.6868722258 543.1531140174 16.8686280458 347.3382704154
America/SouthernAmerica/CHL 704.6868722258 890.4913844328 16.8686280458 103.7196191199
America/SouthernAmerica/COL 704.6868722258 994.2110035526 16.8686280458 5.7889964474
Asia/EasternAsia/CHN 721.5555002715 890.3998147028 278.4444997285 2.3275118330
Asia/EasternAsia/JPN 721.5555002715 585.5225195289 278.4444997285 304.8772951739
Asia/EasternAsia/KOR 721.5555002715 543.1531140174 278.4444997285 42.3694055115
Asia/SouthEasternAsia/IDN 847.4084208577 892.7273265358 35.7903054682 32.6547467389
Asia/SouthEasternAsia/MYS 772.1462336298 892.7273265358 75.2621872279 32.6547467389
Asia/SouthEasternAsia/PHL 883.1987263259 892.7273265358 39.7355426575 32.6547467389
Asia/SouthEasternAsia/SGP 721.5555002715 892.7273265358 50.5907333582 32.6547467389
Asia/SouthEasternAsia/THA 922.9342689834 892.7273265358 1.7723029612 32.6547467389
Asia/WesternAsia/IND 985.1776319379 892.7273265358 14.8223680621 32.6547467389
Asia/WesternAsia/TUR 924.7065719446 892.7273265358 60.4710599933 32.6547467389
AustraliaandNewZealand/NZL 979.3955168200 925.3820732747 20.6044831800 74.6179267253
Europe/EasternEurope/BGR 975.1571453179 397.6128730829 24.8428546821 53.9211987979
Europe/EasternEurope/CZE 926.2543168913 0.0000000000 73.7456831087 59.4686178660
Europe/EasternEurope/HUN 926.2543168913 280.9170106794 73.7456831087 72.7783692510
Europe/EasternEurope/POL 926.2543168913 59.4686178660 73.7456831087 221.4483928134
Europe/EasternEurope/ROU 926.2543168913 451.5340718808 73.7456831087 76.2129339568
Europe/EasternEurope/RUS 926.2543168913 353.6953799304 73.7456831087 43.9174931525
Europe/EasternEurope/SVK 926.2543168913 397.6128730829 48.9028284266 53.9211987979
Europe/EasternEurope/UKR 926.2543168913 527.7470058376 73.7456831087 15.4061081798
Europe/NorthernEurope/DNK 722.2199688845 308.3006556946 86.1593607998 141.5822875044
Europe/NorthernEurope/EST 808.3793296844 468.8951257262 55.6966189340 35.7299441395
Europe/NorthernEurope/FIN 529.8087533398 466.9331412057 192.4112155448 76.2199728116
Europe/NorthernEurope/GBR 529.8087533398 308.3006556946 192.4112155448 158.6324855112
Europe/NorthernEurope/IRL 864.0759486183 516.4549666072 62.1783682729 26.6981474102
Europe/NorthernEurope/LTU 864.0759486183 468.8951257262 62.1783682729 47.5598408810
Europe/NorthernEurope/LVA 808.3793296844 504.6250698657 55.6966189340 38.5280441517
Europe/NorthernEurope/NOR 722.2199688845 449.8829431990 86.1593607998 93.2701708184
Europe/NorthernEurope/SWE 808.3793296844 308.3006556946 117.8749872069 160.5944700316
Europe/SouthernEurope/ESP 745.0150747834 0.0000000000 143.3003068131 238.0299344094
Europe/SouthernEurope/GRC 888.3153815965 101.7291331393 37.9389352947 148.1726466642
Europe/SouthernEurope/HRV 888.3153815965 0.0000000000 37.9389352947 101.7291331393
Europe/SouthernEurope/ITA 529.8087533398 0.0000000000 215.2063214437 308.3006556946
Europe/SouthernEurope/PRT 745.0150747834 238.0299344094 143.3003068131 70.2707212852
Europe/SouthernEurope/SVN 888.3153815965 249.9017798035 37.9389352947 58.3988758910
Europe/WesternEurope/AUS 441.7544078717 391.7705724100 88.0543454681 151.3825416073
Europe/WesternEurope/CHE 396.2916988302 268.6939258553 133.5170545096 123.0766465547
Europe/WesternEurope/DEU 0.0000000000 0.0000000000 396.2916988302 391.7705724100
Europe/WesternEurope/FRA 0.0000000000 391.7705724100 441.7544078717 151.3825416073
Europe/WesternEurope/NLD 396.2916988302 0.0000000000 133.5170545096 268.6939258553

Africa/NorthernAfrica/DZA 709.4847263404 938.3276373281 153.6942664312 61.6723626719
Africa/NorthernAfrica/EGY 920.1742760750 984.9007253212 45.9667833604 15.0992746788
Africa/NorthernAfrica/MAR 863.1789927716 938.3276373281 56.9952833035 61.6723626719
Africa/NorthernAfrica/TUN 920.1742760750 938.3276373281 45.9667833604 46.5730879931
America/NorthernAmerica/CAN 567.7287902559 578.9051801394 124.0012135924 421.0948198606
America/NorthernAmerica/MEX 562.5137119380 578.9051801394 5.2150783179 421.0948198606
America/NorthernAmerica/USA 0.0000000000 578.9051801394 562.5137119380 421.0948198606
America/SouthernAmerica/ARG 691.7300038483 578.9051801394 17.7547224920 265.0447699386
America/SouthernAmerica/CHL 691.7300038483 843.9499500780 17.7547224920 122.4597822568
America/SouthernAmerica/COL 691.7300038483 966.4097323348 17.7547224920 33.5902676652
Asia/EasternAsia/CHN 709.4847263404 905.3782427537 290.5152736596 3.6104954572
Asia/EasternAsia/JPN 709.4847263404 615.2823493038 290.5152736596 290.0958934498
Asia/EasternAsia/KOR 709.4847263404 578.9051801394 290.5152736596 36.3771691644
Asia/SouthEasternAsia/IDN 854.5179523267 908.9887382108 25.3549478345 29.3388991173
Asia/SouthEasternAsia/MYS 765.3731397258 908.9887382108 89.1448126009 29.3388991173
Asia/SouthEasternAsia/PHL 879.8729001612 908.9887382108 40.3472862976 29.3388991173
Asia/SouthEasternAsia/SGP 709.4847263404 908.9887382108 55.8884133855 29.3388991173
Asia/SouthEasternAsia/THA 920.2201864587 908.9887382108 3.7288051709 29.3388991173
Asia/WesternAsia/IND 990.4442705442 908.9887382108 9.5557294558 29.3388991173
Asia/WesternAsia/TUR 923.9489916296 908.9887382108 66.4952789146 29.3388991173
AustraliaandNewZealand/NZL 966.1410594355 938.3276373281 33.8589405645 61.6723626719
Europe/EasternEurope/BGR 967.5236651036 391.9892708895 32.4763348964 61.6028670671
Europe/EasternEurope/CZE 922.3784294298 0.0000000000 77.6215705702 64.0686120898
Europe/EasternEurope/HUN 922.3784294298 261.9043995137 77.6215705702 70.5684158296
Europe/EasternEurope/POL 922.3784294298 64.0686120898 77.6215705702 197.8357874239
Europe/EasternEurope/ROU 922.3784294298 453.5921379566 77.6215705702 95.5786704464
Europe/EasternEurope/RUS 922.3784294298 332.4728153433 77.6215705702 59.5164555461
Europe/EasternEurope/SVK 922.3784294298 391.9892708895 45.1452356738 61.6028670671
Europe/EasternEurope/UKR 922.3784294298 549.1708084030 77.6215705702 29.7343717364
Europe/NorthernEurope/DNK 712.2785571828 331.2703094401 84.4675476834 150.1795822305
Europe/NorthernEurope/EST 796.7461048662 490.7070881382 56.0313348232 46.5408867132
Europe/NorthernEurope/FIN 528.6257051938 498.4323724995 183.6528519890 80.4728076399
Europe/NorthernEurope/GBR 528.6257051938 331.2703094401 183.6528519890 167.1620630594
Europe/NorthernEurope/IRL 852.7774396894 546.1965374722 69.6009897404 32.7086426672
Europe/NorthernEurope/LTU 852.7774396894 490.7070881382 69.6009897404 55.4894493340
Europe/NorthernEurope/LVA 796.7461048662 537.2479748514 56.0313348232 41.6572052880
Europe/NorthernEurope/NOR 712.2785571828 481.4498916706 84.4675476834 97.4552884688
Europe/NorthernEurope/SWE 796.7461048662 331.2703094401 125.6323245636 159.4367786981
Europe/SouthernEurope/ESP 744.3035806508 0.0000000000 139.8925794464 253.0859032336
Europe/SouthernEurope/GRC 884.1961600972 100.7882849354 38.1822693326 166.7498396656
Europe/SouthernEurope/HRV 884.1961600972 0.0000000000 38.1822693326 100.7882849354
Europe/SouthernEurope/ITA 528.6257051938 0.0000000000 215.6778754570 331.2703094401
Europe/SouthernEurope/PRT 744.3035806508 253.0859032336 139.8925794464 78.1844062064
Europe/SouthernEurope/SVN 884.1961600972 267.5381246010 38.1822693326 63.7321848390
Europe/WesternEurope/AUS 421.8625210223 408.0978260731 106.7631841716 170.8073540663
Europe/WesternEurope/CHE 392.7847007547 266.8345641933 135.8410044391 141.2632618798
Europe/WesternEurope/DEU 0.0000000000 0.0000000000 392.7847007547 408.0978260731
Europe/WesternEurope/FRA 0.0000000000 408.0978260731 421.8625210223 170.8073540663
Europe/WesternEurope/NLD 392.7847007547 0.0000000000 135.8410044391 266.8345641933

Africa/NorthernAfrica/DZA 702.1887931370 934.8866129508 167.4952712866 65.1133870492
Africa/NorthernAfrica/EGY 928.0047982023 975.7538013283 40.9448970144 24.2461986717
Africa/NorthernAfrica/MAR 869.6840644236 934.8866129508 58.3207337788 65.1133870492
Africa/NorthernAfrica/TUN 928.0047982023 934.8866129508 40.9448970144 40.8671883775
America/NorthernAmerica/CAN 576.8485321296 559.1821596563 112.6103056718 440.8178403437
America/NorthernAmerica/MEX 573.5211441626 559.1821596563 3.3273879670 440.8178403437
America/NorthernAmerica/USA 0.0000000000 559.1821596563 573.5211441626 440.8178403437
America/SouthernAmerica/ARG 689.4588378014 559.1821596563 12.7299553356 242.7719214858
America/SouthernAmerica/CHL 689.4588378014 801.9540811421 12.7299553356 140.1004302598
America/SouthernAmerica/COL 689.4588378014 942.0545114019 12.7299553356 57.9454885981
Asia/EasternAsia/CHN 702.1887931370 891.3792757797 297.8112068630 4.4261809643
Asia/EasternAsia/JPN 702.1887931370 596.5623649370 297.8112068630 294.8169108427
Asia/EasternAsia/KOR 702.1887931370 559.1821596563 297.8112068630 37.3802052807
Asia/SouthEasternAsia/IDN 853.6855048742 895.8054567440 17.7942620944 39.0811562068
Asia/SouthEasternAsia/MYS 776.5791734758 895.8054567440 77.1063313984 39.0811562068
Asia/SouthEasternAsia/PHL 871.4797669686 895.8054567440 66.4463403440 39.0811562068
Asia/SouthEasternAsia/SGP 702.1887931370 895.8054567440 74.3903803388 39.0811562068
Asia/SouthEasternAsia/THA 937.9261073126 895.8054567440 2.9954882752 39.0811562068
Asia/WesternAsia/IND 993.3515679988 895.8054567440 6.6484320012 39.0811562068
Asia/WesternAsia/TUR 940.9215955878 895.8054567440 52.4299724110 39.0811562068
AustraliaandNewZealand/NZL 968.9496952168 934.8866129508 31.0503047832 65.1133870492
Europe/EasternEurope/BGR 966.0968231875 389.9607185431 33.9031768125 57.7058686344
Europe/EasternEurope/CZE 923.6844981815 0.0000000000 76.3155018185 59.9867932044
Europe/EasternEurope/HUN 923.6844981815 257.6769029313 76.3155018185 61.9181885076
Europe/EasternEurope/POL 923.6844981815 59.9867932044 76.3155018185 197.6901097270
Europe/EasternEurope/ROU 923.6844981815 447.6665871774 76.3155018185 84.8804272974
Europe/EasternEurope/RUS 923.6844981815 319.5950914389 76.3155018185 70.3656271041
Europe/EasternEurope/SVK 923.6844981815 389.9607185431 42.4123250059 57.7058686344
Europe/EasternEurope/UKR 923.6844981815 532.5470144748 76.3155018185 26.6351451815
Europe/NorthernEurope/DNK 713.6178034453 307.5872875031 78.4427637195 146.4591662295
Europe/NorthernEurope/EST 792.0605671648 467.7389834105 61.7334292585 48.7087886122
Europe/NorthernEurope/FIN 538.5506783158 487.3860205451 175.0671251295 71.7961391112
Europe/NorthernEurope/GBR 538.5506783158 307.5872875031 175.0671251295 179.7987330420
Europe/NorthernEurope/IRL 853.7939964233 524.1591914054 69.8905017583 35.0229682509
Europe/NorthernEurope/LTU 853.7939964233 467.7389834105 69.8905017583 56.4202079949
Europe/NorthernEurope/LVA 792.0605671648 516.4477720227 61.7334292585 42.7343876336
Europe/NorthernEurope/NOR 713.6178034453 454.0464537326 78.4427637195 105.1357059237
Europe/NorthernEurope/SWE 792.0605671648 307.5872875031 131.6239310167 160.1516959074
Europe/SouthernEurope/ESP 742.8557657195 0.0000000000 139.5324394994 241.0232811517
Europe/SouthernEurope/GRC 882.3882052189 92.1178836583 41.2962929626 159.3496788328
Europe/SouthernEurope/HRV 882.3882052189 0.0000000000 41.2962929626 92.1178836583
Europe/SouthernEurope/ITA 538.5506783158 0.0000000000 204.3050874037 307.5872875031
Europe/SouthernEurope/PRT 742.8557657195 241.0232811517 139.5324394994 66.5640063514
Europe/SouthernEurope/SVN 882.3882052189 251.4675624911 41.2962929626 56.1197250120
Europe/WesternEurope/AUS 441.4465003333 390.4476721756 97.1041779826 168.7344874807
Europe/WesternEurope/CHE 401.5828676284 252.1959645968 136.9678106874 138.2517075787
Europe/WesternEurope/DEU 0.0000000000 0.0000000000 401.5828676284 390.4476721756
Europe/WesternEurope/FRA 0.0000000000 390.4476721756 441.4465003333 168.7344874807
Europe/WesternEurope/NLD 401.5828676284 0.0000000000 136.9678106874 252.1959645968

Africa/NorthernAfrica/DZA 714.1404653775 928.5116924207 183.4319921602 71.4883075793
Africa/NorthernAfrica/EGY 950.8588723484 958.2209111802 20.5984882053 41.7790888198
Africa/NorthernAfrica/MAR 897.5724575376 928.5116924207 53.2864148108 71.4883075793
Africa/NorthernAfrica/TUN 950.8588723484 928.5116924207 20.5984882053 29.7092187595
America/NorthernAmerica/CAN 591.5272579004 570.5317800470 108.3723365430 429.4682199530
America/NorthernAmerica/MEX 586.7382726805 570.5317800470 4.7889852199 429.4682199530
America/NorthernAmerica/USA 0.0000000000 570.5317800470 586.7382726805 429.4682199530
America/SouthernAmerica/ARG 699.8995944434 570.5317800470 14.2408709340 265.1149178376
America/SouthernAmerica/CHL 699.8995944434 835.6466978846 14.2408709340 140.0247791700
America/SouthernAmerica/COL 699.8995944434 975.6714770546 14.2408709340 24.3285229454
Asia/EasternAsia/CHN 714.1404653775 877.4103862648 285.8595346225 6.9043951730
Asia/EasternAsia/JPN 714.1404653775 607.3036997826 285.8595346225 270.1066864822
Asia/EasternAsia/KOR 714.1404653775 570.5317800470 285.8595346225 36.7719197356
Asia/SouthEasternAsia/IDN 856.8514750889 884.3147814378 17.8337501583 44.1969109829
Asia/SouthEasternAsia/MYS 801.9154737284 884.3147814378 54.9360013604 44.1969109829
Asia/SouthEasternAsia/PHL 874.6852252472 884.3147814378 65.1146683388 44.1969109829
Asia/SouthEasternAsia/SGP 714.1404653775 884.3147814378 87.7750083510 44.1969109829
Asia/SouthEasternAsia/THA 939.7998935860 884.3147814378 3.7634961551 44.1969109829
Asia/WesternAsia/IND 984.1910629838 884.3147814378 15.8089370162 44.1969109829
Asia/WesternAsia/TUR 943.5633897411 884.3147814378 40.6276732427 44.1969109829
AustraliaandNewZealand/NZL 971.4573605536 928.5116924207 28.5426394464 71.4883075793
Europe/EasternEurope/BGR 959.5503847717 397.9051235861 40.4496152283 59.9593005658
Europe/EasternEurope/CZE 917.3680894132 0.0000000000 82.6319105868 59.8239369054
Europe/EasternEurope/HUN 917.3680894132 269.7424086022 82.6319105868 61.3753256788
Europe/EasternEurope/POL 917.3680894132 59.8239369054 82.6319105868 209.9184716967
Europe/EasternEurope/ROU 917.3680894132 457.8644241519 82.6319105868 85.6481477886
Europe/EasternEurope/RUS 917.3680894132 331.1177342810 82.6319105868 66.7873893052
Europe/EasternEurope/SVK 917.3680894132 397.9051235861 42.1822953585 59.9593005658
Europe/EasternEurope/UKR 917.3680894132 543.5125719405 82.6319105868 27.0192081066
Europe/NorthernEurope/DNK 723.3991638162 318.3532572968 59.0038596535 172.9937736368
Europe/NorthernEurope/EST 782.4030234696 471.7907498502 64.8744741023 59.0765141933
Europe/NorthernEurope/FIN 532.7002422679 491.3470309336 153.3475422771 79.1847491134
Europe/NorthernEurope/GBR 532.7002422679 318.3532572968 190.6989215482 172.9937736368
Europe/NorthernEurope/IRL 847.2774975720 527.4099981609 70.0905918412 43.1217818861
Europe/NorthernEurope/LTU 847.2774975720 471.7907498502 70.0905918412 55.6192483107
Europe/NorthernEurope/LVA 782.4030234696 530.8672640435 64.8744741023 39.6645160035
Europe/NorthernEurope/NOR 686.0477845451 491.3470309336 96.3552389246 79.1847491134
Europe/NorthernEurope/SWE 782.4030234696 318.3532572968 134.9650659435 153.4374925534
Europe/SouthernEurope/ESP 732.2205856244 0.0000000000 145.2916733346 253.7156514430
Europe/SouthernEurope/GRC 877.5122589590 91.5977521676 39.8558304541 179.3600320396
Europe/SouthernEurope/HRV 877.5122589590 0.0000000000 39.8558304541 91.5977521676
Europe/SouthernEurope/ITA 532.7002422679 0.0000000000 199.5203433565 318.3532572968
Europe/SouthernEurope/PRT 732.2205856244 253.7156514430 145.2916733346 64.6376058538
Europe/SouthernEurope/SVN 877.5122589590 270.9577842073 39.8558304541 47.3954730895
Europe/WesternEurope/AUS 432.3182852812 396.5027489222 100.3819569868 174.0290311249
Europe/WesternEurope/CHE 379.3222279966 266.0819964754 153.3780142713 130.4207524467
Europe/WesternEurope/DEU 0.0000000000 0.0000000000 379.3222279966 396.5027489222
Europe/WesternEurope/FRA 0.0000000000 396.5027489222 432.3182852812 174.0290311249
Europe/WesternEurope/NLD 379.3222279966 0.0000000000 153.3780142713 266.0819964754

Africa/NorthernAfrica/DZA 713.0535309695 927.3856649281 178.9400094012 72.6143350719
Africa/NorthernAfrica/EGY 938.6518611610 973.7433740240 34.6864970349 26.2566259760
Africa/NorthernAfrica/MAR 891.9935403707 927.3856649281 46.6583207902 72.6143350719
Africa/NorthernAfrica/TUN 938.6518611610 927.3856649281 34.6864970349 46.3577090959
America/NorthernAmerica/CAN 589.5267901988 570.3676721490 107.5626543524 429.6323278510
America/NorthernAmerica/MEX 585.8520437071 570.3676721490 3.6747464917 429.6323278510
America/NorthernAmerica/USA 0.0000000000 570.3676721490 585.8520437071 429.6323278510
America/SouthernAmerica/ARG 697.0894445513 570.3676721490 15.9640864182 266.0208946511
America/SouthernAmerica/CHL 697.0894445513 836.3885668000 15.9640864182 125.4207204572
America/SouthernAmerica/COL 697.0894445513 961.8092872573 15.9640864182 38.1907127427
Asia/EasternAsia/CHN 713.0535309695 879.2450460080 286.9464690305 6.4813055690
Asia/EasternAsia/JPN 713.0535309695 608.9256246850 286.9464690305 270.3194213231
Asia/EasternAsia/KOR 713.0535309695 570.3676721490 286.9464690305 38.5579525360
Asia/SouthEasternAsia/IDN 875.6627577837 885.7263515770 18.9823022113 41.6593133511
Asia/SouthEasternAsia/MYS 813.2367255096 885.7263515770 62.4260322741 41.6593133511
Asia/SouthEasternAsia/PHL 894.6450599951 890.4477301530 29.9758850863 36.9379347752
Asia/SouthEasternAsia/SGP 713.0535309695 885.7263515770 100.1831945401 41.6593133511
Asia/SouthEasternAsia/THA 894.6450599951 885.7263515770 29.9758850863 4.7213785760
Asia/WesternAsia/IND 975.1797578404 885.7263515770 24.8202421596 41.6593133511
Asia/WesternAsia/TUR 924.6209450814 885.7263515770 50.5588127590 41.6593133511
AustraliaandNewZealand/NZL 973.3383581959 927.3856649281 26.6616418041 72.6143350719
Europe/EasternEurope/BGR 958.4416456374 392.0481090762 41.5583543626 58.0628658148
Europe/EasternEurope/CZE 918.0109737226 0.0000000000 81.9890262774 65.4674798243
Europe/EasternEurope/HUN 918.0109737226 268.5491170714 81.9890262774 59.2547449652
Europe/EasternEurope/POL 918.0109737226 65.4674798243 81.9890262774 203.0816372471
Europe/EasternEurope/ROU 918.0109737226 450.1109748910 81.9890262774 93.6288205851
Europe/EasternEurope/RUS 918.0109737226 327.8038620366 81.9890262774 64.2442470396
Europe/EasternEurope/SVK 918.0109737226 392.0481090762 40.4306719148 58.0628658148
Europe/EasternEurope/UKR 918.0109737226 543.7397954761 81.9890262774 26.6278766728
Europe/NorthernEurope/DNK 733.1259750411 305.2831155885 58.6150737810 187.2143034355
Europe/NorthernEurope/EST 791.7410488221 472.9244616751 58.2744264374 56.0716262074
Europe/NorthernEurope/FIN 526.9834302149 492.4974190241 162.4602143473 77.8702531249
Europe/NorthernEurope/GBR 526.9834302149 305.2831155885 206.1425448262 187.2143034355
Europe/NorthernEurope/IRL 850.0154752595 530.2776227953 67.9954984631 40.0900493537
Europe/NorthernEurope/LTU 850.0154752595 472.9244616751 67.9954984631 57.3531611202
Europe/NorthernEurope/LVA 791.7410488221 528.9960878825 58.2744264374 41.3715842665
Europe/NorthernEurope/NOR 689.4436445622 492.4974190241 102.2974042599 77.8702531249
Europe/NorthernEurope/SWE 791.7410488221 305.2831155885 126.2699249005 167.6413460866
Europe/SouthernEurope/ESP 728.2558957075 0.0000000000 144.3570235972 242.2830563359
Europe/SouthernEurope/GRC 872.6129193047 83.0610120564 45.3980544179 176.4027183779
Europe/SouthernEurope/HRV 872.6129193047 0.0000000000 45.3980544179 83.0610120564
Europe/SouthernEurope/ITA 526.9834302149 0.0000000000 201.2724654926 305.2831155885
Europe/SouthernEurope/PRT 728.2558957075 242.2830563359 144.3570235972 63.0000592526
Europe/SouthernEurope/SVN 872.6129193047 259.4637304343 45.3980544179 45.8193851542
Europe/WesternEurope/AUS 424.2112013037 405.1009776464 102.7722289111 165.2666945025
Europe/WesternEurope/CHE 387.7152424861 276.2651632047 139.2681877287 128.8358144418
Europe/WesternEurope/DEU 0.0000000000 0.0000000000 387.7152424861 405.1009776464
Europe/WesternEurope/FRA 0.0000000000 405.1009776464 424.2112013037 165.2666945025
Europe/WesternEurope/NLD 387.7152424861 0.0000000000 139.2681877287 276.2651632047

Africa/NorthernAfrica/DZA 702.3293586436 940.8914480654 184.0078749782 59.1085519346
Africa/NorthernAfrica/EGY 936.7830223080 973.4542322242 29.7568038697 26.5457677758
Africa/NorthernAfrica/MAR 886.3372336218 940.8914480654 50.4457886862 59.1085519346
Africa/NorthernAfrica/TUN 936.7830223080 940.8914480654 29.7568038697 32.5627841588
America/NorthernAmerica/CAN 574.2152756373 568.1581661745 108.6815810248 431.8418338255
America/NorthernAmerica/MEX 572.8681089569 568.1581661745 1.3471666803 431.8418338255
America/NorthernAmerica/USA 0.0000000000 568.1581661745 572.8681089569 431.8418338255
America/SouthernAmerica/ARG 682.8968566621 568.1581661745 19.4325019815 214.3167899387
America/SouthernAmerica/CHL 682.8968566621 782.4749561132 19.4325019815 107.4921592657
America/SouthernAmerica/COL 682.8968566621 889.9671153789 19.4325019815 110.0328846211
Asia/EasternAsia/CHN 702.3293586436 883.0452166024 297.6706413564 6.5244882527
Asia/EasternAsia/JPN 702.3293586436 608.5199862804 297.6706413564 274.5252303219
Asia/EasternAsia/KOR 702.3293586436 568.1581661745 297.6706413564 40.3618201059
Asia/SouthEasternAsia/IDN 833.6478684682 889.5697048551 10.3571330605 51.3217432104
Asia/SouthEasternAsia/MYS 786.1804743783 889.5697048551 47.4673940899 51.3217432104
Asia/SouthEasternAsia/PHL 844.0050015287 892.3877931827 50.4650354590 48.5036548828
Asia/SouthEasternAsia/SGP 702.3293586436 889.5697048551 83.8511157347 51.3217432104
Asia/SouthEasternAsia/THA 844.0050015287 889.5697048551 50.4650354590 2.8180883276
Asia/WesternAsia/IND 932.7199098884 889.5697048551 67.2800901116 51.3217432104
Asia/WesternAsia/TUR 894.4700369877 889.5697048551 38.2498729007 51.3217432104
AustraliaandNewZealand/NZL 966.5398261777 940.8914480654 33.4601738223 59.1085519346
Europe/EasternEurope/BGR 954.7840341743 391.8600991653 45.2159658257 53.9963096966
Europe/EasternEurope/CZE 917.1320171074 0.0000000000 82.8679828926 70.5290041915
Europe/EasternEurope/HUN 917.1320171074 262.8447050341 82.8679828926 55.8286573342
Europe/EasternEurope/POL 917.1320171074 70.5290041915 82.8679828926 192.3157008426
Europe/EasternEurope/ROU 917.1320171074 445.8564088618 82.8679828926 89.3892645185
Europe/EasternEurope/RUS 917.1320171074 318.6733623682 82.8679828926 73.1867367970
Europe/EasternEurope/SVK 917.1320171074 391.8600991653 37.6520170668 53.9963096966
Europe/EasternEurope/UKR 917.1320171074 535.2456733803 82.8679828926 32.9124927942
Europe/NorthernEurope/DNK 718.3718993033 306.9160885350 62.5305270240 172.1430714440
Europe/NorthernEurope/EST 780.9024263273 481.6057253160 66.5269298079 54.4565365639
Europe/NorthernEurope/FIN 528.5061271779 479.0591599789 150.6980783310 89.0990061956
Europe/NorthernEurope/GBR 528.5061271779 306.9160885350 189.8657721254 172.1430714440
Europe/NorthernEurope/IRL 847.4293561352 533.3741115302 69.7026609722 34.7840546443
Europe/NorthernEurope/LTU 847.4293561352 481.6057253160 69.7026609722 51.7683862143
Europe/NorthernEurope/LVA 780.9024263273 536.0622618799 66.5269298079 32.0959042946
Europe/NorthernEurope/NOR 679.2042055089 479.0591599789 101.6982208185 89.0990061956
Europe/NorthernEurope/SWE 780.9024263273 306.9160885350 136.2295907801 174.6896367810
Europe/SouthernEurope/ESP 732.8491448560 0.0000000000 143.3685803113 249.0981515539
Europe/SouthernEurope/GRC 876.2177251672 83.9230720283 40.9142919402 177.8072479529
Europe/SouthernEurope/HRV 876.2177251672 0.0000000000 40.9142919402 83.9230720283
Europe/SouthernEurope/ITA 528.5061271779 0.0000000000 204.3430176781 306.9160885350
Europe/SouthernEurope/PRT 732.8491448560 249.0981515539 143.3685803113 57.8179369811
Europe/SouthernEurope/SVN 876.2177251672 261.7303199812 40.9142919402 45.1857685538
Europe/WesternEurope/AUS 425.1488807377 414.5821559888 103.3572464402 153.5760101858
Europe/WesternEurope/CHE 396.5370786710 256.0460604931 131.9690485069 158.5360954956
Europe/WesternEurope/DEU 0.0000000000 0.0000000000 396.5370786710 414.5821559888
Europe/WesternEurope/FRA 0.0000000000 414.5821559888 425.1488807377 153.5760101858
Europe/WesternEurope/NLD 396.5370786710 0.0000000000 131.9690485069 256.0460604931

Africa/NorthernAfrica/DZA 705.0417229977 935.7334013327 177.7481862416 64.2665986673
Africa/NorthernAfrica/EGY 938.5669092350 975.5895582289 31.0155011040 24.4104417711
Africa/NorthernAfrica/MAR 882.7899092393 935.7334013327 55.7769999957 64.2665986673
Africa/NorthernAfrica/TUN 938.5669092350 935.7334013327 31.0155011040 39.8561568962
America/NorthernAmerica/CAN 574.2584043043 582.7584385796 111.6962850854 417.2415614204
America/NorthernAmerica/MEX 572.2794998554 582.7584385796 1.9789044489 417.2415614204
America/NorthernAmerica/USA 0.0000000000 582.7584385796 572.2794998554 417.2415614204
America/SouthernAmerica/ARG 685.9546893897 582.7584385796 19.0870336081 203.6839270456
America/SouthernAmerica/CHL 685.9546893897 786.4423656253 19.0870336081 106.8050417558
America/SouthernAmerica/COL 685.9546893897 893.2474073810 19.0870336081 106.7525926190
Asia/EasternAsia/CHN 705.0417229977 880.4997860025 294.9582770023 9.0240163705
Asia/EasternAsia/JPN 705.0417229977 623.6659183610 294.9582770023 256.8338676414
Asia/EasternAsia/KOR 705.0417229977 582.7584385796 294.9582770023 40.9074797814
Asia/SouthEasternAsia/IDN 880.6447048233 889.5238023729 42.9727006484 20.2906300299
Asia/SouthEasternAsia/MYS 789.0878994315 889.5238023729 91.5568053918 46.2095989598
Asia/SouthEasternAsia/PHL 880.6447048233 909.8144324028 37.0413058814 25.9189689299
Asia/SouthEasternAsia/SGP 705.0417229977 889.5238023729 84.0461764337 46.2095989598
Asia/SouthEasternAsia/THA 917.6860107047 909.8144324028 5.9313947670 25.9189689299
Asia/WesternAsia/IND 966.1305926319 889.5238023729 33.8694073681 46.2095989598
Asia/WesternAsia/TUR 923.6174054717 889.5238023729 42.5131871601 46.2095989598
AustraliaandNewZealand/NZL 969.5824103390 935.7334013327 30.4175896610 64.2665986673
Europe/EasternEurope/BGR 960.4406154453 405.4434439655 39.5593845547 62.5891985946
Europe/EasternEurope/CZE 911.9370371873 0.0000000000 88.0629628127 75.7564984847
Europe/EasternEurope/HUN 911.9370371873 249.5418945798 88.0629628127 54.2795602565
Europe/EasternEurope/POL 911.9370371873 75.7564984847 88.0629628127 173.7853960952
Europe/EasternEurope/ROU 911.9370371873 468.0326425601 88.0629628127 83.9725113379
Europe/EasternEurope/RUS 911.9370371873 303.8214548364 88.0629628127 101.6219891292
Europe/EasternEurope/SVK 911.9370371873 405.4434439655 48.5035782580 62.5891985946
Europe/EasternEurope/UKR 911.9370371873 552.0051538980 88.0629628127 30.7532846816
Europe/NorthernEurope/DNK 725.4494148715 326.1963208967 56.4624906114 172.4113871681
Europe/NorthernEurope/EST 781.9119054830 494.2970632550 63.1206669717 50.0104517745
Europe/NorthernEurope/FIN 539.5940355043 498.6077080648 150.1379693667 84.1507305149
Europe/NorthernEurope/GBR 539.5940355043 326.1963208967 185.8553793673 172.4113871681
Europe/NorthernEurope/IRL 845.0325724547 549.1366706066 66.9044647326 33.6217679730
Europe/NorthernEurope/LTU 845.0325724547 494.2970632550 66.9044647326 54.8396073516
Europe/NorthernEurope/LVA 781.9119054830 544.3075150295 63.1206669717 38.4509235501
Europe/NorthernEurope/NOR 689.7320048710 498.6077080648 92.1799006120 84.1507305149
Europe/NorthernEurope/SWE 781.9119054830 326.1963208967 130.0251317043 168.1007423583
Europe/SouthernEurope/ESP 737.9174098142 0.0000000000 137.1228538473 263.0314347093
Europe/SouthernEurope/GRC 875.0402636615 96.6296535507 36.8967735258 180.0528520383
Europe/SouthernEurope/HRV 875.0402636615 0.0000000000 36.8967735258 96.6296535507
Europe/SouthernEurope/ITA 539.5940355043 0.0000000000 198.3233743099 326.1963208967
Europe/SouthernEurope/PRT 737.9174098142 263.0314347093 137.1228538473 63.1648861874
Europe/SouthernEurope/SVN 875.0402636615 276.6825055890 36.8967735258 49.5138153077
Europe/WesternEurope/AUS 424.1801626645 422.0530497939 115.4138728398 160.7053887858
Europe/WesternEurope/CHE 412.1393553800 274.8705763381 127.4546801243 147.1824734558
Europe/WesternEurope/DEU 0.0000000000 0.0000000000 412.1393553800 422.0530497939
Europe/WesternEurope/FRA 0.0000000000 422.0530497939 424.1801626645 160.7053887858
Europe/WesternEurope/NLD 412.1393553800 0.0000000000 127.4546801243 274.8705763381

Africa/NorthernAfrica/DZA 687.4149419263 928.0956935256 192.3885030838 71.9043064744
Africa/NorthernAfrica/EGY 938.7986830061 973.9926147432 33.1756960617 26.0073852568
Africa/NorthernAfrica/MAR 879.8034450102 928.0956935256 58.9952379959 71.9043064744
Africa/NorthernAfrica/TUN 938.7986830061 928.0956935256 33.1756960617 45.8969212176
America/NorthernAmerica/CAN 563.8883141756 597.4310458511 104.9723039131 402.5689541489
America/NorthernAmerica/MEX 561.8374663102 597.4310458511 2.0508478654 402.5689541489
America/NorthernAmerica/USA 0.0000000000 597.4310458511 561.8374663102 402.5689541489
America/SouthernAmerica/ARG 668.8606180887 597.4310458511 18.5543238377 240.1063649304
America/SouthernAmerica/CHL 668.8606180887 837.5374107815 18.5543238377 119.3728630160
America/SouthernAmerica/COL 668.8606180887 956.9102737975 18.5543238377 43.0897262025
Asia/EasternAsia/CHN 988.5549369872 597.4310458511 11.4450630128 261.5627491361
Asia/EasternAsia/JPN 687.4149419263 597.4310458511 252.8054213627 261.5627491361
Asia/EasternAsia/KOR 940.2203632891 597.4310458511 48.3345736981 261.5627491361
Asia/SouthEasternAsia/IDN 822.5445463339 858.9937949872 70.2578087159 69.1018985384
Asia/SouthEasternAsia/MYS 743.0750312554 858.9937949872 79.4695150785 69.1018985384
Asia/SouthEasternAsia/PHL 892.8023550498 863.7327402996 38.3232769976 64.3629532260
Asia/SouthEasternAsia/SGP 687.4149419263 858.9937949872 55.6600893291 69.1018985384
Asia/SouthEasternAsia/THA 892.8023550498 858.9937949872 38.3232769976 4.7389453124
Asia/WesternAsia/IND 931.1256320475 858.9937949872 68.8743679525 30.0646337626
Asia/WesternAsia/TUR 931.1256320475 889.0584287498 68.8743679525 39.0372647758
AustraliaandNewZealand/NZL 971.9743790678 928.0956935256 28.0256209322 71.9043064744
Europe/EasternEurope/BGR 968.8589089650 398.1177932566 31.1410910350 87.2032639449
Europe/EasternEurope/CZE 909.5806817205 0.0000000000 90.4193182795 82.5885015232
Europe/EasternEurope/HUN 909.5806817205 226.6368281143 90.4193182795 54.3539399287
Europe/EasternEurope/POL 909.5806817205 82.5885015232 90.4193182795 144.0483265911
Europe/EasternEurope/ROU 909.5806817205 485.3210572015 90.4193182795 77.7518085306
Europe/EasternEurope/RUS 909.5806817205 280.9907680431 90.4193182795 117.1270252135
Europe/EasternEurope/SVK 909.5806817205 398.1177932566 59.2782272445 87.2032639449
Europe/EasternEurope/UKR 909.5806817205 563.0728657321 90.4193182795 34.3581801190
Europe/NorthernEurope/DNK 726.3363271966 344.2637618206 54.1073219075 173.2274123904
Europe/NorthernEurope/EST 780.4436491040 506.3721497312 64.4471624952 54.4021137407
Europe/NorthernEurope/FIN 534.5946935476 517.4911742111 148.4186223196 79.9398716400
Europe/NorthernEurope/GBR 534.5946935476 344.2637618206 191.7416336490 173.2274123904
Europe/NorthernEurope/IRL 844.8908115993 564.3729219108 64.6898701213 33.0581239403
Europe/NorthernEurope/LTU 844.8908115993 506.3721497312 64.6898701213 58.0007721796
Europe/NorthernEurope/LVA 780.4436491040 560.7742634719 64.4471624952 36.6567823792
Europe/NorthernEurope/NOR 683.0133158672 517.4911742111 97.4303332369 79.9398716400
Europe/NorthernEurope/SWE 780.4436491040 344.2637618206 129.1370326165 162.1083879106
Europe/SouthernEurope/ESP 534.5946935476 0.0000000000 335.6771622149 114.0396821501
Europe/SouthernEurope/GRC 870.2718557625 94.7883756193 39.3088259581 197.2912905892
Europe/SouthernEurope/HRV 870.2718557625 0.0000000000 39.3088259581 94.7883756193
Europe/SouthernEurope/ITA 534.5946935476 114.0396821501 294.2753964069 230.2240796705
Europe/SouthernEurope/PRT 828.8700899545 114.0396821501 41.4017658080 230.2240796705
Europe/SouthernEurope/SVN 870.2718557625 292.0796662085 39.3088259581 52.1840956121
Europe/WesternEurope/AUS 398.5947170013 421.4185645558 135.9999765463 176.0124812953
Europe/WesternEurope/CHE 400.9943747131 269.6597789216 133.6003188345 151.7587856342
Europe/WesternEurope/DEU 0.0000000000 0.0000000000 400.9943747131 421.4185645558
Europe/WesternEurope/FRA 0.0000000000 421.4185645558 398.5947170013 176.0124812953
Europe/WesternEurope/NLD 400.9943747131 0.0000000000 133.6003188345 269.6597789216

Africa/NorthernAfrica/DZA 675.9737661032 917.5454542375 190.8090217079 82.4545457625
Africa/NorthernAfrica/EGY 915.5564967578 953.0949387008 62.3417934867 46.9050612992
Africa/NorthernAfrica/MAR 866.7827878111 917.5454542375 48.7737089468 82.4545457625
Africa/NorthernAfrica/TUN 915.5564967578 917.5454542375 62.3417934867 35.5494844633
America/NorthernAmerica/CAN 555.2559630173 601.8057336757 102.4204849602 398.1942663243
America/NorthernAmerica/MEX 552.9900506519 601.8057336757 2.2659123654 398.1942663243
America/NorthernAmerica/USA 0.0000000000 601.8057336757 552.9900506519 398.1942663243
America/SouthernAmerica/ARG 657.6764479775 601.8057336757 18.2973181257 227.1138194223
America/SouthernAmerica/CHL 657.6764479775 828.9195530981 18.2973181257 113.3991474250
America/SouthernAmerica/COL 657.6764479775 942.3187005230 18.2973181257 57.6812994770
Asia/EasternAsia/CHN 717.1566765038 886.4278882178 282.8433234962 11.9477251543
Asia/EasternAsia/JPN 717.1566765038 654.7042978707 282.8433234962 231.7235903472
Asia/EasternAsia/KOR 717.1566765038 601.8057336757 282.8433234962 52.8985641949
Asia/SouthEasternAsia/IDN 675.9737661032 601.8057336757 41.1829104006 23.1624574078
Asia/SouthEasternAsia/MYS 675.9737661032 624.9681910835 41.1829104006 130.0540445629
Asia/SouthEasternAsia/PHL 675.9737661032 865.1750610916 41.1829104006 52.3703931458
Asia/SouthEasternAsia/SGP 675.9737661032 755.0222356464 41.1829104006 65.3396780531
Asia/SouthEasternAsia/THA 675.9737661032 820.3619136995 41.1829104006 44.8131473921
Asia/WesternAsia/IND 841.5233513671 898.3756133721 158.4766486329 19.1698408653
Asia/WesternAsia/TUR 717.1566765038 898.3756133721 124.3666748633 19.1698408653
AustraliaandNewZealand/NZL 977.8982902446 917.5454542375 22.1017097554 82.4545457625
Europe/EasternEurope/BGR 899.6672398086 450.2228190800 100.3327601914 44.2595554295
Europe/EasternEurope/CZE 899.6672398086 0.0000000000 100.3327601914 75.1347317627
Europe/EasternEurope/HUN 899.6672398086 214.4854144658 100.3327601914 44.6977922788
Europe/EasternEurope/POL 899.6672398086 75.1347317627 100.3327601914 139.3506827031
Europe/EasternEurope/ROU 899.6672398086 494.4823745095 100.3327601914 69.8430848968
Europe/EasternEurope/RUS 899.6672398086 259.1832067446 100.3327601914 125.7495538557
Europe/EasternEurope/SVK 899.6672398086 384.9327606004 100.3327601914 65.2900584796
Europe/EasternEurope/UKR 899.6672398086 564.3254594063 100.3327601914 37.4802742695
Europe/NorthernEurope/DNK 702.6207076217 354.8374545183 68.6286732061 139.7347967103
Europe/NorthernEurope/EST 771.2493808278 519.4118873131 63.4163438990 51.7702354248
Europe/NorthernEurope/FIN 518.8920837661 533.5977525844 183.7286238556 68.2079810913
Europe/NorthernEurope/GBR 518.8920837661 354.8374545183 183.7286238556 178.7602980661
Europe/NorthernEurope/IRL 834.6657247269 575.8231534237 65.0015150817 25.9825802521
Europe/NorthernEurope/LTU 834.6657247269 519.4118873131 65.0015150817 56.4112661106
Europe/NorthernEurope/LVA 771.2493808278 571.1821227379 63.4163438990 30.6236109379
Europe/NorthernEurope/NOR 702.6207076217 494.5722512286 68.6286732061 107.2334824472
Europe/NorthernEurope/SWE 771.2493808278 354.8374545183 128.4178589808 164.5744327948
Europe/SouthernEurope/ESP 518.8920837661 0.0000000000 341.8247162962 115.8127280007
Europe/SouthernEurope/GRC 860.7168000623 86.6735562132 38.9504397463 216.9269951465
Europe/SouthernEurope/HRV 860.7168000623 0.0000000000 38.9504397463 86.6735562132
Europe/SouthernEurope/ITA 518.8920837661 115.8127280007 298.6939563007 239.0247265176
Europe/SouthernEurope/PRT 817.5860400668 115.8127280007 43.1307599955 239.0247265176
Europe/SouthernEurope/SVN 860.7168000623 303.6005513597 38.9504397463 51.2369031586
Europe/WesternEurope/AUS 390.8356672652 418.9770908252 128.0564165009 182.8286428506
Europe/WesternEurope/CHE 411.0625094940 216.5417464811 107.8295742721 202.4353443441
Europe/WesternEurope/DEU 0.0000000000 0.0000000000 411.0625094940 418.9770908252
Europe/WesternEurope/FRA 0.0000000000 418.9770908252 390.8356672652 182.8286428506
Europe/WesternEurope/NLD 411.0625094940 0.0000000000 107.8295742721 216.5417464811

Africa/NorthernAfrica/DZA 686.9980462786 923.3157421929 169.3009765778 76.6842578071
Africa/NorthernAfrica/EGY 912.1303905263 948.6505532030 59.8054820128 51.3494467970
Africa/NorthernAfrica/MAR 856.2990228564 923.3157421929 55.8313676698 76.6842578071
Africa/NorthernAfrica/TUN 912.1303905263 923.3157421929 59.8054820128 25.3348110101
America/NorthernAmerica/CAN 550.6706307765 605.2541369366 110.8431651183 394.7458630634
America/NorthernAmerica/MEX 548.4799648239 605.2541369366 2.1906659527 394.7458630634
America/NorthernAmerica/USA 0.0000000000 605.2541369366 548.4799648239 394.7458630634
America/SouthernAmerica/ARG 661.5137958949 605.2541369366 25.4842503838 142.4188942844
America/SouthernAmerica/CHL 661.5137958949 747.6730312210 25.4842503838 69.1320680072
America/SouthernAmerica/COL 661.5137958949 816.8050992283 25.4842503838 183.1949007717
Asia/EasternAsia/CHN 989.2328699293 605.2541369366 10.7671300707 264.3585506645
Asia/EasternAsia/JPN 686.9980462786 605.2541369366 243.8001018749 264.3585506645
Asia/EasternAsia/KOR 930.7981481536 605.2541369366 58.4347217757 264.3585506645
Asia/SouthEasternAsia/IDN 810.7696904942 869.6126876011 26.0411019455 53.7030545918
Asia/SouthEasternAsia/MYS 733.0093811007 869.6126876011 77.7603093936 53.7030545918
Asia/SouthEasternAsia/PHL 836.8107924397 869.6126876011 49.0994449242 53.7030545918
Asia/SouthEasternAsia/SGP 686.9980462786 869.6126876011 46.0113348220 53.7030545918
Asia/SouthEasternAsia/THA 885.9102373639 869.6126876011 11.9163651270 53.7030545918
Asia/WesternAsia/IND 943.8277299510 869.6126876011 56.1722700490 53.7030545918
Asia/WesternAsia/TUR 897.8266024909 869.6126876011 46.0011274602 53.7030545918
AustraliaandNewZealand/NZL 971.9358725391 923.3157421929 28.0641274609 76.6842578071
Europe/EasternEurope/BGR 961.4221597806 393.3345268010 38.5778402194 113.2886808194
Europe/EasternEurope/CZE 885.4418067302 0.0000000000 114.5581932698 65.6829507426
Europe/EasternEurope/HUN 885.4418067302 228.8761874750 114.5581932698 43.6296466386
Europe/EasternEurope/POL 885.4418067302 65.6829507426 114.5581932698 163.1932367324
Europe/EasternEurope/ROU 885.4418067302 506.6232076204 74.8663605379 98.6309293163
Europe/EasternEurope/RUS 885.4418067302 272.5058341135 114.5581932698 120.8286926875
Europe/EasternEurope/SVK 885.4418067302 393.3345268010 75.9803530504 113.2886808194
Europe/EasternEurope/UKR 960.3081672681 506.6232076204 39.6918327319 98.6309293163
Europe/NorthernEurope/DNK 709.0504844243 350.2944546192 52.7997221188 173.6758598581
Europe/NorthernEurope/EST 761.8502065431 515.9365413057 55.4347167627 60.8517770611
Europe/NorthernEurope/FIN 514.8026694593 523.9703144772 154.4664973847 81.2838224594
Europe/NorthernEurope/GBR 514.8026694593 350.2944546192 194.2478149650 173.6758598581
Europe/NorthernEurope/IRL 817.2849233058 574.5753175936 68.1568834244 30.6788193430
Europe/NorthernEurope/LTU 817.2849233058 515.9365413057 68.1568834244 58.6387762880
Europe/NorthernEurope/LVA 761.8502065431 576.7883183668 55.4347167627 28.4658185698
Europe/NorthernEurope/NOR 669.2691668441 523.9703144772 92.5810396990 81.2838224594
Europe/NorthernEurope/SWE 761.8502065431 350.2944546192 123.5916001871 165.6420866865
Europe/SouthernEurope/ESP 514.8026694593 0.0000000000 331.6631423729 108.8262726595
Europe/SouthernEurope/GRC 846.4658118323 80.7916738831 38.9759948979 218.4944205751
Europe/SouthernEurope/HRV 846.4658118323 0.0000000000 38.9759948979 80.7916738831
Europe/SouthernEurope/ITA 514.8026694593 108.8262726595 284.7496931704 241.4681819596
Europe/SouthernEurope/PRT 799.5523626298 108.8262726595 46.9134492025 241.4681819596
Europe/SouthernEurope/SVN 846.4658118323 299.2860944583 38.9759948979 51.0083601609
Europe/WesternEurope/AUS 413.6905981372 410.7162627701 101.1120713221 194.5378741665
Europe/WesternEurope/CHE 389.5887659663 223.2933099914 125.2139034930 187.4229527787
Europe/WesternEurope/DEU 0.0000000000 0.0000000000 389.5887659663 410.7162627701
Europe/WesternEurope/FRA 0.0000000000 410.7162627701 413.6905981372 194.5378741665
Europe/WesternEurope/NLD 389.5887659663 0.0000000000 125.2139034930 223.2933099914

Africa/NorthernAfrica/DZA 693.0227115168 939.5517394239 167.7947836194 60.4482605761
Africa/NorthernAfrica/EGY 913.7049808760 965.4937832584 52.7229168207 34.5062167416
Africa/NorthernAfrica/MAR 860.8174951363 939.5517394239 52.8874857397 60.4482605761
Africa/NorthernAfrica/TUN 913.7049808760 939.5517394239 52.7229168207 25.9420438345
America/NorthernAmerica/CAN 555.2268262386 597.9383101364 113.6716814757 402.0616898636
America/NorthernAmerica/MEX 549.6503383934 597.9383101364 5.5764878452 402.0616898636
America/NorthernAmerica/USA 0.0000000000 597.9383101364 549.6503383934 402.0616898636
America/SouthernAmerica/ARG 668.8985077143 597.9383101364 24.1242038025 158.6688526059
America/SouthernAmerica/CHL 668.8985077143 756.6071627423 24.1242038025 88.3336725605
America/SouthernAmerica/COL 668.8985077143 844.9408353029 24.1242038025 155.0591646971
Asia/EasternAsia/CHN 988.2989948847 597.9383101364 11.7010051153 283.3366846464
Asia/EasternAsia/JPN 693.0227115168 597.9383101364 233.5419692676 283.3366846464
Asia/EasternAsia/KOR 926.5646807844 597.9383101364 61.7343141002 283.3366846464
Asia/SouthEasternAsia/IDN 818.8464366586 881.2749947828 28.1499272736 58.2767446411
Asia/SouthEasternAsia/MYS 729.1549269520 881.2749947828 89.6915097066 58.2767446411
Asia/SouthEasternAsia/PHL 846.9963639321 903.5523293389 56.9452758859 35.9994100849
Asia/SouthEasternAsia/SGP 693.0227115168 881.2749947828 36.1322154352 58.2767446411
Asia/SouthEasternAsia/THA 846.9963639321 881.2749947828 56.9452758859 22.2773345562
Asia/WesternAsia/IND 951.5304805916 881.2749947828 48.4695194084 58.2767446411
Asia/WesternAsia/TUR 903.9416398180 881.2749947828 47.5888407736 58.2767446411
AustraliaandNewZealand/NZL 966.4278976967 939.5517394239 33.5721023033 60.4482605761
Europe/EasternEurope/BGR 961.8585294797 401.3652646445 38.1414705203 98.5567864737
Europe/EasternEurope/CZE 890.9702669678 0.0000000000 109.0297330322 60.4114132924
Europe/EasternEurope/HUN 890.9702669678 219.7110154893 109.0297330322 37.8914126472
Europe/EasternEurope/POL 890.9702669678 60.4114132924 109.0297330322 159.2996021969
Europe/EasternEurope/ROU 890.9702669678 499.9220511182 69.0784845012 98.0162590182
Europe/EasternEurope/RUS 890.9702669678 257.6024281365 109.0297330322 143.7628365081
Europe/EasternEurope/SVK 890.9702669678 401.3652646445 70.8882625119 98.5567864737
Europe/EasternEurope/UKR 960.0487514690 499.9220511182 39.9512485310 98.0162590182
Europe/NorthernEurope/DNK 711.8010539062 325.0466485351 54.8337791485 178.5681181892
Europe/NorthernEurope/EST 766.6348330546 514.6687807919 51.3023780843 46.8207682207
Europe/NorthernEurope/FIN 531.3749481585 503.6147667243 146.8755571072 94.3235434121
Europe/NorthernEurope/GBR 531.3749481585 325.0466485351 180.4261057476 178.5681181892
Europe/NorthernEurope/IRL 817.9372111389 574.9140928758 73.0330558289 23.0242172606
Europe/NorthernEurope/LTU 817.9372111389 514.6687807919 73.0330558289 60.2453120838
Europe/NorthernEurope/LVA 766.6348330546 561.4895490126 51.3023780843 36.4487611238
Europe/NorthernEurope/NOR 678.2505052658 503.6147667243 88.3843277889 94.3235434121
Europe/NorthernEurope/SWE 766.6348330546 325.0466485351 124.3354339132 189.6221322568
Europe/SouthernEurope/ESP 720.1008421336 0.0000000000 136.5020781020 252.7516858364
Europe/SouthernEurope/GRC 856.6029202356 78.0958811187 34.3673467322 195.1297794120
Europe/SouthernEurope/HRV 856.6029202356 0.0000000000 34.3673467322 78.0958811187
Europe/SouthernEurope/ITA 531.3749481585 0.0000000000 188.7258939751 325.0466485351
Europe/SouthernEurope/PRT 720.1008421336 252.7516858364 136.5020781020 72.2949626988
Europe/SouthernEurope/SVN 856.6029202356 273.2256605307 34.3673467322 51.8209880044
Europe/WesternEurope/AUS 432.4829817952 414.9575648051 98.8919663633 182.9807453312
Europe/WesternEurope/CHE 400.1301634560 214.6439881470 131.2447847025 200.3135766581
Europe/WesternEurope/DEU 0.0000000000 0.0000000000 400.1301634560 414.9575648051
Europe/WesternEurope/FRA 0.0000000000 414.9575648051 432.4829817952 182.9807453312
Europe/WesternEurope/NLD 400.1301634560 0.0000000000 131.2447847025 214.6439881470

Africa/NorthernAfrica/DZA 707.9714660124 937.7215997982 155.1948259254 62.2784002018
Africa/NorthernAfrica/EGY 910.4820375204 971.9395339434 58.9635666796 28.0604660566
Africa/NorthernAfrica/MAR 863.1662919378 937.7215997982 47.3157455826 62.2784002018
Africa/NorthernAfrica/TUN 910.4820375204 937.7215997982 58.9635666796 34.2179341452
America/NorthernAmerica/CAN 576.4995294748 575.3794942353 107.3474233641 424.6205057647
America/NorthernAmerica/MEX 571.5506897192 575.3794942353 4.9488397556 424.6205057647
America/NorthernAmerica/USA 0.0000000000 575.3794942353 571.5506897192 424.6205057647
America/SouthernAmerica/ARG 683.8469528389 575.3794942353 24.1245131735 143.6034633093
America/SouthernAmerica/CHL 683.8469528389 718.9829575445 24.1245131735 60.8529569722
America/SouthernAmerica/COL 683.8469528389 779.8359145167 24.1245131735 220.1640854833
Asia/EasternAsia/CHN 707.9714660124 858.9909992190 292.0285339876 13.7526830083
Asia/EasternAsia/JPN 707.9714660124 575.3794942353 224.5635432018 283.6115049838
Asia/EasternAsia/KOR 932.5350092142 575.3794942353 67.4649907858 283.6115049838
Asia/SouthEasternAsia/IDN 822.3550738723 872.7436822273 49.9921659356 30.3895840004
Asia/SouthEasternAsia/MYS 739.0694121403 872.7436822273 83.2856617320 64.9779175709
Asia/SouthEasternAsia/PHL 822.3550738723 903.1332662277 49.9921659356 34.5883335705
Asia/SouthEasternAsia/SGP 707.9714660124 872.7436822273 31.0979461279 64.9779175709
Asia/SouthEasternAsia/THA 872.3472398079 872.7436822273 42.8572769940 64.9779175709
Asia/WesternAsia/IND 954.5570382437 872.7436822273 45.4429617563 64.9779175709
Asia/WesternAsia/TUR 915.2045168020 872.7436822273 39.3525214417 64.9779175709
AustraliaandNewZealand/NZL 969.4456042000 937.7215997982 30.5543958000 62.2784002018
Europe/EasternEurope/BGR 968.7169786717 392.1428238622 31.2830213283 94.2180384172
Europe/EasternEurope/CZE 889.9862499883 0.0000000000 110.0137500117 58.4864964686
Europe/EasternEurope/HUN 889.9862499883 215.1253290666 110.0137500117 31.7266950805
Europe/EasternEurope/POL 889.9862499883 58.4864964686 110.0137500117 156.6388325980
Europe/EasternEurope/ROU 889.9862499883 486.3608622793 65.6499685889 89.0186319560
Europe/EasternEurope/RUS 889.9862499883 246.8520241471 110.0137500117 145.2907997151
Europe/EasternEurope/SVK 889.9862499883 392.1428238622 78.7307286834 94.2180384172
Europe/EasternEurope/UKR 955.6362185773 486.3608622793 44.3637814227 89.0186319560
Europe/NorthernEurope/DNK 718.9967527430 319.9687214388 53.5318357630 161.0497911199
Europe/NorthernEurope/EST 772.5285885060 505.1365468349 47.1664102427 33.5219701673
Europe/NorthernEurope/FIN 535.1605390962 481.0185125587 143.7512709009 94.3609816766
Europe/NorthernEurope/GBR 535.1605390962 319.9687214388 183.8362136468 161.0497911199
Europe/NorthernEurope/IRL 865.1166410294 505.1365468349 24.8696089590 70.2429474004
Europe/NorthernEurope/LTU 819.6949987487 505.1365468349 45.4216422806 70.2429474004
Europe/NorthernEurope/LVA 772.5285885060 538.6585170022 47.1664102427 36.7209772331
Europe/NorthernEurope/NOR 678.9118099971 481.0185125587 93.6167785089 94.3609816766
Europe/NorthernEurope/SWE 772.5285885060 319.9687214388 117.4576614823 185.1678253961
Europe/SouthernEurope/ESP 725.7966984706 0.0000000000 132.3797270275 249.0292787996
Europe/SouthernEurope/GRC 858.1764254981 72.6882387209 31.8098244903 195.7575864151
Europe/SouthernEurope/HRV 858.1764254981 0.0000000000 31.8098244903 72.6882387209
Europe/SouthernEurope/ITA 535.1605390962 0.0000000000 190.6361593743 319.9687214388
Europe/SouthernEurope/PRT 725.7966984706 249.0292787996 132.3797270275 70.9394426392
Europe/SouthernEurope/SVN 858.1764254981 268.4458251360 31.8098244903 51.5228963028
Europe/WesternEurope/AUS 436.4118767661 407.4444364451 98.7486623302 167.9350577902
Europe/WesternEurope/CHE 399.9474695773 203.2216982736 135.2130695190 204.2227381715
Europe/WesternEurope/DEU 0.0000000000 0.0000000000 399.9474695773 407.4444364451
Europe/WesternEurope/FRA 0.0000000000 407.4444364451 436.4118767661 167.9350577902
Europe/WesternEurope/NLD 399.9474695773 0.0000000000 135.2130695190 203.2216982736

Africa/NorthernAfrica/DZA 694.7275025775 926.1113463806 155.9584751583 73.8886536194
Africa/NorthernAfrica/EGY 903.7248973266 958.4499787570 67.1676790837 41.5500212430
Africa/NorthernAfrica/MAR 850.6859777358 926.1113463806 53.0389195908 73.8886536194
Africa/NorthernAfrica/TUN 903.7248973266 926.1113463806 67.1676790837 32.3386323764
America/NorthernAmerica/CAN 552.7562881960 581.6393980929 114.7519810886 418.3606019071
America/NorthernAmerica/MEX 548.7903523006 581.6393980929 3.9659358954 418.3606019071
America/NorthernAmerica/USA 0.0000000000 581.6393980929 548.7903523006 418.3606019071
America/SouthernAmerica/ARG 667.5082692846 581.6393980929 27.2192332929 146.9510657952
America/SouthernAmerica/CHL 667.5082692846 728.5904638881 27.2192332929 52.4634577392
America/SouthernAmerica/COL 667.5082692846 781.0539216273 27.2192332929 218.9460783727
Asia/EasternAsia/CHN 978.0261515649 581.6393980929 21.9738484351 261.2052220971
Asia/EasternAsia/JPN 694.7275025775 581.6393980929 221.1668375040 261.2052220971
Asia/EasternAsia/KOR 915.8943400815 581.6393980929 62.1318114834 261.2052220971
Asia/SouthEasternAsia/IDN 804.8410234793 842.8446201900 47.8662664719 83.2667261906
Asia/SouthEasternAsia/MYS 731.0017379223 842.8446201900 73.8392855570 83.2667261906
Asia/SouthEasternAsia/PHL 852.7072899512 884.1245641362 56.7461314254 41.9867822444
Asia/SouthEasternAsia/SGP 694.7275025775 842.8446201900 36.2742353448 83.2667261906
Asia/SouthEasternAsia/THA 852.7072899512 842.8446201900 56.7461314254 41.2799439461
Asia/WesternAsia/IND 948.8995310586 842.8446201900 51.1004689414 83.2667261906
Asia/WesternAsia/TUR 909.4534213766 842.8446201900 39.4461096820 83.2667261906
AustraliaandNewZealand/NZL 970.8925764103 926.1113463806 29.1074235897 73.8886536194
Europe/EasternEurope/BGR 961.7205409741 388.5744664487 38.2794590259 100.7698042469
Europe/EasternEurope/CZE 883.0165071146 0.0000000000 116.9834928854 53.1381526838
Europe/EasternEurope/HUN 883.0165071146 208.9635746058 116.9834928854 31.4964748489
Europe/EasternEurope/POL 883.0165071146 53.1381526838 116.9834928854 155.8254219220
Europe/EasternEurope/ROU 883.0165071146 489.3442706956 69.1693884412 92.2951273974
Europe/EasternEurope/RUS 883.0165071146 240.4600494547 116.9834928854 148.1144169939
Europe/EasternEurope/SVK 883.0165071146 388.5744664487 78.7040338595 100.7698042469
Europe/EasternEurope/UKR 952.1858955558 489.3442706956 47.8141044442 92.2951273974
Europe/NorthernEurope/DNK 711.4250281098 334.1395069403 49.4408306648 161.7095367036
Europe/NorthernEurope/EST 760.8658587747 509.1355340768 44.5155896554 30.2773603851
Europe/NorthernEurope/FIN 533.4008041802 495.8490436439 137.2878092528 85.7903544490
Europe/NorthernEurope/GBR 533.4008041802 334.1395069403 178.0242239296 161.7095367036
Europe/NorthernEurope/IRL 855.5599388228 509.1355340768 27.4565682918 72.5038640161
Europe/NorthernEurope/LTU 805.3814484301 509.1355340768 50.1784903928 72.5038640161
Europe/NorthernEurope/LVA 760.8658587747 539.4128944619 44.5155896554 42.2265036310
Europe/NorthernEurope/NOR 670.6886134330 495.8490436439 90.1772453416 85.7903544490
Europe/NorthernEurope/SWE 760.8658587747 334.1395069403 122.1506483399 174.9960271365
Europe/SouthernEurope/ESP 533.4008041802 0.0000000000 317.4817050440 101.1331870395
Europe/SouthernEurope/GRC 850.8825092242 75.0281803716 32.1339978904 203.2778196188
Europe/SouthernEurope/HRV 850.8825092242 0.0000000000 32.1339978904 75.0281803716
Europe/SouthernEurope/ITA 533.4008041802 101.1331870395 277.1850968350 233.0063199008
Europe/SouthernEurope/PRT 810.5859010152 101.1331870395 40.2966082090 233.0063199008
Europe/SouthernEurope/SVN 850.8825092242 278.3059999904 32.1339978904 55.8335069499
Europe/WesternEurope/AUS 440.3157745128 400.5334665059 93.0850296674 181.1059315871
Europe/WesternEurope/CHE 392.8995593189 203.9052658141 140.5012448613 196.6282006917
Europe/WesternEurope/DEU 0.0000000000 0.0000000000 392.8995593189 400.5334665059
Europe/WesternEurope/FRA 0.0000000000 400.5334665059 440.3157745128 181.1059315871
Europe/WesternEurope/NLD 392.8995593189 0.0000000000 140.5012448613 203.9052658141

Africa/NorthernAfrica/DZA 667.7764950397 927.4702357014 170.7567987336 72.5297642986
Africa/NorthernAfrica/EGY 896.8049471588 958.2238118415 70.9734444541 41.7761881585
Africa/NorthernAfrica/MAR 838.5332937733 927.4702357014 58.2716533855 72.5297642986
Africa/NorthernAfrica/TUN 896.8049471588 927.4702357014 70.9734444541 30.7535761401
America/NorthernAmerica/CAN 534.0650101653 595.5458120365 114.3290118774 404.4541879635
America/NorthernAmerica/MEX 528.7931267312 595.5458120365 5.2718834341 404.4541879635
America/NorthernAmerica/USA 0.0000000000 595.5458120365 528.7931267312 404.4541879635
America/SouthernAmerica/ARG 648.3940220427 595.5458120365 19.3824729970 205.0005681157
America/SouthernAmerica/CHL 648.3940220427 800.5463801522 19.3824729970 95.0518971407
America/SouthernAmerica/COL 648.3940220427 895.5982772929 19.3824729970 104.4017227071
Asia/EasternAsia/CHN 720.9622133001 876.4776329250 279.0377866999 20.0243204049
Asia/EasternAsia/JPN 720.9622133001 653.8633129295 279.0377866999 222.6143199955
Asia/EasternAsia/KOR 720.9622133001 595.5458120365 279.0377866999 58.3175008930
Asia/SouthEasternAsia/IDN 667.7764950397 595.5458120365 53.1857182604 28.6008447953
Asia/SouthEasternAsia/MYS 667.7764950397 624.1466568318 53.1857182604 152.2869846847
Asia/SouthEasternAsia/PHL 667.7764950397 886.5387550279 53.1857182604 40.9314806734
Asia/SouthEasternAsia/SGP 667.7764950397 776.4336415165 53.1857182604 52.3475562018
Asia/SouthEasternAsia/THA 667.7764950397 828.7811977183 53.1857182604 57.7575573097
Asia/WesternAsia/IND 843.0095039770 896.5019533299 156.9904960230 30.9682823714
Asia/WesternAsia/TUR 720.9622133001 896.5019533299 122.0472906769 30.9682823714
AustraliaandNewZealand/NZL 967.7783916129 927.4702357014 32.2216083871 72.5297642986
Europe/EasternEurope/BGR 955.0241736360 458.4619897149 44.9758263640 92.7886812405
Europe/EasternEurope/CZE 874.3914204149 0.0000000000 125.6085795851 55.5833718417
Europe/EasternEurope/HUN 874.3914204149 195.5108006647 125.6085795851 29.5797303313
Europe/EasternEurope/POL 874.3914204149 55.5833718417 125.6085795851 139.9274288231
Europe/EasternEurope/ROU 874.3914204149 458.4619897149 80.6327532211 92.7886812405
Europe/EasternEurope/RUS 874.3914204149 225.0905309961 125.6085795851 161.4622247979
Europe/EasternEurope/SVK 874.3914204149 386.5527557940 125.6085795851 71.9092339209
Europe/EasternEurope/UKR 874.3914204149 551.2506709555 125.6085795851 44.2951410810
Europe/NorthernEurope/DNK 706.8949234154 351.7692863385 49.7499138126 160.9845946571
Europe/NorthernEurope/EST 756.6448372280 513.3066074054 40.8211994027 35.1997491617
Europe/NorthernEurope/FIN 538.4954258056 512.7538809957 126.2178256905 82.7919310408
Europe/NorthernEurope/GBR 538.4954258056 351.7692863385 168.3994976098 160.9845946571
Europe/NorthernEurope/IRL 797.4660366307 567.8724728814 76.9253837842 27.6733391551
Europe/NorthernEurope/LTU 797.4660366307 513.3066074054 76.9253837842 54.5658654760
Europe/NorthernEurope/LVA 756.6448372280 548.5063565671 40.8211994027 47.0394554694
Europe/NorthernEurope/NOR 664.7132514961 512.7538809957 91.9315857319 82.7919310408
Europe/NorthernEurope/SWE 756.6448372280 351.7692863385 117.7465831869 161.5373210669
Europe/SouthernEurope/ESP 757.5031604601 0.0000000000 116.8882599548 270.9492262826
Europe/SouthernEurope/GRC 708.4763971647 294.9131041510 129.7505452271 56.8561821876
Europe/SouthernEurope/HRV 757.5031604601 270.9492262826 116.8882599548 23.9638778683
Europe/SouthernEurope/ITA 538.4954258056 0.0000000000 219.0077346545 294.9131041510
Europe/SouthernEurope/PRT 538.4954258056 294.9131041510 169.9809713591 56.8561821876
Europe/SouthernEurope/SVN 838.2269423918 294.9131041510 36.1644780231 56.8561821876
Europe/WesternEurope/AUS 456.7007394316 374.1648157508 81.7946863740 221.3809962857
Europe/WesternEurope/CHE 379.9888441756 197.2971318094 158.5065816300 176.8676839414
Europe/WesternEurope/DEU 0.0000000000 0.0000000000 379.9888441756 374.1648157508
Europe/WesternEurope/FRA 0.0000000000 374.1648157508 456.7007394316 221.3809962857
Europe/WesternEurope/NLD 379.9888441756 0.0000000000 158.5065816300 197.2971318094

Africa/NorthernAfrica/DZA 689.2634045495 932.5246792254 163.9336355070 67.4753207746
Africa/NorthernAfrica/EGY 905.5302216957 962.6881945140 60.7575562384 37.3118054860
Africa/NorthernAfrica/MAR 853.1970400565 932.5246792254 52.3331816392 67.4753207746
Africa/NorthernAfrica/TUN 905.5302216957 932.5246792254 60.7575562384 30.1635152885
America/NorthernAmerica/CAN 556.8768941804 602.3468625730 118.1842744992 397.6531374270
America/NorthernAmerica/MEX 544.5978199894 602.3468625730 12.2790741910 397.6531374270
America/NorthernAmerica/USA 0.0000000000 602.3468625730 544.5978199894 397.6531374270
America/SouthernAmerica/ARG 675.0611686796 602.3468625730 14.2022358699 199.0776134543
America/SouthernAmerica/CHL 675.0611686796 801.4244760273 14.2022358699 105.2785453920
America/SouthernAmerica/COL 675.0611686796 906.7030214193 14.2022358699 93.2969785807
Asia/EasternAsia/CHN 972.9947412564 602.3468625730 27.0052587436 250.0028546403
Asia/EasternAsia/JPN 689.2634045495 602.3468625730 207.7704530216 250.0028546403
Asia/EasternAsia/KOR 897.0338575711 602.3468625730 75.9608836852 250.0028546403
Asia/SouthEasternAsia/IDN 811.0381513481 852.3497172133 23.9954301091 70.1950134527
Asia/SouthEasternAsia/MYS 716.6295837191 852.3497172133 94.4085676290 80.1749620121
Asia/SouthEasternAsia/PHL 811.0381513481 922.5447306660 78.0483952528 9.9799485594
Asia/SouthEasternAsia/SGP 689.2634045495 852.3497172133 27.3661791696 80.1749620121
Asia/SouthEasternAsia/THA 835.0335814571 852.3497172133 54.0529651437 70.1950134527
Asia/WesternAsia/IND 938.1268832582 852.3497172133 61.8731167418 80.1749620121
Asia/WesternAsia/TUR 889.0865466009 852.3497172133 49.0403366574 80.1749620121
AustraliaandNewZealand/NZL 966.2877779341 932.5246792254 33.7122220659 67.4753207746
Europe/EasternEurope/BGR 959.1170060931 415.6622270465 40.8829939069 97.7311136109
Europe/EasternEurope/CZE 878.5500485076 0.0000000000 121.4499514924 88.2794972834
Europe/EasternEurope/HUN 878.5500485076 208.5109310145 121.4499514924 37.6455670893
Europe/EasternEurope/POL 878.5500485076 88.2794972834 121.4499514924 120.2314337312
Europe/EasternEurope/ROU 878.5500485076 513.3933406574 77.8988903659 88.9535219156
Europe/EasternEurope/RUS 878.5500485076 246.1564981038 121.4499514924 169.5057289426
Europe/EasternEurope/SVK 878.5500485076 415.6622270465 80.5669575855 97.7311136109
Europe/EasternEurope/UKR 956.4489388735 513.3933406574 43.5510611265 88.9535219156
Europe/NorthernEurope/DNK 718.2999723516 354.1192851544 43.1978301838 167.0088210399
Europe/NorthernEurope/EST 761.4978025354 516.2790052547 42.8658613166 37.1456692058
Europe/NorthernEurope/FIN 538.6268565310 521.1281061942 131.6231818074 81.2187563787
Europe/NorthernEurope/GBR 538.6268565310 354.1192851544 179.6731158206 167.0088210399
Europe/NorthernEurope/IRL 804.3636638521 571.6853909481 74.1863846555 30.6614716248
Europe/NorthernEurope/LTU 804.3636638521 516.2790052547 74.1863846555 55.4063856935
Europe/NorthernEurope/LVA 761.4978025354 553.4246744605 42.8658613166 48.9221881125
Europe/NorthernEurope/NOR 670.2500383384 521.1281061942 91.2477641971 81.2187563787
Europe/NorthernEurope/SWE 761.4978025354 354.1192851544 117.0522459721 162.1597201003
Europe/SouthernEurope/ESP 743.7128184842 0.0000000000 134.8372300234 280.8119761497
Europe/SouthernEurope/GRC 704.8422837221 299.9337072197 140.3788755873 54.1855779347
Europe/SouthernEurope/HRV 743.7128184842 280.8119761497 134.8372300234 19.1217310700
Europe/SouthernEurope/ITA 538.6268565310 0.0000000000 205.0859619532 299.9337072197
Europe/SouthernEurope/PRT 538.6268565310 299.9337072197 166.2154271911 54.1855779347
Europe/SouthernEurope/SVN 845.2211593094 299.9337072197 33.3288891982 54.1855779347
Europe/WesternEurope/AUS 456.0053175075 392.6428807839 82.6215390235 209.7039817891
Europe/WesternEurope/CHE 368.5400211589 239.0959073150 170.0868353721 153.5469734689
Europe/WesternEurope/DEU 0.0000000000 0.0000000000 368.5400211589 392.6428807839
Europe/WesternEurope/FRA 0.0000000000 392.6428807839 456.0053175075 209.7039817891
Europe/WesternEurope/NLD 368.5400211589 0.0000000000 170.0868353721 239.0959073150

Africa/NorthernAfrica/DZA 672.6967443956 933.0880102091 163.0388067420 66.9119897909
Africa/NorthernAfrica/EGY 888.9263290512 933.0880102091 45.3529894701 66.9119897909
Africa/NorthernAfrica/MAR 835.7355511376 933.0880102091 53.1907779137 66.9119897909
Africa/NorthernAfrica/TUN 934.2793185213 933.0880102091 29.3924172606 66.9119897909
America/NorthernAmerica/CAN 548.7518683774 586.8421587349 109.7753541614 413.1578412651
America/NorthernAmerica/MEX 534.8847604551 586.8421587349 13.8671079224 413.1578412651
America/NorthernAmerica/USA 0.0000000000 586.8421587349 534.8847604551 413.1578412651
America/SouthernAmerica/ARG 658.5272225389 586.8421587349 14.1695218567 242.5653316843
America/SouthernAmerica/CHL 658.5272225389 829.4074904192 14.1695218567 130.6659295155
America/SouthernAmerica/COL 658.5272225389 960.0734199347 14.1695218567 39.9265800653
Asia/EasternAsia/CHN 968.2135183286 586.8421587349 31.7864816714 263.7537218312
Asia/EasternAsia/JPN 672.6967443956 586.8421587349 219.5540239325 263.7537218312
Asia/EasternAsia/KOR 892.2507683280 586.8421587349 75.9627500006 263.7537218312
Asia/SouthEasternAsia/IDN 800.7551070129 850.5958805661 17.1255844140 67.3476978124
Asia/SouthEasternAsia/MYS 703.6609757559 850.5958805661 97.0941312570 82.4921296430
Asia/SouthEasternAsia/PHL 800.7551070129 917.9435783784 80.8182776935 15.1444318306
Asia/SouthEasternAsia/SGP 672.6967443956 850.5958805661 30.9642313604 82.4921296430
Asia/SouthEasternAsia/THA 817.8806914270 850.5958805661 63.6926932795 67.3476978124
Asia/WesternAsia/IND 946.7483505431 850.5958805661 53.2516494569 82.4921296430
Asia/WesternAsia/TUR 881.5733847065 850.5958805661 65.1749658366 82.4921296430
AustraliaandNewZealand/NZL 963.6717357820 933.0880102091 36.3282642180 66.9119897909
Europe/EasternEurope/BGR 954.3752666682 420.2237700668 45.6247333318 94.2546470339
Europe/EasternEurope/CZE 861.2464623890 0.0000000000 138.7535376110 137.9187056539
Europe/EasternEurope/HUN 861.2464623890 258.5924735803 138.7535376110 26.7123769049
Europe/EasternEurope/POL 861.2464623890 137.9187056539 138.7535376110 120.6737679264
Europe/EasternEurope/ROU 861.2464623890 514.4784171007 95.1550476163 72.3637416342
Europe/EasternEurope/RUS 861.2464623890 285.3048504852 138.7535376110 134.9189195816
Europe/EasternEurope/SVK 861.2464623890 420.2237700668 93.1288042792 94.2546470339
Europe/EasternEurope/UKR 956.4015100053 514.4784171007 43.5984899947 72.3637416342
Europe/NorthernEurope/DNK 691.0902669918 343.7897719929 58.6804621949 114.7298956023
Europe/NorthernEurope/EST 749.7707291867 499.0801312396 35.2152279187 38.2920093338
Europe/NorthernEurope/FIN 504.4782556684 528.3282878452 186.6120113235 58.5138708897
Europe/NorthernEurope/GBR 504.4782556684 343.7897719929 186.6120113235 184.5385158523
Europe/NorthernEurope/IRL 784.9859571054 551.0227423358 76.2605052836 35.8194163991
Europe/NorthernEurope/LTU 784.9859571054 499.0801312396 76.2605052836 51.9426110962
Europe/NorthernEurope/LVA 749.7707291867 537.3721405734 35.2152279187 49.4700181615
Europe/NorthernEurope/NOR 691.0902669918 458.5196675952 58.6804621949 128.3224911397
Europe/NorthernEurope/SWE 749.7707291867 343.7897719929 111.4757332023 155.2903592466
Europe/SouthernEurope/ESP 504.4782556684 0.0000000000 322.2191539828 114.8575256961
Europe/SouthernEurope/GRC 826.6974096512 70.5010457669 34.5490527378 219.5904233221
Europe/SouthernEurope/HRV 826.6974096512 0.0000000000 34.5490527378 70.5010457669
Europe/SouthernEurope/ITA 504.4782556684 114.8575256961 284.5297314426 228.9322462969
Europe/SouthernEurope/PRT 789.0079871110 114.8575256961 37.6894225402 228.9322462969
Europe/SouthernEurope/SVN 826.6974096512 290.0914690890 34.5490527378 53.6983029039
Europe/WesternEurope/AUS 427.7836806737 382.1818525210 76.6945749947 204.6603062139
Europe/WesternEurope/CHE 326.4989027411 220.2136606422 177.9793529273 161.9681918788
Europe/WesternEurope/DEU 0.0000000000 0.0000000000 326.4989027411 382.1818525210
Europe/WesternEurope/FRA 0.0000000000 382.1818525210 427.7836806737 204.6603062139
Europe/WesternEurope/NLD 326.4989027411 0.0000000000 177.9793529273 220.2136606422

