new shellcheck 53
ellcheck.hs 383.2599118943 916.1123429416 378.8546255507 83.8876570584
ellCheck/Analytics.hs 0.0000000000 0.0000000000 333.1988705123 916.1123429416
ellCheck/AST.hs 333.1988705123 0.0000000000 666.8011294877 121.9266276147
ellCheck/Parser.hs 333.1988705123 149.0830128562 666.8011294877 767.0293300854
ellCheck/Simple.hs 333.1988705123 121.9266276147 666.8011294877 27.1563852415
kefile 903.0837004405 916.1123429416 96.9162995595 83.8876570584
oncheck.hs 762.1145374449 916.1123429416 140.9691629956 83.8876570584
st/quackCheck.hs 0.0000000000 916.1123429416 286.3436123348 83.8876570584
st/runQuack 286.3436123348 916.1123429416 96.9162995595 83.8876570584

ellcheck.hs 383.2599118943 922.3666210670 378.8546255507 77.6333789330
ellCheck/Analytics.hs 0.0000000000 0.0000000000 345.9399332592 922.3666210670
ellCheck/AST.hs 345.9399332592 0.0000000000 654.0600667408 123.4005229999
ellCheck/Parser.hs 345.9399332592 149.0218180295 654.0600667408 773.3448030375
ellCheck/Simple.hs 345.9399332592 123.4005229999 654.0600667408 25.6212950296
kefile 903.0837004405 922.3666210670 96.9162995595 77.6333789330
oncheck.hs 762.1145374449 922.3666210670 140.9691629956 77.6333789330
st/quackCheck.hs 0.0000000000 922.3666210670 286.3436123348 77.6333789330
st/runQuack 286.3436123348 922.3666210670 96.9162995595 77.6333789330

ellcheck.hs 383.2599118943 923.7487403426 378.8546255507 76.2512596574
ellCheck/Analytics.hs 0.0000000000 0.0000000000 352.3636363636 923.7487403426
ellCheck/AST.hs 352.3636363636 0.0000000000 647.6363636364 122.4057847955
ellCheck/Parser.hs 352.3636363636 147.8205451980 647.6363636364 775.9281951446
ellCheck/Simple.hs 352.3636363636 122.4057847955 647.6363636364 25.4147604025
kefile 903.0837004405 923.7487403426 96.9162995595 76.2512596574
oncheck.hs 762.1145374449 923.7487403426 140.9691629956 76.2512596574
st/quackCheck.hs 0.0000000000 923.7487403426 286.3436123348 76.2512596574
st/runQuack 286.3436123348 923.7487403426 96.9162995595 76.2512596574

ellcheck.hs 383.2599118943 925.1319261214 378.8546255507 74.8680738786
ellCheck/Analytics.hs 0.0000000000 0.0000000000 361.4973262032 925.1319261214
ellCheck/AST.hs 361.4973262032 0.0000000000 638.5026737968 121.9045977469
ellCheck/Parser.hs 361.4973262032 147.2152981265 638.5026737968 777.9166279949
ellCheck/Simple.hs 361.4973262032 121.9045977469 638.5026737968 25.3107003796
kefile 903.0837004405 925.1319261214 96.9162995595 74.8680738786
oncheck.hs 762.1145374449 925.1319261214 140.9691629956 74.8680738786
st/quackCheck.hs 0.0000000000 925.1319261214 286.3436123348 74.8680738786
st/runQuack 286.3436123348 925.1319261214 96.9162995595 74.8680738786

ellcheck.hs 383.2599118943 926.1788617886 378.8546255507 73.8211382114
ellCheck/Analytics.hs 0.0000000000 0.0000000000 367.6264044944 926.1788617886
ellCheck/AST.hs 367.6264044944 0.0000000000 632.3735955056 121.3649147041
ellCheck/Parser.hs 367.6264044944 146.5635622486 632.3735955056 779.6152995400
ellCheck/Simple.hs 367.6264044944 121.3649147041 632.3735955056 25.1986475445
kefile 903.0837004405 926.1788617886 96.9162995595 73.8211382114
oncheck.hs 762.1145374449 926.1788617886 140.9691629956 73.8211382114
st/quackCheck.hs 0.0000000000 926.1788617886 286.3436123348 73.8211382114
st/runQuack 286.3436123348 926.1788617886 96.9162995595 73.8211382114

ellcheck.hs 383.2599118943 931.2329597092 378.8546255507 68.7670402908
ellCheck/Analytics.hs 0.0000000000 0.0000000000 397.5276512687 931.2329597092
ellCheck/AST.hs 397.5276512687 0.0000000000 602.4723487313 118.6668350385
ellCheck/Parser.hs 397.5276512687 143.3052880762 602.4723487313 787.9276716330
ellCheck/Simple.hs 397.5276512687 118.6668350385 602.4723487313 24.6384530377
kefile 903.0837004405 931.2329597092 96.9162995595 68.7670402908
oncheck.hs 762.1145374449 931.2329597092 140.9691629956 68.7670402908
st/quackCheck.hs 0.0000000000 931.2329597092 286.3436123348 68.7670402908
st/runQuack 286.3436123348 931.2329597092 96.9162995595 68.7670402908

ellcheck.hs 379.9126637555 933.8914549654 375.5458515284 66.1085450346
ellCheck/Analytics.hs 0.0000000000 0.0000000000 417.9289026275 933.8914549654
ellCheck/AST.hs 417.9289026275 0.0000000000 582.0710973725 117.5423658135
ellCheck/Parser.hs 417.9289026275 141.8443739353 582.0710973725 792.0470810301
ellCheck/Simple.hs 417.9289026275 117.5423658135 582.0710973725 24.3020081218
kefile 895.1965065502 933.8914549654 104.8034934498 66.1085450346
oncheck.hs 755.4585152838 933.8914549654 139.7379912664 66.1085450346
st/quackCheck.hs 0.0000000000 933.8914549654 283.8427947598 66.1085450346
st/runQuack 283.8427947598 933.8914549654 96.0698689956 66.1085450346

ellcheck.hs 379.9126637555 942.0546558704 375.5458515284 57.9453441296
ellCheck/Analytics.hs 0.0000000000 0.0000000000 434.3271555197 942.0546558704
ellCheck/AST.hs 434.3271555197 0.0000000000 565.6728444803 146.2734437178
ellCheck/Parser.hs 434.3271555197 168.1920943055 565.6728444803 773.8625615650
ellCheck/Simple.hs 434.3271555197 146.2734437178 565.6728444803 21.9186505877
kefile 895.1965065502 942.0546558704 104.8034934498 57.9453441296
oncheck.hs 755.4585152838 942.0546558704 139.7379912664 57.9453441296
st/quackCheck.hs 0.0000000000 942.0546558704 283.8427947598 57.9453441296
st/runQuack 283.8427947598 942.0546558704 96.0698689956 57.9453441296

ellcheck.hs 379.9126637555 944.2007797271 375.5458515284 55.7992202729
ellCheck/Analytics.hs 0.0000000000 0.0000000000 449.5483870968 944.2007797271
ellCheck/AST.hs 449.5483870968 0.0000000000 550.4516129032 146.5215462211
ellCheck/Parser.hs 449.5483870968 168.2120470212 550.4516129032 775.9887327059
ellCheck/Simple.hs 449.5483870968 146.5215462211 550.4516129032 21.6905008001
kefile 895.1965065502 944.2007797271 104.8034934498 55.7992202729
oncheck.hs 755.4585152838 944.2007797271 139.7379912664 55.7992202729
st/quackCheck.hs 0.0000000000 944.2007797271 283.8427947598 55.7992202729
st/runQuack 283.8427947598 944.2007797271 96.0698689956 55.7992202729

ellcheck.hs 381.5789473684 945.3237410072 377.1929824561 54.6762589928
ellCheck/Analytics.hs 0.0000000000 0.0000000000 434.2973110096 945.3237410072
ellCheck/AST.hs 434.2973110096 0.0000000000 565.7026889904 140.3148691809
ellCheck/Data.hs 434.2973110096 916.9216375778 565.7026889904 28.4021034294
ellCheck/Parser.hs 434.2973110096 161.0865567636 565.7026889904 755.8350808143
ellCheck/Simple.hs 434.2973110096 140.3148691809 565.7026889904 20.7716875827
kefile 899.1228070175 945.3237410072 100.8771929825 54.6762589928
oncheck.hs 758.7719298246 945.3237410072 140.3508771930 54.6762589928
st/quackCheck.hs 0.0000000000 945.3237410072 285.0877192982 54.6762589928
st/runQuack 285.0877192982 945.3237410072 96.4912280702 54.6762589928

ellcheck.hs 383.2599118943 946.1319411486 374.4493392070 53.8680588514
ellCheck/Analytics.hs 0.0000000000 0.0000000000 435.1642839227 946.1319411486
ellCheck/AST.hs 435.1642839227 0.0000000000 564.8357160773 142.8440763723
ellCheck/Data.hs 435.1642839227 917.9832555105 564.8357160773 28.1486856381
ellCheck/Parser.hs 435.1642839227 163.4304285554 564.8357160773 754.5528269551
ellCheck/Simple.hs 435.1642839227 142.8440763723 564.8357160773 20.5863521831
kefile 898.6784140969 946.1319411486 101.3215859031 53.8680588514
oncheck.hs 757.7092511013 946.1319411486 140.9691629956 53.8680588514
st/quackCheck.hs 0.0000000000 946.1319411486 286.3436123348 53.8680588514
st/runQuack 286.3436123348 946.1319411486 96.9162995595 53.8680588514

ellcheck.hs 230.7692307692 915.7353598570 716.1803713528 84.2646401430
ellCheck/Analytics.hs 0.0000000000 0.0000000000 443.9834024896 915.7353598570
ellCheck/AST.hs 443.9834024896 0.0000000000 556.0165975104 136.6769193816
ellCheck/Data.hs 443.9834024896 885.9880303445 556.0165975104 29.7473295125
ellCheck/Parser.hs 443.9834024896 156.7764663495 556.0165975104 729.2115639950
ellCheck/Simple.hs 443.9834024896 136.6769193816 556.0165975104 20.0995469679
kefile 946.9496021220 915.7353598570 53.0503978780 84.2646401430
st/quackCheck.hs 0.0000000000 915.7353598570 172.4137931034 84.2646401430
st/runQuack 172.4137931034 915.7353598570 58.3554376658 84.2646401430

ellcheck.hs 228.3464566929 917.1919148011 708.6614173228 82.8080851989
ellCheck/Analytics.hs 0.0000000000 0.0000000000 451.6587677725 917.1919148011
ellCheck/AST.hs 451.6587677725 0.0000000000 548.3412322275 134.7645855801
ellCheck/Data.hs 451.6587677725 887.8607991160 548.3412322275 29.3311156851
ellCheck/Parser.hs 451.6587677725 154.5829069890 548.3412322275 733.2778921271
ellCheck/Simple.hs 451.6587677725 134.7645855801 548.3412322275 19.8183214088
kefile 937.0078740157 917.1919148011 62.9921259843 82.8080851989
st/quackCheck.hs 0.0000000000 917.1919148011 170.6036745407 82.8080851989
st/runQuack 170.6036745407 917.1919148011 57.7427821522 82.8080851989

ellcheck.hs 227.1540469974 920.5394190871 704.9608355091 79.4605809129
ellCheck/Analytics.hs 0.0000000000 0.0000000000 453.4595447374 920.5394190871
ellCheck/AST.hs 453.4595447374 0.0000000000 546.5404552626 130.5837361509
ellCheck/Data.hs 453.4595447374 892.4487316593 546.5404552626 28.0906874278
ellCheck/Parser.hs 453.4595447374 156.0171963896 546.5404552626 736.4315352697
ellCheck/Simple.hs 453.4595447374 130.5837361509 546.5404552626 25.4334602387
kefile 932.1148825065 920.5394190871 67.8851174935 73.3482285350
st/quackCheck.hs 0.0000000000 920.5394190871 169.7127937337 79.4605809129
st/runQuack 169.7127937337 920.5394190871 57.4412532637 79.4605809129
tup.hs 932.1148825065 993.8876476221 67.8851174935 6.1123523779

ellcheck.hs 210.1449275362 919.9535962877 727.0531400966 80.0464037123
ellCheck/Analytics.hs 0.0000000000 0.0000000000 477.5115594788 919.9535962877
ellCheck/AST.hs 477.5115594788 0.0000000000 522.4884405212 130.6289700280
ellCheck/Data.hs 477.5115594788 891.8295120890 522.4884405212 28.1240841987
ellCheck/Parser.hs 477.5115594788 155.4225705715 522.4884405212 736.4069415175
ellCheck/Simple.hs 477.5115594788 130.6289700280 522.4884405212 24.7936005436
kefile 937.1980676329 919.9535962877 62.8019323671 73.8889880421
st/quackCheck.hs 0.0000000000 919.9535962877 157.0048309179 80.0464037123
st/runQuack 157.0048309179 919.9535962877 53.1400966184 80.0464037123
tup.hs 937.1980676329 993.8425843298 62.8019323671 6.1574156702

ellcheck.hs 210.1449275362 923.4891886897 727.0531400966 76.5108113103
ellCheck/Analytics.hs 0.0000000000 0.0000000000 498.0988593156 923.4891886897
ellCheck/AST.hs 498.0988593156 0.0000000000 501.9011406844 130.7171698504
ellCheck/Data.hs 498.0988593156 895.5046678203 501.9011406844 27.9845208694
ellCheck/Parser.hs 498.0988593156 155.3877343011 501.9011406844 740.1169335193
ellCheck/Simple.hs 498.0988593156 130.7171698504 501.9011406844 24.6705644506
kefile 937.1980676329 923.4891886897 62.8019323671 70.6253642864
st/quackCheck.hs 0.0000000000 923.4891886897 157.0048309179 76.5108113103
st/runQuack 157.0048309179 923.4891886897 53.1400966184 76.5108113103
tup.hs 937.1980676329 994.1145529761 62.8019323671 5.8854470239

ellcheck.hs 210.1449275362 926.2163607200 727.0531400966 73.7836392800
ellCheck/Analytics.hs 0.0000000000 0.0000000000 512.7958437560 926.2163607200
ellCheck/AST.hs 512.7958437560 0.0000000000 487.2041562440 130.2263129606
ellCheck/Data.hs 512.7958437560 895.4888037293 487.2041562440 30.7275569907
ellCheck/Parser.hs 512.7958437560 154.7351977032 487.2041562440 740.7536060261
ellCheck/Simple.hs 512.7958437560 130.2263129606 487.2041562440 24.5088847426
kefile 937.1980676329 926.2163607200 62.8019323671 68.1079747200
st/quackCheck.hs 0.0000000000 926.2163607200 157.0048309179 73.7836392800
st/runQuack 157.0048309179 926.2163607200 53.1400966184 73.7836392800
tup.hs 937.1980676329 994.3243354400 62.8019323671 5.6756645600

ellcheck.hs 46.3768115942 939.9582318134 872.4637681159 60.0417681866
ellCheck/Analytics.hs 0.0000000000 0.0000000000 519.9037215330 939.9582318134
ellCheck/AST.hs 519.9037215330 0.0000000000 480.0962784670 129.0494140091
ellCheck/Data.hs 519.9037215330 908.4208750191 480.0962784670 31.5373567944
ellCheck/Parser.hs 519.9037215330 155.1492954941 480.0962784670 753.2715795250
ellCheck/Simple.hs 519.9037215330 129.0494140091 480.0962784670 26.0998814850
kefile 918.8405797101 939.9582318134 75.3623188406 60.0417681866
st/shellcheck.hs 0.0000000000 939.9582318134 46.3768115942 60.0417681866
tup.hs 994.2028985507 939.9582318134 5.7971014493 60.0417681866

ellcheck.hs 50.1567398119 945.1513067400 943.5736677116 54.8486932600
ellCheck/Analytics.hs 0.0000000000 0.0000000000 524.8317263962 945.1513067400
ellCheck/AST.hs 524.8317263962 0.0000000000 475.1682736038 128.0947789380
ellCheck/Data.hs 524.8317263962 913.6703864926 475.1682736038 31.4809202475
ellCheck/Parser.hs 524.8317263962 154.1479543152 475.1682736038 759.5224321774
ellCheck/Simple.hs 524.8317263962 128.0947789380 475.1682736038 26.0531753772
st/shellcheck.hs 0.0000000000 945.1513067400 50.1567398119 54.8486932600
tup.hs 993.7304075235 945.1513067400 6.2695924765 54.8486932600

ellcheck.hs 50.1567398119 945.7667460048 943.5736677116 54.2332539952
ellCheck/Analytics.hs 0.0000000000 0.0000000000 529.0310983282 945.7667460048
ellCheck/AST.hs 529.0310983282 0.0000000000 470.9689016718 127.7868046129
ellCheck/Data.hs 529.0310983282 914.3615143626 470.9689016718 31.4052316421
ellCheck/Parser.hs 529.0310983282 153.7773411443 470.9689016718 760.5841732183
ellCheck/Simple.hs 529.0310983282 127.7868046129 470.9689016718 25.9905365314
st/shellcheck.hs 0.0000000000 945.7667460048 50.1567398119 54.2332539952
tup.hs 993.7304075235 945.7667460048 6.2695924765 54.2332539952

ellcheck.hs 44.3213296399 939.4091977174 950.1385041551 60.5908022826
ellCheck/Analytics.hs 0.0000000000 0.0000000000 528.6760764695 939.4091977174
ellCheck/AST.hs 528.6760764695 0.0000000000 471.3239235305 127.1300544295
ellCheck/Data.hs 528.6760764695 903.4424316182 405.9918945262 35.9667660991
ellCheck/Options.hs 934.6679709958 903.4424316182 65.3320290042 35.9667660991
ellCheck/Parser.hs 528.6760764695 154.5502622477 471.3239235305 748.8921693706
ellCheck/Simple.hs 528.6760764695 127.1300544295 471.3239235305 27.4202078181
st/shellcheck.hs 0.0000000000 939.4091977174 44.3213296399 60.5908022826
tup.hs 994.4598337950 939.4091977174 5.5401662050 60.5908022826

ellcheck.hs 43.7158469945 938.7959866221 950.8196721311 61.2040133779
ellCheck/Analytics.hs 0.0000000000 0.0000000000 530.1033131457 938.7959866221
ellCheck/AST.hs 530.1033131457 0.0000000000 469.8966868543 127.0470686975
ellCheck/Data.hs 530.1033131457 902.8526982791 404.7624926369 35.9432883430
ellCheck/Options.hs 934.8658057826 902.8526982791 65.1341942174 35.9432883430
ellCheck/Parser.hs 530.1033131457 154.4493776323 469.8966868543 748.4033206468
ellCheck/Simple.hs 530.1033131457 127.0470686975 469.8966868543 27.4023089348
st/shellcheck.hs 0.0000000000 938.7959866221 43.7158469945 61.2040133779
tup.hs 994.5355191257 938.7959866221 5.4644808743 61.2040133779

ellcheck.hs 43.7158469945 939.2833443928 950.8196721311 60.7166556072
ellCheck/Analytics.hs 0.0000000000 0.0000000000 531.0844224656 939.2833443928
ellCheck/AST.hs 531.0844224656 0.0000000000 468.9155775344 126.2991163647
ellCheck/Data.hs 531.0844224656 903.5516616118 403.9173786683 35.7316827810
ellCheck/Options.hs 935.0018011338 903.5516616118 64.9981988662 35.7316827810
ellCheck/Parser.hs 531.0844224656 153.5401022473 468.9155775344 750.0115593645
ellCheck/Simple.hs 531.0844224656 126.2991163647 468.9155775344 27.2409858826
st/shellcheck.hs 0.0000000000 939.2833443928 43.7158469945 60.7166556072
tup.hs 994.5355191257 939.2833443928 5.4644808743 60.7166556072

ellcheck.hs 43.7158469945 940.0393184797 950.8196721311 59.9606815203
ellCheck/Analytics.hs 0.0000000000 0.0000000000 531.5440920181 940.0393184797
ellCheck/AST.hs 531.5440920181 0.0000000000 468.4559079819 124.8489719856
ellCheck/Data.hs 531.5440920181 904.7179006350 403.5214256874 35.3214178447
ellCheck/Options.hs 935.0655177055 904.7179006350 64.9344822945 35.3214178447
ellCheck/Parser.hs 531.5440920181 151.7771816295 468.4559079819 752.9407190055
ellCheck/Simple.hs 531.5440920181 124.8489719856 468.4559079819 26.9282096439
st/shellcheck.hs 0.0000000000 940.0393184797 43.7158469945 59.9606815203
tup.hs 994.5355191257 940.0393184797 5.4644808743 59.9606815203

ellcheck.hs 43.7158469945 940.1471790679 950.8196721311 59.8528209321
ellCheck/Analytics.hs 0.0000000000 0.0000000000 532.4404244216 940.1471790679
ellCheck/AST.hs 532.4404244216 0.0000000000 467.5595755784 124.8632972200
ellCheck/Data.hs 532.4404244216 904.8217084258 402.7493373794 35.3254706421
ellCheck/Options.hs 935.1897618010 904.8217084258 64.8102381990 35.3254706421
ellCheck/Parser.hs 532.4404244216 151.7945966203 467.5595755784 753.0271118055
ellCheck/Simple.hs 532.4404244216 124.8632972200 467.5595755784 26.9312994004
st/shellcheck.hs 0.0000000000 940.1471790679 43.7158469945 59.8528209321
tup.hs 994.5355191257 940.1471790679 5.4644808743 59.8528209321

ellcheck.hs 39.3120393120 934.0463458111 855.0368550369 65.9536541889
ellCheck/Analytics.hs 0.0000000000 0.0000000000 527.7585010409 934.0463458111
ellCheck/AST.hs 527.7585010409 0.0000000000 472.2414989591 124.5623892467
ellCheck/Data.hs 527.7585010409 899.3884909518 406.7822812816 34.6578548593
ellCheck/Options.hs 934.5407823225 899.3884909518 65.4592176775 34.6578548593
ellCheck/Parser.hs 527.7585010409 150.9847142384 472.2414989591 748.4037767134
ellCheck/Simple.hs 527.7585010409 124.5623892467 472.2414989591 26.4223249917
st/shellcheck.hs 0.0000000000 934.0463458111 39.3120393120 65.9536541889
tup.hs 894.3488943489 934.0463458111 105.6511056511 65.9536541889

ellcheck.hs 38.7409200969 934.7860413706 857.1428571429 65.2139586294
ellCheck/Analytics.hs 0.0000000000 0.0000000000 540.2027027027 934.7860413706
ellCheck/AST.hs 540.2027027027 0.0000000000 459.7972972973 124.6610334377
ellCheck/Data.hs 540.2027027027 900.1007400560 396.0630184640 34.6853013146
ellCheck/Options.hs 936.2657211667 900.1007400560 63.7342788333 34.6853013146
ellCheck/Parser.hs 540.2027027027 151.1042829548 459.7972972973 748.9964571011
ellCheck/Simple.hs 540.2027027027 124.6610334377 459.7972972973 26.4432495171
st/shellcheck.hs 0.0000000000 934.7860413706 38.7409200969 65.2139586294
tup.hs 895.8837772397 934.7860413706 104.1162227603 65.2139586294

ellcheck.hs 38.7409200969 935.3171495693 857.1428571429 64.6828504307
ellCheck/Analytics.hs 0.0000000000 0.0000000000 548.2250502344 935.3171495693
ellCheck/AST.hs 548.2250502344 0.0000000000 451.7749497656 125.1480693086
ellCheck/Data.hs 548.2250502344 904.4634704323 380.7092273305 30.8536791370
ellCheck/Options.hs 928.9342775650 904.4634704323 71.0657224350 30.8536791370
ellCheck/Parser.hs 548.2250502344 152.8817134767 451.7749497656 751.5817569556
ellCheck/Simple.hs 548.2250502344 125.1480693086 451.7749497656 27.7336441681
st/shellcheck.hs 0.0000000000 935.3171495693 38.7409200969 64.6828504307
tup.hs 895.8837772397 935.3171495693 104.1162227603 64.6828504307

ellcheck.hs 38.7409200969 936.5493931479 857.1428571429 63.4506068521
ellCheck/Analytics.hs 0.0000000000 0.0000000000 545.2755905512 936.5493931479
ellCheck/AST.hs 545.2755905512 0.0000000000 454.7244094488 122.6433729122
ellCheck/Data.hs 545.2755905512 882.4917081178 213.1520669291 54.0576850302
ellCheck/Options.hs 758.4276574803 882.4917081178 39.7883858268 54.0576850302
ellCheck/Parser.hs 545.2755905512 149.6722154273 454.7244094488 732.8194926904
ellCheck/Regex.hs 798.2160433071 882.4917081178 201.7839566929 54.0576850302
ellCheck/Simple.hs 545.2755905512 122.6433729122 454.7244094488 27.0288425151
st/shellcheck.hs 0.0000000000 936.5493931479 38.7409200969 63.4506068521
tup.hs 895.8837772397 936.5493931479 104.1162227603 63.4506068521

ellcheck.hs 38.7409200969 937.2626462099 857.1428571429 62.7373537901
ellCheck/Analytics.hs 0.0000000000 0.0000000000 547.6499189627 937.2626462099
ellCheck/AST.hs 547.6499189627 0.0000000000 452.3500810373 122.2370488070
ellCheck/Data.hs 547.6499189627 883.5320753057 212.0391004862 53.7305709042
ellCheck/Options.hs 759.6890194489 883.5320753057 39.5806320908 53.7305709042
ellCheck/Parser.hs 547.6499189627 149.1023342591 452.3500810373 734.4297410466
ellCheck/Regex.hs 799.2696515397 883.5320753057 200.7303484603 53.7305709042
ellCheck/Simple.hs 547.6499189627 122.2370488070 452.3500810373 26.8652854521
st/shellcheck.hs 0.0000000000 937.2626462099 38.7409200969 62.7373537901
tup.hs 895.8837772397 937.2626462099 104.1162227603 62.7373537901

ellcheck.hs 38.2775119617 937.1900826446 858.8516746411 62.8099173554
ellCheck/Analytics.hs 0.0000000000 0.0000000000 548.3405483405 937.1900826446
ellCheck/AST.hs 548.3405483405 0.0000000000 451.6594516595 121.7648456684
ellCheck/Data.hs 548.3405483405 883.2941673488 209.1015979905 53.8959152959
ellCheck/Options.hs 757.4421463310 883.2941673488 39.0322982916 53.8959152959
ellCheck/Parser.hs 548.3405483405 149.0454941515 451.6594516595 734.2486731973
ellCheck/Regex.hs 796.4744446226 883.2941673488 203.5255553774 53.8959152959
ellCheck/Simple.hs 548.3405483405 121.7648456684 451.6594516595 27.2806484831
st/shellcheck.hs 0.0000000000 937.1900826446 38.2775119617 62.8099173554
tup.hs 897.1291866029 937.1900826446 102.8708133971 62.8099173554

ellcheck.hs 38.2775119617 938.5565191827 858.8516746411 61.4434808173
ellCheck/Analytics.hs 0.0000000000 0.0000000000 557.4001566171 938.5565191827
ellCheck/AST.hs 557.4001566171 0.0000000000 442.5998433829 121.5540290237
ellCheck/Data.hs 557.4001566171 884.7539161722 204.9073348995 53.8026030105
ellCheck/Options.hs 762.3074915166 884.7539161722 38.2493691812 53.8026030105
ellCheck/Parser.hs 557.4001566171 148.7874453623 442.5998433829 735.9664708099
ellCheck/Regex.hs 800.5568606978 884.7539161722 199.4431393022 53.8026030105
ellCheck/Simple.hs 557.4001566171 121.5540290237 442.5998433829 27.2334163386
st/shellcheck.hs 0.0000000000 938.5565191827 38.2775119617 61.4434808173
tup.hs 897.1291866029 938.5565191827 102.8708133971 61.4434808173

ellcheck.hs 51.4285714286 953.8806166820 825.7142857143 46.1193833180
ellCheck/Analytics.hs 0.0000000000 381.0433407086 791.9927372239 572.8372759734
ellCheck/Analyzer.hs 978.7675321367 462.7204925404 21.2324678633 167.5632348402
ellCheck/AST.hs 828.5674816964 0.0000000000 171.4325183036 278.2472064778
ellCheck/ASTLib.hs 828.5674816964 278.2472064778 171.4325183036 184.4732860626
ellCheck/Checker.hs 791.9927372239 381.0433407086 36.5747444724 572.8372759734
ellCheck/Data.hs 828.5674816964 553.0818181348 150.2000504403 77.2019092457
ellCheck/Formatter/CheckStyle.hs 828.5674816964 630.2837273806 72.4611675304 149.1159062339
ellCheck/Formatter/Format.hs 828.5674816964 779.3996336145 71.1386640580 112.9898877133
ellCheck/Formatter/GCC.hs 901.0286492268 630.2837273806 98.9713507732 71.8951690771
ellCheck/Formatter/JSON.hs 901.0286492268 702.1788964576 98.9713507732 77.2207371569
ellCheck/Formatter/TTY.hs 899.7061457543 779.3996336145 100.2938542457 112.9898877133
ellCheck/Interface.hs 828.5674816964 462.7204925404 150.2000504403 90.3613255945
ellCheck/Parser.hs 0.0000000000 0.0000000000 828.5674816964 381.0433407086
ellCheck/Regex.hs 828.5674816964 892.3895213278 171.4325183036 61.4910953542
st/shellcheck.hs 0.0000000000 953.8806166820 51.4285714286 46.1193833180
tup.hs 877.1428571429 953.8806166820 122.8571428571 46.1193833180

ellcheck.hs 51.4285714286 954.3438559875 825.7142857143 45.6561440125
ellCheck/Analytics.hs 0.0000000000 383.9693742058 793.5980146566 570.3744817817
ellCheck/Analyzer.hs 978.9402139837 464.1302515052 21.0597860163 167.2403220300
ellCheck/AST.hs 829.9617277201 0.0000000000 170.0382722799 280.0124657841
ellCheck/ASTLib.hs 829.9617277201 280.0124657841 170.0382722799 184.1177857211
ellCheck/Checker.hs 793.5980146566 383.9693742058 36.3637130635 570.3744817817
ellCheck/Data.hs 829.9617277201 554.3174408721 148.9784862636 77.0531326630
ellCheck/Formatter/CheckStyle.hs 829.9617277201 631.3705735351 71.8718470462 148.8285434579
ellCheck/Formatter/Format.hs 829.9617277201 780.1991169930 70.5600993815 112.7721437541
ellCheck/Formatter/GCC.hs 901.8335747662 631.3705735351 98.1664252338 71.7566191672
ellCheck/Formatter/JSON.hs 901.8335747662 703.1271927023 98.1664252338 77.0719242907
ellCheck/Formatter/TTY.hs 900.5218271015 780.1991169930 99.4781728985 112.7721437541
ellCheck/Interface.hs 829.9617277201 464.1302515052 148.9784862636 90.1871893669
ellCheck/Parser.hs 0.0000000000 0.0000000000 829.9617277201 383.9693742058
ellCheck/Regex.hs 829.9617277201 892.9712607471 170.0382722799 61.3725952404
st/shellcheck.hs 0.0000000000 954.3438559875 51.4285714286 45.6561440125
tup.hs 877.1428571429 954.3438559875 122.8571428571 45.6561440125

ellcheck.hs 51.7241379310 956.0883280757 824.7126436782 43.9116719243
ellCheck/Analytics.hs 0.0000000000 376.2279485777 798.1906215422 579.8603794980
ellCheck/Analyzer.hs 833.4433152963 468.1953936219 166.5566847037 20.4551385563
ellCheck/AST.hs 833.4433152963 0.0000000000 166.5566847037 276.5231693721
ellCheck/ASTLib.hs 833.4433152963 276.5231693721 166.5566847037 191.6722242497
ellCheck/Checker.hs 798.1906215422 376.2279485777 35.2526937540 579.8603794980
ellCheck/Data.hs 833.4433152963 488.6505321782 79.0294473339 148.4891539642
ellCheck/Formatter/CheckStyle.hs 833.4433152963 637.1396861424 70.4002481737 146.9739585156
ellCheck/Formatter/Format.hs 833.4433152963 784.1136446580 69.1153589587 111.3668654732
ellCheck/Formatter/GCC.hs 903.8435634700 637.1396861424 96.1564365300 70.8624442843
ellCheck/Formatter/JSON.hs 903.8435634700 708.0021304267 96.1564365300 76.1115142313
ellCheck/Formatter/TTY.hs 902.5586742550 784.1136446580 97.4413257450 111.3668654732
ellCheck/Interface.hs 912.4727626302 488.6505321782 87.5272373698 148.4891539642
ellCheck/Parser.hs 0.0000000000 0.0000000000 833.4433152963 376.2279485777
ellCheck/Regex.hs 833.4433152963 895.4805101311 166.5566847037 60.6078179446
st/shellcheck.hs 0.0000000000 956.0883280757 51.7241379310 43.9116719243
tup.hs 876.4367816092 956.0883280757 123.5632183908 43.9116719243

ellcheck.hs 51.7241379310 956.1160151324 824.7126436782 43.8839848676
ellCheck/Analytics.hs 0.0000000000 376.5463230482 798.3050157743 579.5696920842
ellCheck/Analyzer.hs 833.5531522026 468.2089519428 166.4468477974 20.4557309101
ellCheck/AST.hs 833.5531522026 0.0000000000 166.4468477974 276.5311771183
ellCheck/ASTLib.hs 833.5531522026 276.5311771183 166.4468477974 191.6777748245
ellCheck/Checker.hs 798.3050157743 376.5463230482 35.2481364283 579.5696920842
ellCheck/Data.hs 833.5531522026 488.6646828529 78.9773308427 148.4934540142
ellCheck/Formatter/CheckStyle.hs 833.5531522026 637.1581368672 70.3538222649 146.9782146875
ellCheck/Formatter/Format.hs 833.5531522026 784.1363515547 69.0697803785 111.3700905107
ellCheck/Formatter/GCC.hs 903.9069744675 637.1581368672 96.0930255325 70.8644963672
ellCheck/Formatter/JSON.hs 903.9069744675 708.0226332344 96.0930255325 76.1137183203
ellCheck/Formatter/TTY.hs 902.6229325811 784.1363515547 97.3770674189 111.3700905107
ellCheck/Interface.hs 912.5304830452 488.6646828529 87.4695169548 148.4934540142
ellCheck/Parser.hs 0.0000000000 0.0000000000 833.5531522026 376.5463230482
ellCheck/Regex.hs 833.5531522026 895.5064420654 166.4468477974 60.6095730670
st/shellcheck.hs 0.0000000000 956.1160151324 51.7241379310 43.8839848676
tup.hs 876.4367816092 956.1160151324 123.5632183908 43.8839848676

ellcheck.hs 46.1538461538 951.3290902284 792.3076923077 48.6709097716
ellCheck/Analytics.hs 0.0000000000 374.8614627059 796.8851813859 576.4676275225
ellCheck/Analyzer.hs 831.9559228650 458.9550177683 168.0440771350 20.0514328151
ellCheck/AST.hs 831.9559228650 0.0000000000 168.0440771350 271.0656658340
ellCheck/ASTLib.hs 831.9559228650 271.0656658340 168.0440771350 187.8893519343
ellCheck/Checker.hs 796.8851813859 374.8614627059 35.0707414791 576.4676275225
ellCheck/Data.hs 831.9559228650 479.0064505834 75.2197297652 155.9555885620
ellCheck/Formatter/CheckStyle.hs 831.9559228650 634.9620391454 71.0289398199 144.0732580049
ellCheck/Formatter/Format.hs 831.9559228650 779.0352971503 67.4387414818 112.8821402925
ellCheck/Formatter/GCC.hs 902.9848626850 634.9620391454 97.0151373150 69.4638922524
ellCheck/Formatter/JSON.hs 902.9848626850 704.4259313978 97.0151373150 74.6093657525
ellCheck/Formatter/TTY.hs 899.3946643468 779.0352971503 100.6053356532 112.8821402925
ellCheck/Interface.hs 907.1756526302 479.0064505834 92.8243473698 155.9555885620
ellCheck/Parser.hs 0.0000000000 0.0000000000 831.9559228650 374.8614627059
ellCheck/Regex.hs 831.9559228650 891.9174374428 168.0440771350 59.4116527855
ickrun 838.4615384615 951.3290902284 12.8205128205 48.6709097716
icktest 851.2820512821 951.3290902284 38.4615384615 48.6709097716
st/shellcheck.hs 0.0000000000 951.3290902284 46.1538461538 48.6709097716
tup.hs 889.7435897436 951.3290902284 110.2564102564 48.6709097716

ellcheck.hs 46.9973890339 952.3987074323 806.7885117493 47.6012925677
ellCheck/Analytics.hs 0.0000000000 372.9308006696 798.0870314456 579.4679067627
ellCheck/Analyzer.hs 832.8330940885 459.4710391828 167.1669059115 20.0739774400
ellCheck/AST.hs 832.8330940885 0.0000000000 167.1669059115 271.3704357633
ellCheck/ASTLib.hs 832.8330940885 271.3704357633 167.1669059115 188.1006034195
ellCheck/Checker.hs 798.0870314456 372.9308006696 34.7460626429 579.4679067627
ellCheck/Data.hs 832.8330940885 479.5450166228 74.8270912175 156.1309356446
ellCheck/Formatter/CheckStyle.hs 832.8330940885 635.6759522674 70.6581767255 144.2352453098
ellCheck/Formatter/Format.hs 832.8330940885 779.9111975772 67.0867188198 113.0090581809
ellCheck/Formatter/GCC.hs 903.4912708140 635.6759522674 96.5087291860 69.5419932744
ellCheck/Formatter/JSON.hs 903.4912708140 705.2179455418 96.5087291860 74.6932520354
ellCheck/Formatter/TTY.hs 899.9198129082 779.9111975772 100.0801870918 113.0090581809
ellCheck/Interface.hs 907.6601853060 479.5450166228 92.3398146940 156.1309356446
ellCheck/Parser.hs 0.0000000000 0.0000000000 832.8330940885 372.9308006696
ellCheck/Regex.hs 832.8330940885 892.9202557581 167.1669059115 59.4784516741
ickrun 853.7859007833 952.3987074323 13.0548302872 47.6012925677
icktest 866.8407310705 952.3987074323 39.1644908616 47.6012925677
st/shellcheck.hs 0.0000000000 952.3987074323 46.9973890339 47.6012925677
tup.hs 906.0052219321 952.3987074323 93.9947780679 47.6012925677

ellcheck.hs 46.9973890339 952.6693030153 806.7885117493 47.3306969847
ellCheck/Analytics.hs 0.0000000000 377.1847193799 799.0429092331 575.4845836354
ellCheck/Analyzer.hs 833.8305876249 459.6015841245 166.1694123751 20.0796808598
ellCheck/AST.hs 833.8305876249 0.0000000000 166.1694123751 271.4475375493
ellCheck/ASTLib.hs 833.8305876249 271.4475375493 166.1694123751 188.1540465752
ellCheck/Checker.hs 799.0429092331 377.1847193799 34.7876783918 575.4845836354
ellCheck/Data.hs 833.8305876249 479.6812649843 74.3805941108 156.1752955763
ellCheck/Formatter/CheckStyle.hs 833.8305876249 635.8565605606 70.2365557462 144.2762254371
ellCheck/Formatter/Format.hs 833.8305876249 780.1327859977 66.6864089137 113.0411663219
ellCheck/Formatter/GCC.hs 904.0671433711 635.8565605606 95.9328566290 69.5617515500
ellCheck/Formatter/JSON.hs 904.0671433711 705.4183121106 95.9328566290 74.7144738871
ellCheck/Formatter/TTY.hs 900.5169965386 780.1327859977 99.4830034614 113.0411663219
ellCheck/Interface.hs 908.2111817356 479.6812649843 91.7888182644 156.1752955763
ellCheck/Parser.hs 0.0000000000 0.0000000000 833.8305876249 377.1847193799
ellCheck/Regex.hs 833.8305876249 893.1739523196 166.1694123751 59.4953506957
ickrun 853.7859007833 952.6693030153 13.0548302872 47.3306969847
icktest 866.8407310705 952.6693030153 39.1644908616 47.3306969847
st/shellcheck.hs 0.0000000000 952.6693030153 46.9973890339 47.3306969847
tup.hs 906.0052219321 952.6693030153 93.9947780679 47.3306969847

ack.yaml 782.2966507177 949.0057338051 83.7320574163 50.9942661949
ellcheck.hs 43.0622009569 949.0057338051 739.2344497608 50.9942661949
ellCheck/Analytics.hs 0.0000000000 373.8153167652 800.4520456890 575.1904170398
ellCheck/Analyzer.hs 834.8116724515 459.3630867134 165.1883275485 19.9401982978
ellCheck/AST.hs 834.8116724515 0.0000000000 165.1883275485 272.5160434039
ellCheck/ASTLib.hs 834.8116724515 272.5160434039 165.1883275485 186.8470433095
ellCheck/Checker.hs 800.4520456890 373.8153167652 34.3596267625 575.1904170398
ellCheck/Data.hs 834.8116724515 479.3032850113 73.9414418551 155.0904312055
ellCheck/Formatter/CheckStyle.hs 834.8116724515 634.3937162168 69.8218704071 143.2740173994
ellCheck/Formatter/Format.hs 834.8116724515 777.6677336161 66.2926840820 112.2559311583
ellCheck/Formatter/GCC.hs 904.6335428586 634.3937162168 95.3664571414 69.0785441033
ellCheck/Formatter/JSON.hs 904.6335428586 703.4722603200 95.3664571414 74.1954732961
ellCheck/Formatter/TTY.hs 901.1043565334 777.6677336161 98.8956434666 112.2559311583
ellCheck/Interface.hs 908.7531143065 479.3032850113 91.2468856935 155.0904312055
ellCheck/Parser.hs 0.0000000000 0.0000000000 834.8116724515 373.8153167652
ellCheck/Regex.hs 834.8116724515 889.9236647744 165.1883275485 59.0820690307
ickrun 866.0287081340 949.0057338051 47.8468899522 12.7485665487
icktest 866.0287081340 961.7543003538 47.8468899522 38.2456996462
st/shellcheck.hs 0.0000000000 949.0057338051 43.0622009569 50.9942661949
tup.hs 913.8755980861 949.0057338051 86.1244019139 50.9942661949

ack.yaml 773.3644859813 949.8123827392 81.7757009346 50.1876172608
ellcheck.hs 51.4018691589 949.8123827392 721.9626168224 50.1876172608
ellCheck/Analytics.hs 0.0000000000 500.6169264298 725.7085663720 449.1954563094
ellCheck/Analyzer.hs 968.8888888889 0.0000000000 31.1111111111 135.6874832485
ellCheck/AnalyzerLib.hs 750.2469135802 135.6874832485 249.7530864198 296.7283370693
ellCheck/AST.hs 0.0000000000 0.0000000000 750.2469135802 58.1422093762
ellCheck/ASTLib.hs 750.2469135802 0.0000000000 218.6419753086 135.6874832485
ellCheck/Checker.hs 707.3150873704 58.1422093762 42.9318262098 442.4747170536
ellCheck/Checks/Commands.hs 750.2469135802 432.4158203178 249.7530864198 262.9238429728
ellCheck/Data.hs 725.7085663720 500.6169264298 24.5383472083 449.1954563094
ellCheck/Formatter/CheckStyle.hs 750.2469135802 749.8024593349 115.4961455979 83.2528615185
ellCheck/Formatter/Format.hs 750.2469135802 887.8803759998 115.4961455979 61.9320067394
ellCheck/Formatter/GCC.hs 750.2469135802 833.0553208535 115.4961455979 54.8250551464
ellCheck/Formatter/JSON.hs 865.7430591781 749.8024593349 87.3549527618 77.8562117950
ellCheck/Formatter/TTY.hs 865.7430591781 827.6586711299 87.3549527618 122.1537116093
ellCheck/Interface.hs 750.2469135802 695.3396632905 249.7530864198 54.4627960444
ellCheck/Parser.hs 0.0000000000 58.1422093762 707.3150873704 442.4747170536
ellCheck/Regex.hs 953.0980119400 749.8024593349 46.9019880600 200.0099234043
ickrun 855.1401869159 949.8123827392 11.6822429907 50.1876172608
icktest 866.8224299065 949.8123827392 49.0654205607 50.1876172608
st/shellcheck.hs 0.0000000000 949.8123827392 51.4018691589 50.1876172608
tup.hs 915.8878504673 949.8123827392 84.1121495327 50.1876172608

ack.yaml 773.3644859813 949.9005033361 81.7757009346 50.0994966639
ellcheck.hs 51.4018691589 949.9005033361 721.9626168224 50.0994966639
ellCheck/Analytics.hs 0.0000000000 499.4306159201 726.2826020981 450.4698874159
ellCheck/Analyzer.hs 968.9463955638 0.0000000000 31.0536044362 135.7000719052
ellCheck/AnalyzerLib.hs 750.7085643869 135.7000719052 249.2914356131 296.7558665884
ellCheck/AST.hs 0.0000000000 0.0000000000 750.7085643869 58.0044299476
ellCheck/ASTLib.hs 750.7085643869 0.0000000000 218.2378311768 135.7000719052
ellCheck/Checker.hs 707.7503208579 58.0044299476 42.9582435290 441.4261859725
ellCheck/Checks/Commands.hs 750.7085643869 432.4559384936 249.2914356131 262.9482362176
ellCheck/Data.hs 726.2826020981 499.4306159201 24.4259622888 450.4698874159
ellCheck/Formatter/CheckStyle.hs 750.7085643869 749.8720236420 115.2826591920 83.2605854564
ellCheck/Formatter/Format.hs 750.7085643869 887.9627507404 115.2826591920 61.9377525956
ellCheck/Formatter/GCC.hs 750.7085643869 833.1326090984 115.2826591920 54.8301416420
ellCheck/Formatter/JSON.hs 865.9912235789 749.8720236420 87.1934833482 77.8634350487
ellCheck/Formatter/TTY.hs 865.9912235789 827.7354586907 87.1934833482 122.1650446454
ellCheck/Interface.hs 750.7085643869 695.4041747112 249.2914356131 54.4678489308
ellCheck/Parser.hs 0.0000000000 58.0044299476 707.7503208579 441.4261859725
ellCheck/Regex.hs 953.1847069271 749.8720236420 46.8152930729 200.0284796941
ickrun 855.1401869159 949.9005033361 11.6822429907 50.0994966639
icktest 866.8224299065 949.9005033361 49.0654205607 50.0994966639
st/shellcheck.hs 0.0000000000 949.9005033361 51.4018691589 50.0994966639
tup.hs 915.8878504673 949.9005033361 84.1121495327 50.0994966639

ack.yaml 773.3644859813 950.4686957528 81.7757009346 49.5313042472
ellcheck.hs 51.4018691589 950.4686957528 721.9626168224 49.5313042472
ellCheck/Analytics.hs 0.0000000000 504.2233347034 726.1399179129 446.2453610494
ellCheck/Analyzer.hs 970.8397045545 0.0000000000 29.1602954455 142.8718195666
ellCheck/AnalyzerLib.hs 750.5174723000 142.8718195666 249.4825277000 293.1655518379
ellCheck/AST.hs 0.0000000000 0.0000000000 750.5174723000 57.9779736540
ellCheck/ASTLib.hs 750.5174723000 0.0000000000 220.3222322545 142.8718195666
ellCheck/Checker.hs 708.5050913350 57.9779736540 42.0123809650 446.2453610494
ellCheck/Checks/Commands.hs 750.5174723000 436.0373714044 249.4825277000 259.7669446665
ellCheck/Data.hs 726.1399179129 504.2233347034 24.3775543871 446.2453610494
ellCheck/Formatter/CheckStyle.hs 750.5174723000 749.6131831803 116.3867681187 81.5354060938
ellCheck/Formatter/Format.hs 750.5174723000 884.8426371895 116.3867681187 65.6260585633
ellCheck/Formatter/GCC.hs 750.5174723000 831.1485892741 116.3867681187 53.6940479154
ellCheck/Formatter/JSON.hs 866.9042404187 749.6131831803 87.0019900293 79.8101374460
ellCheck/Formatter/TTY.hs 866.9042404187 829.4233206264 87.0019900293 121.0453751264
ellCheck/Interface.hs 750.5174723000 695.8043160709 249.4825277000 53.8088671095
ellCheck/Parser.hs 0.0000000000 57.9779736540 708.5050913350 446.2453610494
ellCheck/Regex.hs 953.9062304480 749.6131831803 46.0937695520 200.8555125725
ickrun 855.1401869159 950.4686957528 11.6822429907 49.5313042472
icktest 866.8224299065 950.4686957528 49.0654205607 49.5313042472
st/shellcheck.hs 0.0000000000 950.4686957528 51.4018691589 49.5313042472
tup.hs 915.8878504673 950.4686957528 84.1121495327 49.5313042472

ack.yaml 773.3644859813 950.7706464228 81.7757009346 49.2293535772
ellcheck.hs 51.4018691589 950.7706464228 721.9626168224 49.2293535772
ellCheck/Analytics.hs 0.0000000000 505.5040451237 726.1412175958 445.2666012991
ellCheck/Analyzer.hs 972.0970284620 0.0000000000 27.9029715380 148.3994901348
ellCheck/AnalyzerLib.hs 750.4234212436 148.3994901348 249.5765787564 291.2685644882
ellCheck/AST.hs 0.0000000000 0.0000000000 750.4234212436 57.6317528704
ellCheck/ASTLib.hs 750.4234212436 0.0000000000 221.6736072184 148.3994901348
ellCheck/Checker.hs 708.8188373143 57.6317528704 41.6045839293 447.8722922533
ellCheck/Checks/Commands.hs 750.4234212436 439.6680546231 249.5765787564 258.0860697997
ellCheck/Data.hs 726.1412175958 505.5040451237 24.2822036478 445.2666012991
ellCheck/Formatter/CheckStyle.hs 750.4234212436 751.2148103098 116.4306441311 81.0078146597
ellCheck/Formatter/Format.hs 750.4234212436 885.5692346235 116.4306441311 65.2014117993
ellCheck/Formatter/GCC.hs 750.4234212436 832.2226249696 116.4306441311 53.3466096540
ellCheck/Formatter/JSON.hs 866.8540653748 751.2148103098 87.0347884347 79.2937097138
ellCheck/Formatter/TTY.hs 866.8540653748 830.5085200236 87.0347884347 120.2621263992
ellCheck/Interface.hs 750.4234212436 697.7541244228 249.5765787564 53.4606858871
ellCheck/Parser.hs 0.0000000000 57.6317528704 708.8188373143 447.8722922533
ellCheck/Regex.hs 953.8888538095 751.2148103098 46.1111461905 199.5558361130
ickrun 855.1401869159 950.7706464228 11.6822429907 49.2293535772
icktest 866.8224299065 950.7706464228 49.0654205607 49.2293535772
st/shellcheck.hs 0.0000000000 950.7706464228 51.4018691589 49.2293535772
tup.hs 915.8878504673 950.7706464228 84.1121495327 49.2293535772

ack.yaml 773.3644859813 951.2250712251 81.7757009346 48.7749287749
ellcheck.hs 51.4018691589 951.2250712251 721.9626168224 48.7749287749
ellCheck/Analytics.hs 0.0000000000 502.5540467251 726.9331611448 448.6710245000
ellCheck/Analyzer.hs 972.3120748639 0.0000000000 27.6879251361 148.1715976331
ellCheck/AnalyzerLib.hs 750.8086737750 148.1715976331 249.1913262250 295.8858755205
ellCheck/AST.hs 0.0000000000 0.0000000000 750.8086737750 57.5258180939
ellCheck/ASTLib.hs 750.8086737750 0.0000000000 221.5034010889 148.1715976331
ellCheck/Checker.hs 709.3247020316 57.5258180939 41.4839717434 445.0282286312
ellCheck/Checks/Commands.hs 750.8086737750 444.0574731536 249.1913262250 256.0990576375
ellCheck/Data.hs 726.9331611448 502.5540467251 23.8755126302 448.6710245000
ellCheck/Formatter/CheckStyle.hs 750.8086737750 753.2056213018 116.2509189318 80.3841331372
ellCheck/Formatter/Format.hs 750.8086737750 886.5256469927 116.2509189318 64.6994242324
ellCheck/Formatter/GCC.hs 750.8086737750 833.5897544390 116.2509189318 52.9358925538
ellCheck/Formatter/JSON.hs 867.0595927068 753.2056213018 86.9004393995 78.6832251351
ellCheck/Formatter/TTY.hs 867.0595927068 831.8888464369 86.9004393995 119.3362247882
ellCheck/Interface.hs 750.8086737750 700.1565307911 249.1913262250 53.0490905106
ellCheck/Parser.hs 0.0000000000 57.5258180939 709.3247020316 445.0282286312
ellCheck/Regex.hs 953.9600321062 753.2056213018 46.0399678938 198.0194499233
ickrun 855.1401869159 951.2250712251 11.6822429907 48.7749287749
icktest 866.8224299065 951.2250712251 49.0654205607 48.7749287749
st/shellcheck.hs 0.0000000000 951.2250712251 51.4018691589 48.7749287749
tup.hs 915.8878504673 951.2250712251 84.1121495327 48.7749287749

ack.yaml 737.1937639198 949.4824482448 77.9510022272 50.5175517552
ellcheck.hs 48.9977728285 949.4824482448 688.1959910913 50.5175517552
ellCheck/Analytics.hs 0.0000000000 501.1535766202 719.7445639794 448.3288716246
ellCheck/Analyzer.hs 971.6565725739 0.0000000000 28.3434274261 142.9045605392
ellCheck/AnalyzerLib.hs 743.3345183079 142.9045605392 256.6654816921 292.8228418410
ellCheck/AST.hs 0.0000000000 0.0000000000 743.3345183079 57.3655105826
ellCheck/ASTLib.hs 743.3345183079 0.0000000000 228.3220542660 142.9045605392
ellCheck/Checker.hs 702.2635114982 57.3655105826 41.0710068096 443.7880660376
ellCheck/Checks/Commands.hs 743.3345183079 435.7274023801 256.6654816921 273.0967521960
ellCheck/Data.hs 719.7445639794 501.1535766202 23.5899543285 448.3288716246
ellCheck/Formatter/CheckStyle.hs 743.3345183079 708.8241545761 69.0442644610 133.6233018670
ellCheck/Formatter/Format.hs 743.3345183079 842.4474564432 69.3767752888 107.0349918017
ellCheck/Formatter/GCC.hs 812.3787827689 708.8241545761 95.9883676653 63.2952482528
ellCheck/Formatter/JSON.hs 812.3787827689 772.1194028289 95.9883676653 70.3280536142
ellCheck/Formatter/TTY.hs 812.7112935966 842.4474564432 95.6558568375 107.0349918017
ellCheck/Interface.hs 908.3671504341 708.8241545761 91.6328495659 142.4304187019
ellCheck/Parser.hs 0.0000000000 57.3655105826 702.2635114982 443.7880660376
ellCheck/Regex.hs 908.3671504341 851.2545732780 91.6328495659 98.2278749668
ickrun 815.1447661470 949.4824482448 11.1358574610 50.5175517552
icktest 826.2806236080 949.4824482448 46.7706013363 50.5175517552
ravis.yml 873.0512249443 949.4824482448 46.7706013363 50.5175517552
st/shellcheck.hs 0.0000000000 949.4824482448 48.9977728285 50.5175517552
tup.hs 919.8218262806 949.4824482448 80.1781737194 50.5175517552

ack.yaml 737.1937639198 949.6297958268 77.9510022272 50.3702041732
ellcheck.hs 48.9977728285 949.6297958268 688.1959910913 50.3702041732
ellCheck/Analytics.hs 0.0000000000 501.5204069476 719.9995226930 448.1093888792
ellCheck/Analyzer.hs 972.1062202101 0.0000000000 27.8937797899 144.7846441357
ellCheck/AnalyzerLib.hs 743.5321913763 144.7846441357 256.4678086237 292.1937833313
ellCheck/AST.hs 0.0000000000 0.0000000000 743.5321913763 57.6356183676
ellCheck/ASTLib.hs 743.5321913763 0.0000000000 228.5740288339 144.7846441357
ellCheck/Checker.hs 702.5899021162 57.6356183676 40.9422892600 443.8847885800
ellCheck/Checks/Commands.hs 743.5321913763 436.9784274670 256.4678086237 272.5100703824
ellCheck/Data.hs 719.9995226930 501.5204069476 23.5326686833 448.1093888792
ellCheck/Formatter/CheckStyle.hs 743.5321913763 709.4884978494 68.9910894430 133.3362447693
ellCheck/Formatter/Format.hs 743.5321913763 842.8247426187 69.3233441847 106.8050532081
ellCheck/Formatter/GCC.hs 812.5232808192 709.4884978494 95.9144414207 63.1592738381
ellCheck/Formatter/JSON.hs 812.5232808192 772.6477716875 95.9144414207 70.1769709312
ellCheck/Formatter/TTY.hs 812.8555355610 842.8247426187 95.5821866790 106.8050532081
ellCheck/Interface.hs 908.4377222400 709.4884978494 91.5622777600 142.1244416601
ellCheck/Parser.hs 0.0000000000 57.6356183676 702.5899021162 443.8847885800
ellCheck/Regex.hs 908.4377222400 851.6129395095 91.5622777600 98.0168563173
ickrun 815.1447661470 949.6297958268 11.1358574610 50.3702041732
icktest 826.2806236080 949.6297958268 46.7706013363 50.3702041732
ravis.yml 873.0512249443 949.6297958268 46.7706013363 50.3702041732
st/shellcheck.hs 0.0000000000 949.6297958268 48.9977728285 50.3702041732
tup.hs 919.8218262806 949.6297958268 80.1781737194 50.3702041732

ack.yaml 736.7256637168 950.2640845070 77.4336283186 49.7359154930
ellcheck.hs 53.0973451327 950.2640845070 683.6283185841 49.7359154930
ellCheck/Analytics.hs 0.0000000000 503.7255200767 622.9451076401 446.5385644303
ellCheck/Analyzer.hs 965.3573365797 0.0000000000 34.6426634203 139.7568436650
ellCheck/AnalyzerLib.hs 733.0940250116 139.7568436650 266.9059749884 298.0654807369
ellCheck/AST.hs 0.0000000000 0.0000000000 733.0940250116 57.7873436322
ellCheck/ASTLib.hs 733.0940250116 0.0000000000 232.2633115681 139.7568436650
ellCheck/Checker.hs 688.1855387941 57.7873436322 44.9084862175 445.9381764445
ellCheck/Checks/Commands.hs 733.0940250116 437.8223244019 266.9059749884 273.3297561944
ellCheck/Checks/ShellSupport.hs 733.0940250116 711.1520805964 266.9059749884 158.3086370719
ellCheck/Data.hs 622.9451076401 503.7255200767 110.1489173715 93.9029643321
ellCheck/Formatter/CheckStyle.hs 622.9451076401 597.6284844088 110.1489173715 81.9153518642
ellCheck/Formatter/Format.hs 622.9451076401 793.4261547183 110.1489173715 65.9318685736
ellCheck/Formatter/GCC.hs 622.9451076401 679.5438362730 110.1489173715 53.9442561057
ellCheck/Formatter/JSON.hs 622.9451076401 733.4880923787 110.1489173715 59.9380623396
ellCheck/Formatter/TTY.hs 622.9451076401 859.3580232919 110.1489173715 90.9060612151
ellCheck/Interface.hs 733.0940250116 869.4607176683 157.9647607074 80.8033668388
ellCheck/Parser.hs 0.0000000000 57.7873436322 688.1855387941 445.9381764445
ellCheck/Regex.hs 891.0587857190 869.4607176683 108.9412142810 80.8033668388
ickrun 814.1592920354 950.2640845070 11.0619469027 49.7359154930
icktest 825.2212389381 950.2640845070 48.6725663717 49.7359154930
ravis.yml 873.8938053097 950.2640845070 46.4601769912 49.7359154930
st/shellcheck.hs 0.0000000000 950.2640845070 53.0973451327 49.7359154930
tup.hs 920.3539823009 950.2640845070 79.6460176991 49.7359154930

ack.yaml 720.7792207792 950.8876368662 75.7575757576 49.1123631338
ellcheck.hs 51.9480519481 950.8876368662 668.8311688312 49.1123631338
ellCheck/Analytics.hs 0.0000000000 490.5083937301 623.6740950556 460.3792431360
ellCheck/Analyzer.hs 971.1091591472 0.0000000000 28.8908408528 165.5774492056
ellCheck/AnalyzerLib.hs 730.3521520402 165.5774492056 269.6478479598 287.7893760001
ellCheck/AST.hs 0.0000000000 0.0000000000 730.3521520402 56.0373090760
ellCheck/ASTLib.hs 730.3521520402 0.0000000000 240.7570071069 165.5774492056
ellCheck/Checker.hs 685.8214680633 56.0373090760 44.5306839770 434.4710846541
ellCheck/Checks/Commands.hs 730.3521520402 453.3668252057 269.6478479598 268.4720069261
ellCheck/Checks/ShellSupport.hs 730.3521520402 721.8388321318 269.6478479598 151.7793284384
ellCheck/Data.hs 623.6740950556 490.5083937301 106.6780569847 108.6176136403
ellCheck/Formatter/CheckStyle.hs 623.6740950556 599.1260073705 106.6780569847 81.7123331973
ellCheck/Formatter/Format.hs 623.6740950556 794.4384135494 106.6780569847 65.7684633051
ellCheck/Formatter/GCC.hs 623.6740950556 680.8383405678 106.6780569847 53.8105608860
ellCheck/Formatter/JSON.hs 623.6740950556 734.6489014538 106.6780569847 59.7895120956
ellCheck/Formatter/TTY.hs 623.6740950556 860.2068768545 106.6780569847 90.6807600116
ellCheck/Interface.hs 730.3521520402 873.6181605702 159.5875018537 77.2694762959
ellCheck/Parser.hs 0.0000000000 56.0373090760 685.8214680633 434.4710846541
ellCheck/Regex.hs 889.9396538940 873.6181605702 110.0603461060 77.2694762959
ickrun 796.5367965368 950.8876368662 10.8225108225 49.1123631338
icktest 807.3593073593 950.8876368662 47.6190476190 49.1123631338
ravis.yml 854.9783549784 950.8876368662 45.4545454545 49.1123631338
st/shellcheck.hs 0.0000000000 950.8876368662 51.9480519481 49.1123631338
tup.hs 900.4329004329 950.8876368662 77.9220779221 49.1123631338
xtnumber 978.3549783550 950.8876368662 21.6450216450 49.1123631338

ack.yaml 740.4426559356 947.6731943567 70.4225352113 52.3268056433
ellcheck.hs 48.2897384306 947.6731943567 692.1529175050 52.3268056433
ellCheck/Analytics.hs 0.0000000000 486.5845950049 625.4253536549 461.0885993518
ellCheck/Analyzer.hs 971.3743390214 0.0000000000 28.6256609786 165.5102234570
ellCheck/AnalyzerLib.hs 730.9187868015 165.5102234570 269.0812131985 285.6323005287
ellCheck/AST.hs 0.0000000000 0.0000000000 730.9187868015 55.4573916746
ellCheck/ASTLib.hs 730.9187868015 0.0000000000 240.4555522200 165.5102234570
ellCheck/Checker.hs 686.4726728028 55.4573916746 44.4461139986 431.1272033302
ellCheck/Checks/Commands.hs 730.9187868015 451.1425239857 269.0812131985 268.0248299481
ellCheck/Checks/ShellSupport.hs 730.9187868015 719.1673539338 269.0812131985 151.8155241166
ellCheck/Data.hs 625.4253536549 486.5845950049 105.4934331466 108.7849725744
ellCheck/Formatter/CheckStyle.hs 625.4253536549 595.3695675792 105.4934331466 81.8382362486
ellCheck/Formatter/Format.hs 625.4253536549 790.9829127588 105.4934331466 65.8697999074
ellCheck/Formatter/GCC.hs 625.4253536549 677.2078038278 105.4934331466 53.8934726515
ellCheck/Formatter/JSON.hs 625.4253536549 731.1012764793 105.4934331466 59.8816362795
ellCheck/Formatter/TTY.hs 625.4253536549 856.8527126662 105.4934331466 90.8204816905
ellCheck/Interface.hs 730.9187868015 870.9828780504 159.2521465869 76.6903163063
ellCheck/Parser.hs 0.0000000000 55.4573916746 686.4726728028 431.1272033302
ellCheck/Regex.hs 890.1709333884 870.9828780504 109.8290666116 76.6903163063
ickrun 810.8651911469 947.6731943567 10.0603621730 52.3268056433
icktest 820.9255533199 947.6731943567 44.2655935614 52.3268056433
ravis.yml 865.1911468813 947.6731943567 42.2535211268 52.3268056433
st/shellcheck.hs 0.0000000000 947.6731943567 48.2897384306 52.3268056433
tup.hs 907.4446680080 947.6731943567 72.4346076459 52.3268056433
xtnumber 979.8792756539 947.6731943567 20.1207243461 52.3268056433

ack.yaml 740.4426559356 947.8543699507 70.4225352113 52.1456300493
ellcheck.hs 48.2897384306 947.8543699507 692.1529175050 52.1456300493
ellCheck/Analytics.hs 0.0000000000 488.3494959791 625.6363461125 459.5048739716
ellCheck/Analyzer.hs 971.8621126391 0.0000000000 28.1378873609 167.7963684968
ellCheck/AnalyzerLib.hs 731.1268541067 167.7963684968 268.8731458933 284.8636023318
ellCheck/AST.hs 0.0000000000 0.0000000000 731.1268541067 55.2496491190
ellCheck/ASTLib.hs 731.1268541067 0.0000000000 240.7352585324 167.7963684968
ellCheck/Checker.hs 687.0363678750 55.2496491190 44.0904862317 433.0998468601
ellCheck/Checks/Commands.hs 731.1268541067 452.6599708287 268.8731458933 267.3035172566
ellCheck/Checks/ShellSupport.hs 731.1268541067 719.9634880852 268.8731458933 151.4069557599
ellCheck/Data.hs 625.6363461125 488.3494959791 105.4905079942 108.4113230799
ellCheck/Formatter/CheckStyle.hs 625.6363461125 596.7608190590 105.4905079942 81.5571421335
ellCheck/Formatter/Format.hs 625.6363461125 791.7022807439 105.4905079942 65.6435534245
ellCheck/Formatter/GCC.hs 625.6363461125 678.3179611925 105.4905079942 53.7083618928
ellCheck/Formatter/JSON.hs 625.6363461125 732.0263230853 105.4905079942 59.6759576586
ellCheck/Formatter/TTY.hs 625.6363461125 857.3458341684 105.4905079942 90.5085357823
ellCheck/Interface.hs 731.1268541067 871.3704438452 159.1290047124 76.4839261055
ellCheck/Parser.hs 0.0000000000 55.2496491190 687.0363678750 433.0998468601
ellCheck/Regex.hs 890.2558588191 871.3704438452 109.7441411809 76.4839261055
ickrun 810.8651911469 947.8543699507 10.0603621730 52.1456300493
icktest 820.9255533199 947.8543699507 44.2655935614 52.1456300493
ravis.yml 865.1911468813 947.8543699507 42.2535211268 52.1456300493
st/shellcheck.hs 0.0000000000 947.8543699507 48.2897384306 52.1456300493
tup.hs 907.4446680080 947.8543699507 72.4346076459 52.1456300493
xtnumber 979.8792756539 947.8543699507 20.1207243461 52.1456300493

ack.yaml 739.9193548387 947.9702087486 70.5645161290 52.0297912514
ellcheck.hs 48.3870967742 947.9702087486 691.5322580645 52.0297912514
ellCheck/Analytics.hs 0.0000000000 488.6133889873 625.9350543164 459.3568197612
ellCheck/Analyzer.hs 971.9598238436 0.0000000000 28.0401761564 168.3457601857
ellCheck/AnalyzerLib.hs 731.4374239239 168.3457601857 268.5625760761 283.9614098724
ellCheck/AST.hs 0.0000000000 0.0000000000 731.4374239239 55.2146036866
ellCheck/ASTLib.hs 731.4374239239 0.0000000000 240.5223999197 168.3457601857
ellCheck/Checker.hs 687.3865929662 55.2146036866 44.0508309577 433.3987853008
ellCheck/Checks/Commands.hs 731.4374239239 452.3071700580 268.5625760761 267.5564866060
ellCheck/Checks/ShellSupport.hs 731.4374239239 719.8636566640 268.5625760761 151.5502435082
ellCheck/Data.hs 625.9350543164 488.6133889873 105.5023696075 108.3763925411
ellCheck/Formatter/CheckStyle.hs 625.9350543164 596.9897815284 105.5023696075 81.5308641135
ellCheck/Formatter/Format.hs 625.9350543164 791.8684323362 105.5023696075 65.6224028230
ellCheck/Formatter/GCC.hs 625.9350543164 678.5206456419 105.5023696075 53.6910568552
ellCheck/Formatter/JSON.hs 625.9350543164 732.2117024971 105.5023696075 59.6567298391
ellCheck/Formatter/TTY.hs 625.9350543164 857.4908351592 105.5023696075 90.4793735893
ellCheck/Interface.hs 731.4374239239 871.4139001722 158.9451980859 76.5563085763
ellCheck/Parser.hs 0.0000000000 55.2146036866 687.3865929662 433.3987853008
ellCheck/Regex.hs 890.3826220097 871.4139001722 109.6173779903 76.5563085763
ickrun 810.4838709677 947.9702087486 10.0806451613 52.0297912514
icktest 820.5645161290 947.9702087486 44.3548387097 52.0297912514
ravis.yml 864.9193548387 947.9702087486 42.3387096774 52.0297912514
st/shellcheck.hs 0.0000000000 947.9702087486 48.3870967742 52.0297912514
tup.hs 907.2580645161 947.9702087486 72.5806451613 52.0297912514
xtnumber 979.8387096774 947.9702087486 20.1612903226 52.0297912514

ack.yaml 739.9193548387 949.0602855089 70.5645161290 50.9397144911
ellcheck.hs 48.3870967742 949.0602855089 691.5322580645 50.9397144911
ellCheck/Analytics.hs 0.0000000000 485.7129340243 627.7133917922 463.3473514846
ellCheck/Analyzer.hs 971.8218340489 0.0000000000 28.1781659511 164.0116211124
ellCheck/AnalyzerLib.hs 730.1157883346 164.0116211124 269.8842116654 289.5889644235
ellCheck/AST.hs 0.0000000000 0.0000000000 730.1157883346 54.2963198765
ellCheck/ASTLib.hs 730.1157883346 0.0000000000 241.7060457143 164.0116211124
ellCheck/Checker.hs 686.7897128612 54.2963198765 43.3260754734 431.4166141479
ellCheck/Checks/Commands.hs 730.1157883346 453.6005855359 269.8842116654 260.6681217216
ellCheck/Checks/ShellSupport.hs 730.1157883346 714.2687072575 269.8842116654 159.8257096687
ellCheck/Data.hs 627.7133917922 485.7129340243 102.4023965424 109.3178816273
ellCheck/Formatter/CheckStyle.hs 627.7133917922 595.0308156516 102.4023965424 82.2391403068
ellCheck/Formatter/Format.hs 627.7133917922 791.6024193118 102.4023965424 66.1924787835
ellCheck/Formatter/GCC.hs 627.7133917922 677.2699559584 102.4023965424 54.1574826411
ellCheck/Formatter/JSON.hs 627.7133917922 731.4274385995 102.4023965424 60.1749807123
ellCheck/Formatter/TTY.hs 627.7133917922 857.7948980953 102.4023965424 91.2653874136
ellCheck/Interface.hs 730.1157883346 874.0944169262 160.2865622581 74.9658685827
ellCheck/Parser.hs 0.0000000000 54.2963198765 686.7897128612 431.4166141479
ellCheck/Regex.hs 890.4023505927 874.0944169262 109.5976494073 74.9658685827
ickrun 810.4838709677 949.0602855089 10.0806451613 50.9397144911
icktest 820.5645161290 949.0602855089 44.3548387097 50.9397144911
ravis.yml 864.9193548387 949.0602855089 42.3387096774 50.9397144911
st/shellcheck.hs 0.0000000000 949.0602855089 48.3870967742 50.9397144911
tup.hs 907.2580645161 949.0602855089 72.5806451613 50.9397144911
xtnumber 979.8387096774 949.0602855089 20.1612903226 50.9397144911

