new names 21
Amber 481.6185184843 764.9010900130 131.8062732845 75.7229102231
Anne 524.1224777917 840.6240002360 89.3023139770 159.3759997640
Anouk 881.9430650385 814.8778223786 118.0569349615 64.0698512029
Bas 613.4247917687 870.3227574133 75.9307042709 129.6772425867
Bram 288.2686403095 0.0000000000 133.4407783297 244.8458842723
Charlotte 668.4820335961 660.8319206230 112.5198971327 83.5311542779
Cornelis 753.4232261695 744.3630749008 64.6693275658 125.9596825125
Daan 150.9891546580 0.0000000000 137.2794856515 244.8458842723
Daniël 421.7094186392 282.7443196228 81.4891633083 169.1645556401
David 718.8273744677 282.3833549547 75.2433786636 169.5255203082
Dylan 452.9446754472 525.5365713281 82.8284471337 129.6851464784
Eline 452.9446754472 451.9088752629 160.4801163215 73.6276960651
Emma 502.1228025288 0.0000000000 216.7045719388 144.5734285873
Eva 0.0000000000 244.8458842723 121.4765214122 207.0629909906
Femke 637.6027863650 282.7443196228 81.2245881027 169.1645556401
Fleur 867.4660488101 282.3833549547 132.5339511899 169.5255203082
Floris 403.1624034340 655.2217178065 78.4561150503 185.4022824296
Gijs 293.5652457945 840.6240002360 116.5423279888 159.3759997640
Ilse 818.0925537354 878.9476735815 60.6358154215 121.0523264185
Iris 690.0519450539 451.9088752629 90.9499856749 124.9941236809
Jan 293.5652457945 559.7433110871 159.3794296527 95.4784067193
Jasper 613.4247917687 576.9029989438 55.0572418274 167.4600759570
Jelle 818.0925537354 744.3630749008 63.8505113031 134.5845986807
Jesse 0.0000000000 688.9830613453 157.5732890317 151.3920686687
Johanna 937.5155316693 878.9476735815 62.4844683307 121.0523264185
Johannes 613.4247917687 744.3630749008 70.7098691517 125.9596825125
Joris 684.1346609204 744.3630749008 69.2885652491 125.9596825125
Julia 846.6100645202 105.8539633849 153.3899354798 176.5293915698
Koen 919.1949895009 608.6610563407 80.8050104991 135.7020185601
Lars 421.7094186392 0.0000000000 80.4133838896 282.7443196228
Lieke 102.3230631644 451.9088752629 191.2421826301 111.1650921906
Lisa 225.4448609127 244.8458842723 196.2645577265 118.5823296422
Lotte 0.0000000000 840.3751300140 146.9228164244 159.6248699860
Lucas 502.1228025288 144.5734285873 216.7045719388 138.1708910356
Luuk 718.8273744677 0.0000000000 281.1726255323 105.8539633849
Maria 689.3554960397 870.3227574133 68.3376338438 129.6772425867
Maud 225.4448609127 363.4282139145 196.2645577265 88.4806613484
Max 718.8273744677 105.8539633849 127.7826900526 176.5293915698
Merel 878.7283691569 878.9476735815 58.7871625123 121.0523264185
Mohamed 613.4247917687 451.9088752629 76.6271532852 124.9941236809
Naomi 794.0707531312 282.3833549547 73.3952956789 169.5255203082
Nick 757.6931298835 870.3227574133 60.3994238519 129.6772425867
Niels 850.2633682995 608.6610563407 68.9316212013 135.7020185601
Nikki 781.0019307288 608.6610563407 69.2614375707 135.7020185601
Nina 481.6185184843 655.2217178065 131.8062732845 109.6793722065
Pieter 668.4820335961 576.9029989438 112.5198971327 83.9289216792
Robin 881.9430650385 744.3630749008 118.0569349615 70.5147474778
Roos 293.5652457945 655.2217178065 109.5971576395 185.4022824296
Ruben 503.1985819475 282.7443196228 134.4042044175 169.1645556401
Sanne 293.5652457945 451.9088752629 159.3794296527 107.8344358242
Sarah 121.4765214122 244.8458842723 103.9683395005 207.0629909906
Sophie 0.0000000000 0.0000000000 150.9891546580 244.8458842723
Stijn 157.5732890317 688.9830613453 135.9919567628 151.3920686687
Sven 410.1075737834 840.6240002360 114.0149040084 159.3759997640
Tessa 535.7731225809 525.5365713281 77.6516691878 129.6851464784
Thijs 102.3230631644 563.0739674536 191.2421826301 125.9090938917
Thomas 146.9228164244 840.3751300140 146.6424293702 159.6248699860
Tim 0.0000000000 451.9088752629 102.3230631644 237.0741860824
Tom 781.0019307288 451.9088752629 71.6669040248 156.7521810778
Vera 852.6688347537 451.9088752629 147.3311652463 80.8063569122
Willem 852.6688347537 532.7152321751 147.3311652463 75.9458241656

Amber 602.8864059590 728.3919658602 80.2450240540 131.4493767015
Anne 512.7870754329 830.6286466484 90.0993305262 169.3713533516
Anouk 880.3505224031 802.0985317234 119.6494775969 75.5130993402
Bas 602.8864059590 859.8413425617 67.5477678967 140.1586574383
Bram 232.2335025381 0.0000000000 218.1764935572 147.8147203812
Charlotte 778.2038066069 596.8281379600 74.9178253239 131.5638279003
Cornelis 759.7588505236 728.3919658602 56.5661644971 131.4493767015
Daan 0.0000000000 131.6077177406 232.2335025381 134.7722597514
Daniël 450.4099960953 279.6402006294 76.0191825780 163.2095313436
David 743.3619679813 300.6796392438 93.6546372770 142.1700927293
Dylan 526.3339744660 442.8497319730 76.5524314930 149.6489592346
Eline 451.8036826728 442.8497319730 74.5302917932 149.6489592346
Emma 450.4099960953 0.0000000000 101.8761738643 279.6402006294
Eva 0.0000000000 266.3799774920 132.0399344599 176.4697544811
Femke 526.4291786733 279.6402006294 92.1765698158 163.2095313436
Fleur 743.3619679813 110.6703209990 115.3506048169 190.0093182448
Floris 424.6824769864 673.1889522098 87.5917616984 157.4396944385
Gijs 305.7883302297 830.6286466484 99.5431697031 169.3713533516
Ilse 816.3250150207 877.6116310635 58.6347067434 122.3883689365
Iris 677.9262914571 442.8497319730 100.2775151499 128.4693470252
Jan 305.7883302297 571.3423047015 146.0153524431 101.8466475083
Jasper 602.8864059590 571.3190789983 62.4757455998 157.0728868620
Jelle 816.3250150207 728.3919658602 64.0255073824 149.2196652033
Jesse 0.0000000000 676.2562512606 166.7696079299 163.5683481622
Johanna 939.5991876318 877.6116310635 60.4008123682 122.3883689365
Johannes 683.1314300130 728.3919658602 76.6274205106 131.4493767015
Joris 665.3621515588 663.2641835028 112.8416550481 65.1277823574
Julia 858.7125727982 110.6703209990 141.2874272018 190.0093182448
Koen 852.3230408547 522.1808118636 147.6769591453 74.6473260963
Lars 326.6253042414 261.9451211044 123.7846918539 180.9046108686
Lieke 216.8856055112 442.8497319730 88.9027247185 233.4065192876
Lisa 232.2335025381 147.8147203812 218.1764935572 114.1304007232
Lotte 0.0000000000 839.8245994228 147.9011517792 160.1754005772
Lucas 552.2861699596 0.0000000000 191.0757980217 157.0148052078
Luuk 743.3619679813 0.0000000000 256.6380320187 110.6703209990
Maria 670.4341738557 859.8413425617 66.3140187114 140.1586574383
Maud 232.2335025381 261.9451211044 94.3918017033 180.9046108686
Max 618.6057484891 279.6402006294 124.7562194921 163.2095313436
Merel 874.9597217641 877.6116310635 64.6394658677 122.3883689365
Mohamed 602.8864059590 442.8497319730 75.0398854980 128.4693470252
Naomi 837.0166052582 300.6796392438 90.0057553052 142.1700927293
Nick 736.7481925671 859.8413425617 79.5768224536 140.1586574383
Niels 926.7251094420 596.8281379600 73.2748905580 131.5638279003
Nikki 853.1216319308 596.8281379600 73.6034775112 131.5638279003
Nina 512.2742386848 673.1889522098 90.6121672742 157.4396944385
Pieter 665.3621515588 571.3190789983 112.8416550481 91.9451045046
Robin 880.3505224031 728.3919658602 119.6494775969 73.7065658631
Roos 305.7883302297 673.1889522098 118.8941467568 157.4396944385
Ruben 552.2861699596 157.0148052078 191.0757980217 122.6253954216
Sanne 305.7883302297 442.8497319730 146.0153524431 128.4925727285
Sarah 132.0399344599 266.3799774920 100.1935680781 176.4697544811
Sophie 0.0000000000 0.0000000000 232.2335025381 131.6077177406
Stijn 166.7696079299 676.2562512606 139.0187222997 163.5683481622
Sven 405.3314999328 830.6286466484 107.4555755001 169.3713533516
Tessa 451.8036826728 592.4986912076 151.0827232863 80.6902610022
Thijs 0.0000000000 559.2540080311 216.8856055112 117.0022432296
Thomas 147.9011517792 839.8245994228 157.8871784504 160.1754005772
Tim 0.0000000000 442.8497319730 216.8856055112 116.4042760580
Tom 778.2038066069 442.8497319730 74.1192342478 153.9784059870
Vera 927.0223605634 300.6796392438 72.9776394366 142.1700927293
Willem 852.3230408547 442.8497319730 147.6769591453 79.3310798906

Amber 471.0496201962 748.3626425300 140.7967207438 81.2721073764
Anne 520.7930944035 829.6347499065 91.0532465365 170.3652500935
Anouk 797.5191960630 813.5027425818 135.2626867117 76.2566419568
Bas 611.8463409400 836.1621437019 59.2677590525 163.8378562981
Bram 236.4391143911 0.0000000000 226.3837638376 148.6130407295
Charlotte 780.9000665610 596.2004278183 75.4951081513 147.3011004673
Cornelis 720.9889325931 743.5015282856 76.5302634699 92.6606154163
Daan 0.0000000000 112.1301209441 236.4391143911 147.2346876835
Daniël 462.8228782288 322.7052998145 108.8040429064 114.0568582096
David 713.2841328413 243.6761846891 62.3930453278 193.0859733350
Dylan 453.7127453530 503.0089607972 89.2182311449 140.9018535906
Eline 453.7127453530 436.7621580241 158.1335955870 66.2468027731
Emma 462.8228782288 0.0000000000 250.4612546125 104.7263959019
Eva 0.0000000000 259.3648086277 131.0522276693 177.3973493964
Femke 571.6269211352 322.7052998145 141.6572117061 114.0568582096
Fleur 835.1488100034 243.6761846891 164.8511899966 131.7384045918
Floris 299.6637813864 749.7029295567 171.3858388098 79.9318203498
Gijs 299.6637813864 829.6347499065 106.8988764532 170.3652500935
Ilse 797.5191960630 889.7593845386 69.0773861807 110.2406154614
Iris 687.8429698889 436.7621580241 93.0570966721 129.8935173213
Jan 299.6637813864 554.7218095646 154.0489639666 89.1890048233
Jasper 611.8463409400 622.9031433964 93.5475161539 120.5983848891
Jelle 797.5191960630 743.5015282856 135.2626867117 70.0012142962
Jesse 0.0000000000 682.8173623249 145.5724556735 160.8098493681
Johanna 934.5775019770 889.7593845386 65.4224980230 110.2406154614
Johannes 611.8463409400 743.5015282856 109.1425916531 92.6606154163
Joris 705.3938570939 622.9031433964 75.5062094671 120.5983848891
Julia 793.9746421686 132.5942642209 206.0253578314 111.0819204682
Koen 860.7565590255 518.0727820026 139.2434409745 78.1276458157
Lars 330.2838573572 255.5788341168 132.5390208715 181.1833239073
Lieke 214.5134172766 436.7621580241 85.1503641098 246.0552043008
Lisa 236.4391143911 148.6130407295 226.3837638376 106.9657933873
Lotte 0.0000000000 843.6272116930 148.1570716227 156.3727883070
Lucas 569.6617012296 104.7263959019 143.6224316118 217.9789039126
Luuk 793.9746421686 0.0000000000 206.0253578314 132.5942642209
Maria 671.1140999925 927.0060912602 126.4050960705 72.9939087398
Maud 236.4391143911 255.5788341168 93.8447429661 181.1833239073
Max 713.2841328413 0.0000000000 80.6905093272 243.6761846891
Merel 866.5965822437 889.7593845386 67.9809197334 110.2406154614
Mohamed 611.8463409400 436.7621580241 75.9966289489 129.8935173213
Naomi 775.6771781692 243.6761846891 59.4716318342 193.0859733350
Nick 671.1140999925 836.1621437019 126.4050960705 90.8439475583
Niels 856.3951747123 666.3438089932 143.6048252877 77.1577192924
Nikki 856.3951747123 596.2004278183 143.6048252877 70.1433811749
Nina 471.0496201962 643.9108143878 140.7967207438 104.4518281422
Pieter 611.8463409400 566.6556753454 169.0537256211 56.2474680511
Robin 932.7818827747 743.5015282856 67.2181172253 146.2578562530
Roos 299.6637813864 643.9108143878 171.3858388098 105.7921151688
Ruben 462.8228782288 104.7263959019 106.8388230008 217.9789039126
Sanne 299.6637813864 436.7621580241 154.0489639666 117.9596515405
Sarah 131.0522276693 259.3648086277 105.3868867219 177.3973493964
Sophie 0.0000000000 0.0000000000 236.4391143911 112.1301209441
Stijn 145.5724556735 682.8173623249 154.0913257129 160.8098493681
Sven 406.5626578396 829.6347499065 114.2304365639 170.3652500935
Tessa 542.9309764979 503.0089607972 68.9153644421 140.9018535906
Thijs 0.0000000000 556.9723341710 214.5134172766 125.8450281538
Thomas 148.1570716227 843.6272116930 151.5067097637 156.3727883070
Tim 0.0000000000 436.7621580241 214.5134172766 120.2101761469
Tom 780.9000665610 436.7621580241 79.8564924645 159.4382697942
Vera 835.1488100034 375.4145892810 164.8511899966 61.3475687431
Willem 860.7565590255 436.7621580241 139.2434409745 81.3106239785

Amber 589.6143016174 716.1384011894 91.7280086348 139.3227052846
Anne 500.0196639639 818.1126830975 89.5946376536 181.8873169025
Anouk 814.3207843086 784.7265189671 125.1365380902 99.4074482329
Bas 589.6143016174 855.4611064740 63.3049695125 144.5388935260
Bram 234.1415406639 0.0000000000 209.5374429632 114.7631974161
Charlotte 763.7641648357 570.9711432876 81.7839605751 145.1672579018
Cornelis 758.6869329177 716.1384011894 55.6338513909 139.3227052846
Daan 0.0000000000 111.4237531095 234.1415406639 139.8448843374
Daniël 443.6789836271 263.8883237674 85.9998526048 158.7145195478
David 740.9859532969 285.5306257425 87.9930573997 137.0722175727
Dylan 451.3124137200 507.6264344517 138.3018878974 85.0235911365
Eline 451.3124137200 422.6028433152 138.3018878974 85.0235911365
Emma 443.6789836271 0.0000000000 101.8724122580 263.8883237674
Eva 0.0000000000 251.2686374469 132.4080343057 171.3342058683
Femke 529.6788362319 263.8883237674 102.4374975625 158.7145195478
Fleur 740.9859532969 108.3147874749 119.6926525539 177.2158382676
Floris 418.2447924464 664.5510045878 92.8251508010 153.5616785096
Gijs 301.2900268483 818.1126830975 99.5726947472 181.8873169025
Ilse 814.3207843086 884.1339672000 61.6755215566 115.8660328000
Iris 663.3041610949 422.6028433152 100.4600037408 131.3528199067
Jan 301.2900268483 558.9507133657 150.0223868718 105.6002912221
Jasper 589.6143016174 553.9556632219 76.0011451260 162.1827379675
Jelle 814.3207843086 716.1384011894 125.1365380902 68.5881177777
Jesse 0.0000000000 667.6923123448 149.4202572174 169.7931651803
Johanna 933.4295957802 884.1339672000 66.5704042198 115.8660328000
Johannes 681.3423102522 716.1384011894 77.3446226654 139.3227052846
Joris 665.6154467435 641.4033627911 98.1487180922 74.7350383983
Julia 860.6786058508 108.3147874749 139.3213941492 177.2158382676
Koen 916.4127789278 422.6028433152 83.5872210722 148.3682999724
Lars 317.9179999368 226.2783798109 125.7609836902 196.3244635042
Lieke 102.8983348222 422.6028433152 198.3916920261 118.3519131162
Lisa 234.1415406639 114.7631974161 209.5374429632 111.5151823949
Lotte 0.0000000000 837.4854775251 146.3408701834 162.5145224749
Lucas 545.5513958851 0.0000000000 195.4345574119 135.0396260921
Luuk 740.9859532969 0.0000000000 259.0140467031 108.3147874749
Maria 652.9192711300 855.4611064740 66.4440589098 144.5388935260
Maud 234.1415406639 226.2783798109 83.7764592730 196.3244635042
Max 632.1163337944 263.8883237674 108.8696195025 158.7145195478
Merel 875.9963058651 884.1339672000 57.4332899151 115.8660328000
Mohamed 589.6143016174 422.6028433152 73.6898594775 131.3528199067
Naomi 828.9790106966 285.5306257425 97.0957874755 137.0722175727
Nick 719.3633300398 855.4611064740 94.9574542688 144.5388935260
Niels 915.6114546932 570.9711432876 84.3885453068 145.1672579018
Nikki 845.5481254107 570.9711432876 70.0633292825 145.1672579018
Nina 511.0699432474 664.5510045878 78.5443583701 153.5616785096
Pieter 665.6154467435 553.9556632219 98.1487180922 87.4476995692
Robin 939.4573223988 716.1384011894 60.5426776012 167.9955660106
Roos 301.2900268483 664.5510045878 116.9547655981 153.5616785096
Ruben 545.5513958851 135.0396260921 195.4345574119 128.8486976753
Sanne 301.2900268483 422.6028433152 150.0223868718 136.3478700505
Sarah 132.4080343057 251.2686374469 101.7335063582 171.3342058683
Sophie 0.0000000000 0.0000000000 234.1415406639 111.4237531095
Stijn 149.4202572174 667.6923123448 151.8697696308 169.7931651803
Sven 400.8627215955 818.1126830975 99.1569423683 181.8873169025
Tessa 451.3124137200 592.6500255882 138.3018878974 71.9009789997
Thijs 102.8983348222 540.9547564314 198.3916920261 126.7375559135
Thomas 146.3408701834 837.4854775251 154.9491566648 162.5145224749
Tim 0.0000000000 422.6028433152 102.8983348222 245.0894690297
Tom 763.7641648357 422.6028433152 82.3130256290 148.3682999724
Vera 926.0747981721 285.5306257425 73.9252018279 137.0722175727
Willem 846.0771904647 422.6028433152 70.3355884632 148.3682999724

Amber 455.4486744607 760.8125593355 135.9883272344 91.3340952441
Anne 406.5785972874 852.1466545795 114.8143996126 147.8533454205
Anouk 784.2647228607 735.8933718263 91.5031036584 154.4058738105
Bas 521.3929968999 852.1466545795 70.0440047951 147.8533454205
Bram 358.6792076298 0.0000000000 114.0405951640 195.0426899189
Charlotte 767.3917797337 591.0048251275 143.4458296045 71.6999828698
Cornelis 591.4370016950 735.8933718263 123.9784960147 54.5401556507
Daan 210.5176663928 0.0000000000 148.1615412370 195.0426899189
Daniël 472.7198027938 272.6998324706 82.0870994248 160.4116661592
David 754.4782251438 285.1172415679 81.5199624645 147.9942570619
Dylan 438.2196491737 517.1947994836 73.0049297294 153.0687714437
Eline 438.2196491737 433.1114986298 153.2173525214 84.0833008538
Emma 472.7198027938 0.0000000000 89.7868432500 272.6998324706
Eva 0.0000000000 132.0296957182 210.5176663928 109.7148175686
Femke 554.8069022186 272.6998324706 94.7329498767 160.4116661592
Fleur 754.4782251438 101.0303596201 110.5814608014 184.0868819478
Floris 288.1536819637 670.2635709273 167.2949924969 79.9860110564
Gijs 288.1536819637 750.2495819837 167.2949924969 101.8970725958
Ilse 784.2647228607 890.2992456368 83.3743853004 109.7007543632
Iris 657.9631137621 433.1114986298 109.4286659716 131.0638970149
Jan 288.1536819637 577.5371106590 150.0659672099 92.7264602683
Jasper 591.4370016950 564.1753956448 78.1330404247 171.7179761816
Jelle 715.4154977097 735.8933718263 68.8492251510 142.6655650442
Jesse 0.0000000000 683.5798822418 166.5209719891 147.4651134283
Johanna 935.7660377841 890.2992456368 64.2339622159 109.7007543632
Johannes 591.4370016950 790.4335274770 123.9784960147 88.1254093935
Joris 669.5700421197 654.0362857228 97.8217376140 81.8570861035
Julia 865.0596859452 101.0303596201 134.9403140548 184.0868819478
Koen 846.9564132163 509.1514364277 153.0435867837 81.8533886998
Lars 306.4890298873 195.0426899189 166.2307729064 137.4462007126
Lieke 0.0000000000 433.1114986298 190.5394908843 120.0978155574
Lisa 210.5176663928 195.0426899189 95.9713634945 238.0688087110
Lotte 0.0000000000 831.0449956701 142.8130090434 168.9550043299
Lucas 562.5066460438 0.0000000000 191.9715791000 149.6048707028
Luuk 754.4782251438 0.0000000000 245.5217748562 101.0303596201
Maria 591.4370016950 878.5589368705 77.6585807126 121.4410631295
Maud 306.4890298873 332.4888906315 166.2307729064 100.6226079983
Max 649.5398520953 272.6998324706 104.9383730485 160.4116661592
Merel 867.6391081612 890.2992456368 68.1269296229 109.7007543632
Mohamed 591.4370016950 433.1114986298 66.5261120671 131.0638970149
Naomi 835.9981876083 285.1172415679 94.7459150767 147.9942570619
Nick 669.0955824077 878.5589368705 115.1691404531 121.4410631295
Niels 910.8376093383 591.0048251275 89.1623906617 144.8885466989
Nikki 767.3917797337 662.7048079973 143.4458296045 73.1885638291
Nina 455.4486744607 670.2635709273 135.9883272344 90.5489884081
Pieter 669.5700421197 564.1753956448 97.8217376140 89.8608900781
Robin 875.7678265192 735.8933718263 124.2321734808 154.4058738105
Roos 166.5209719891 683.5798822418 121.6327099746 147.4651134283
Ruben 562.5066460438 149.6048707028 191.9715791000 123.0949617678
Sanne 288.1536819637 433.1114986298 150.0659672099 144.4256120292
Sarah 134.8280107198 241.7445132868 75.6896556730 191.3669853431
Sophie 0.0000000000 0.0000000000 210.5176663928 132.0296957182
Stijn 190.5394908843 433.1114986298 97.6141910794 250.4683836119
Sven 288.1536819637 852.1466545795 118.4249153237 147.8533454205
Tessa 511.2245789031 517.1947994836 80.2124227919 153.0687714437
Thijs 0.0000000000 553.2093141872 190.5394908843 130.3705680545
Thomas 142.8130090434 831.0449956701 145.3406729203 168.9550043299
Tim 0.0000000000 241.7445132868 134.8280107198 191.3669853431
Tom 767.3917797337 433.1114986298 79.5646334826 157.8933264976
Vera 930.7441026850 285.1172415679 69.2558973150 147.9942570619
Willem 846.9564132163 433.1114986298 153.0435867837 76.0399377978

Amber 479.9705326883 682.7065805132 111.4085703536 142.5192204246
Anne 429.2894318935 825.2258009378 162.0896711485 111.1438319785
Anouk 767.3223706639 745.8506852609 106.9837347257 141.4370827865
Bas 429.2894318935 936.3696329163 162.0896711485 63.6303670837
Bram 349.8712937709 0.0000000000 109.5166043679 199.5042187732
Charlotte 591.3791030420 574.8017983117 164.8264699453 52.2820905958
Cornelis 697.4178478275 745.8506852609 69.9045228363 100.4641828369
Daan 196.4800249202 0.0000000000 153.3912688507 199.5042187732
Daniël 538.5078978520 290.7212238676 87.5469819312 144.9361128585
David 739.1168912078 308.3413568291 82.3420639599 127.3159798970
Dylan 451.9900397429 435.6573367260 139.3890632991 84.9459961396
Eline 459.3878981388 290.7212238676 79.1199997133 144.9361128585
Emma 459.3878981388 0.0000000000 136.9598216537 192.7225801942
Eva 0.0000000000 130.8871427817 196.4800249202 102.7412268537
Femke 626.0548797833 290.7212238676 113.0620114246 144.9361128585
Fleur 863.8982598116 176.4737331156 136.1017401884 131.8676237135
Floris 307.3824696405 682.7065805132 81.4139552584 142.5192204246
Gijs 184.1678796825 875.5420953687 123.2145899580 124.4579046313
Ilse 767.3223706639 887.2877680474 89.6997846600 112.7122319526
Iris 591.3791030420 435.6573367260 98.2619340059 139.1444615856
Jan 307.3824696405 585.3414939304 144.6075701024 97.3650865828
Jasper 591.3791030420 627.0838889075 107.9799057874 118.7667963534
Jelle 756.2055729873 595.5551193490 67.9464097508 150.2955659119
Jesse 0.0000000000 588.0305981837 156.3055989305 152.5903173857
Johanna 927.7585626900 887.2877680474 72.2414373100 112.7122319526
Johannes 591.3791030420 745.8506852609 106.0387447856 100.4641828369
Joris 699.3590088294 627.0838889075 56.8465641579 118.7667963534
Julia 862.3490745061 0.0000000000 137.6509254939 176.4737331156
Koen 844.6844903627 510.5821173813 155.3155096373 84.9730019677
Lars 285.6963032091 199.5042187732 173.6915949297 142.9810441203
Lieke 156.3055989305 435.6573367260 151.0768707100 155.8503120157
Lisa 196.4800249202 199.5042187732 89.2162782889 236.1531179528
Lotte 0.0000000000 740.6209155694 184.1678796825 121.2155096274
Lucas 596.3477197925 0.0000000000 142.7691714154 192.7225801942
Luuk 739.1168912078 0.0000000000 123.2321832983 176.4737331156
Maria 591.3791030420 846.3148680978 71.0837292023 153.6851319022
Maud 285.6963032091 342.4852628935 173.6915949297 93.1720738325
Max 739.1168912078 176.4737331156 124.7813686037 131.8676237135
Merel 857.0221553239 887.2877680474 70.7364073661 112.7122319526
Mohamed 451.9900397429 520.6033328657 139.3890632991 72.2892861131
Naomi 821.4589551678 308.3413568291 104.9927935282 127.3159798970
Nick 662.4628322443 846.3148680978 104.8595384196 153.6851319022
Niels 913.5432726427 595.5551193490 86.4567273573 150.2955659119
Nikki 824.1519827381 595.5551193490 89.3912899047 150.2955659119
Nina 388.7964248989 682.7065805132 91.1741077894 142.5192204246
Pieter 689.6410370478 435.6573367260 66.5645359395 139.1444615856
Robin 874.3061053896 745.8506852609 125.6938946104 141.4370827865
Roos 184.1678796825 740.6209155694 123.2145899580 134.9211797994
Ruben 459.3878981388 192.7225801942 279.7289930691 97.9986436733
Sanne 307.3824696405 435.6573367260 144.6075701024 149.6841572044
Sarah 0.0000000000 233.6283696355 196.4800249202 71.8325216322
Sophie 0.0000000000 0.0000000000 196.4800249202 130.8871427817
Stijn 156.3055989305 591.5076487417 151.0768707100 149.1132668277
Sven 307.3824696405 825.2258009378 121.9069622530 174.7741990622
Tessa 451.9900397429 592.8926189788 139.3890632991 89.8139615344
Thijs 0.0000000000 435.6573367260 156.3055989305 152.3732614577
Thomas 0.0000000000 861.8364251968 184.1678796825 138.1635748032
Tim 0.0000000000 305.4608912677 196.4800249202 130.1964454584
Tom 756.2055729873 435.6573367260 88.4789173754 159.8977826230
Vera 926.4517486960 308.3413568291 73.5482513040 127.3159798970
Willem 844.6844903627 435.6573367260 155.3155096373 74.9247806553

Amber 456.4594130642 688.0308740558 145.7410032308 107.9628643054
Anne 456.4594130642 795.9937383613 145.7410032308 129.5095930628
Anouk 785.5257849841 756.5447542674 130.2732268985 126.1668260034
Bas 456.4594130642 925.5033314241 145.7410032308 74.4966685759
Bram 370.0525373455 0.0000000000 111.3103714128 179.4736923716
Charlotte 687.3788036811 601.6263811278 108.6833094749 84.5288742329
Cornelis 705.5793836009 756.5447542674 79.9464013832 96.9447535402
Daan 124.7264182468 0.0000000000 141.8335329690 214.8083518943
Daniël 481.3629087583 263.1340149702 83.9318821713 175.1301662284
David 747.8466346520 309.8851027278 83.0102410175 128.3790784708
Dylan 444.3728973059 438.2641811986 157.8275189890 89.3233426998
Eline 393.5416348547 294.0942394062 87.8212739036 144.1699417925
Emma 481.3629087583 0.0000000000 178.7561153208 124.0916093326
Eva 0.0000000000 214.8083518943 214.6831687862 94.2996048457
Femke 662.0072097042 263.1340149702 85.8394249479 175.1301662284
Fleur 870.2368646163 173.9543137587 129.7631353837 135.9307889691
Floris 444.3728973059 609.0791991103 157.8275189890 78.9516749455
Gijs 288.0166517990 773.1133629497 168.4427612652 95.5938453306
Ilse 785.5257849841 882.7115802709 85.1630681139 117.2884197291
Iris 565.2947909295 263.1340149702 96.7124187746 175.1301662284
Jan 288.0166517990 588.6797088047 156.3562455069 99.3511652511
Jasper 602.2004162950 601.6263811278 85.1783873861 154.9183731396
Jelle 796.0621131560 633.0328900915 84.1176164569 123.5118641760
Jesse 0.0000000000 691.3526711067 179.8063469935 143.2466934172
Johanna 934.4899476047 882.7115802709 65.5100523953 117.2884197291
Johannes 602.2004162950 756.5447542674 103.3789673059 96.9447535402
Joris 687.3788036811 686.1552553607 108.6833094749 70.3894989067
Julia 864.0330672762 0.0000000000 135.9669327238 173.9543137587
Koen 928.9905087019 438.2641811986 71.0094912981 194.7687088928
Lars 266.5599512158 179.4736923716 214.8029575425 114.6205470346
Lieke 103.4853597665 438.2641811986 184.5312920325 130.1649672703
Lisa 266.5599512158 0.0000000000 103.4925861297 179.4736923716
Lotte 0.0000000000 834.5993645239 130.0720362963 165.4006354761
Lucas 660.1190240791 0.0000000000 87.7276105729 263.1340149702
Luuk 747.8466346520 0.0000000000 116.1864326242 173.9543137587
Maria 602.2004162950 853.4895078076 67.2649051782 146.5104921924
Maud 266.5599512158 294.0942394062 126.9816836389 144.1699417925
Max 747.8466346520 173.9543137587 122.3902299642 135.9307889691
Merel 870.6888530980 882.7115802709 63.8010945067 117.2884197291
Mohamed 602.2004162950 438.2641811986 53.7823061967 163.3621999292
Naomi 830.8568756696 309.8851027278 102.5267553634 128.3790784708
Nick 669.4653214732 853.4895078076 116.0604635109 146.5104921924
Niels 880.1797296129 633.0328900915 119.8202703871 123.5118641760
Nikki 796.0621131560 528.9887023732 132.9283955459 104.0441877182
Nina 288.0166517990 688.0308740558 168.4427612652 85.0824888939
Pieter 655.9827224916 537.9508959000 140.0793906643 63.6754852279
Robin 915.7990118827 756.5447542674 84.2009881173 126.1668260034
Roos 179.8063469935 691.3526711067 108.2103048055 143.2466934172
Ruben 481.3629087583 124.0916093326 178.7561153208 139.0424056377
Sanne 288.0166517990 438.2641811986 156.3562455069 150.4155276060
Sarah 214.6831687862 214.8083518943 51.8767824295 223.4558293043
Sophie 0.0000000000 0.0000000000 124.7264182468 214.8083518943
Stijn 103.4853597665 568.4291484689 184.5312920325 122.9235226377
Sven 288.0166517990 868.7072082803 168.4427612652 131.2927917197
Tessa 444.3728973059 527.5875238984 157.8275189890 81.4916752119
Thijs 0.0000000000 438.2641811986 103.4853597665 253.0884899080
Thomas 130.0720362963 834.5993645239 157.9446155027 165.4006354761
Tim 0.0000000000 309.1079567400 214.6831687862 129.1562244586
Tom 655.9827224916 438.2641811986 140.0793906643 99.6867147013
Vera 933.3836310329 309.8851027278 66.6163689671 128.3790784708
Willem 796.0621131560 438.2641811986 132.9283955459 90.7245211746

Amber 495.7764365015 688.3040562932 108.3422865763 137.1965625934
Anne 440.8215777830 825.5006188866 163.2971452948 106.1282785719
Anouk 772.0087647654 728.8359377874 109.6412306564 149.2498692825
Bas 440.8215777830 931.6288974585 163.2971452948 68.3711025415
Bram 357.4592444915 0.0000000000 105.3221921757 192.0769142300
Charlotte 657.1504187310 540.2557178585 141.1635064150 69.6475666214
Cornelis 701.2451934756 728.8359377874 70.7635712898 120.0982852406
Daan 112.5236126002 0.0000000000 140.6545157502 196.6666777558
Daniël 462.7814366672 258.6262689188 78.5213997456 176.5678653921
David 743.8351968142 305.3514598588 90.0940339862 129.8426744521
Dylan 465.8619239580 435.1941343109 138.2567991198 93.7711996677
Eline 378.4498132041 299.2456561100 84.3316234631 135.9484782009
Emma 462.7814366672 0.0000000000 187.2403088004 113.3826106685
Eva 0.0000000000 196.6666777558 202.4586688630 98.4399027053
Femke 649.2697610629 258.6262689188 94.5654357513 176.5678653921
Fleur 859.9284208715 164.9704521095 140.0715791285 140.3810077493
Floris 312.8577329321 688.3040562932 90.6091320470 137.1965625934
Gijs 195.6013705894 876.3599394830 117.2563623427 123.6400605170
Ilse 772.0087647654 878.0858070699 83.1047188385 121.9141929301
Iris 541.3028364128 258.6262689188 107.9669246502 176.5678653921
Jan 312.8577329321 593.7690251914 153.0041910259 94.5350311018
Jasper 604.1187230778 609.9032844799 124.6996607797 118.9326533075
Jelle 798.3139251460 604.0753516170 77.4688234538 124.7605861703
Jesse 0.0000000000 587.9384759972 163.4267166521 156.8229622920
Johanna 930.8371912298 878.0858070699 69.1628087702 121.9141929301
Johannes 604.1187230778 728.8359377874 97.1264703978 120.0982852406
Joris 728.8183838575 609.9032844799 69.4955412885 118.9326533075
Julia 860.6043263421 0.0000000000 139.3956736579 164.9704521095
Koen 857.7146184249 510.3825819604 142.2853815751 93.6927696566
Lars 253.1781283504 192.0769142300 209.6033083167 107.1687418800
Lieke 163.4267166521 435.1941343109 149.4310162800 150.0999968136
Lisa 253.1781283504 0.0000000000 104.2811161410 192.0769142300
Lotte 0.0000000000 744.7614382891 195.6013705894 121.3149906129
Lucas 650.0217454676 0.0000000000 93.8134513466 258.6262689188
Luuk 743.8351968142 0.0000000000 116.7691295279 164.9704521095
Maria 604.1187230778 848.9342230280 67.5090049361 151.0657769720
Maud 253.1781283504 299.2456561100 125.2716848536 135.9484782009
Max 743.8351968142 164.9704521095 116.0932240573 140.3810077493
Merel 855.1134836039 878.0858070699 75.7237076259 121.9141929301
Mohamed 465.8619239580 528.9653339786 138.2567991198 61.9516666185
Naomi 833.9292308004 305.3514598588 101.6445511639 129.8426744521
Nick 671.6277280140 848.9342230280 100.3810367514 151.0657769720
Niels 875.7827485999 604.0753516170 124.2172514001 124.7605861703
Nikki 798.3139251460 435.1941343109 59.4006932789 168.8812173061
Nina 403.4668649791 688.3040562932 92.3095715224 137.1965625934
Pieter 604.1187230778 435.1941343109 53.0316956532 174.7091501689
Robin 881.6499954218 728.8359377874 118.3500045782 149.2498692825
Roos 195.6013705894 744.7614382891 117.2563623427 131.5985011939
Ruben 462.7814366672 113.3826106685 187.2403088004 145.2436582504
Sanne 312.8577329321 435.1941343109 153.0041910259 158.5748908804
Sarah 202.4586688630 196.6666777558 50.7194594874 238.5274565552
Sophie 0.0000000000 0.0000000000 112.5236126002 196.6666777558
Stijn 163.4267166521 585.2941311246 149.4310162800 159.4673071646
Sven 312.8577329321 825.5006188866 127.9638448509 174.4993811134
Tessa 465.8619239580 590.9170005971 138.2567991198 97.3870556960
Thijs 0.0000000000 435.1941343109 163.4267166521 152.7443416862
Thomas 0.0000000000 866.0764289020 195.6013705894 133.9235710980
Tim 0.0000000000 295.1065804611 202.4586688630 140.0875538499
Tom 657.1504187310 435.1941343109 141.1635064150 105.0615835475
Vera 935.5737819643 305.3514598588 64.4262180357 129.8426744521
Willem 857.7146184249 435.1941343109 142.2853815751 75.1884476495

Amber 486.2790753579 717.5950735548 105.1864518392 150.1125651800
Anne 304.4808869384 778.4099958339 181.7981884195 104.1542921790
Anouk 791.4599671556 769.5005179784 146.9147276303 128.8847070656
Bas 486.2790753579 867.7076387348 105.1864518392 132.2923612652
Bram 357.1294790286 0.0000000000 98.5139734365 196.3992928991
Charlotte 656.9080140251 519.2087158156 122.6761599772 69.9236442090
Cornelis 706.7220632122 769.5005179784 84.7379039434 97.8550523262
Daan 112.6595556764 0.0000000000 133.9854506804 216.0136518130
Daniël 455.6434524650 248.5113030529 170.4583596458 88.5310812037
David 716.6972736262 275.5337898933 154.0481362843 72.1825232209
Dylan 450.2866425721 449.8030245266 141.1788846250 86.1885334267
Eline 363.9122246358 321.6570462651 91.7312278292 128.1459782616
Emma 455.6434524650 0.0000000000 166.3227332667 123.5870969064
Eva 0.0000000000 216.0136518130 193.1033355554 101.5116417764
Femke 626.1018121108 248.5113030529 90.5954615154 201.2917214738
Fleur 851.6033338042 140.2289295883 148.3966661958 135.3048603050
Floris 450.2866425721 630.5063987868 141.1788846250 87.0886747680
Gijs 187.3138817674 890.9963132267 117.1670051710 109.0036867733
Ilse 791.4599671556 898.3852250440 91.9201943872 101.6147749560
Iris 455.6434524650 337.0423842566 170.4583596458 112.7606402700
Jan 304.4808869384 609.5195191870 145.8057556337 108.0755543678
Jasper 591.4655271971 589.1323600246 79.9680389977 180.3681579538
Jelle 671.4335661948 663.7472006113 108.1506078074 105.7533173670
Jesse 0.0000000000 603.2496110698 166.4635990875 148.1026755691
Johanna 938.3746947859 769.5005179784 61.6253052141 128.8847070656
Johannes 591.4655271971 769.5005179784 115.2565360150 97.8550523262
Joris 671.4335661948 589.1323600246 108.1506078074 74.6148405867
Julia 851.6033338042 0.0000000000 148.3966661958 140.2289295883
Koen 845.8465588026 523.3789028844 154.1534411974 88.0025211730
Lars 246.6450063568 196.3992928991 208.9984461082 125.2577533660
Lieke 166.4635990875 449.8030245266 138.0172878510 148.2425380155
Lisa 246.6450063568 0.0000000000 110.4844726718 196.3992928991
Lotte 0.0000000000 751.3522866389 187.3138817674 106.8540650870
Lucas 621.9661857318 0.0000000000 94.7310878944 248.5113030529
Luuk 716.6972736262 0.0000000000 134.9060601780 138.2378928781
Maria 591.4655271971 867.3555703046 81.6743760789 132.6444296954
Maud 246.6450063568 321.6570462651 117.2672182790 128.1459782616
Max 716.6972736262 138.2378928781 134.9060601780 137.2958970152
Merel 883.3801615428 898.3852250440 116.6198384572 101.6147749560
Mohamed 591.4655271971 449.8030245266 65.4424868280 139.3293354980
Naomi 870.7454099105 275.5337898933 129.2545900895 104.9548140881
Nick 673.1399032760 867.3555703046 118.3200638796 132.6444296954
Niels 896.5231081232 611.3814240575 103.4768918768 158.1190939209
Nikki 779.5841740022 449.8030245266 66.2623848004 161.5783995308
Nina 304.4808869384 717.5950735548 181.7981884195 60.8149222790
Pieter 656.9080140251 449.8030245266 122.6761599772 69.4056912890
Robin 779.5841740022 611.3814240575 116.9389341210 158.1190939209
Roos 187.3138817674 751.3522866389 117.1670051710 139.6440265877
Ruben 455.6434524650 123.5870969064 166.3227332667 124.9242061465
Sanne 304.4808869384 449.8030245266 145.8057556337 159.7164946604
Sarah 193.1033355554 216.0136518130 53.5416708014 233.7893727136
Sophie 0.0000000000 0.0000000000 112.6595556764 216.0136518130
Stijn 166.4635990875 598.0455625421 138.0172878510 153.3067240968
Sven 304.4808869384 882.5642880129 181.7981884195 117.4357119871
Tessa 450.2866425721 535.9915579533 141.1788846250 94.5148408335
Thijs 0.0000000000 449.8030245266 166.4635990875 153.4465865432
Thomas 0.0000000000 858.2063517259 187.3138817674 141.7936482741
Tim 0.0000000000 317.5252935895 193.1033355554 132.2777309372
Tom 716.6972736262 347.7163131142 154.0481362843 102.0867114124
Vera 870.7454099105 380.4886039813 129.2545900895 69.3144205453
Willem 845.8465588026 449.8030245266 154.1534411974 73.5758783578

Amber 461.8031295738 694.3577138043 126.2710852468 140.5996299451
Anne 402.4409568019 834.9573437494 108.3171928077 165.0426562506
Anouk 781.5256396828 757.3425788812 151.1151254932 139.1047774553
Bas 510.7581496096 834.9573437494 77.3160652110 165.0426562506
Bram 340.9236468259 0.0000000000 108.6983463012 188.8499610147
Charlotte 588.0742148206 517.9564994750 135.2801450833 68.3522478774
Cornelis 705.7307371549 757.3425788812 75.7949025280 97.1904313082
Daan 89.7881165028 0.0000000000 144.2325020539 204.9373315294
Daniël 449.6219931271 248.3197745961 183.1058099576 84.3337104357
David 714.5017182131 272.3825986417 152.4641345410 75.8104687822
Dylan 448.5610485006 448.4650474664 139.5131663200 96.1036027466
Eline 366.1633965192 302.2171215633 83.4585966079 146.2479259031
Emma 449.6219931271 0.0000000000 90.4860916531 248.3197745961
Eva 0.0000000000 204.9373315294 234.0206185567 87.3222691543
Femke 632.7278030848 248.3197745961 81.7739151283 200.1452728703
Fleur 856.6284886944 142.3182954229 143.3715113056 130.0643032188
Floris 293.0032413099 694.3577138043 73.2196917924 140.5996299451
Gijs 177.5241055441 887.3646965985 115.4791357659 112.6353034015
Ilse 781.5256396828 896.4473563365 96.1406244992 103.5526436635
Iris 449.6219931271 332.6534850318 183.1058099576 115.8115624346
Jan 293.0032413099 597.4668887928 155.5578071906 96.8908250115
Jasper 588.0742148206 586.3087473524 93.8904251466 171.0338315288
Jelle 681.9646399673 662.0797545787 112.2720438894 95.2628243026
Jesse 0.0000000000 598.7872846677 162.8031782994 139.9094877730
Johanna 932.6407651760 757.3425788812 67.3592348240 139.1047774553
Johannes 588.0742148206 757.3425788812 117.6565223342 97.1904313082
Joris 681.9646399673 586.3087473524 112.2720438894 75.7710072263
Julia 856.6284886944 0.0000000000 143.3715113056 142.3182954229
Koen 888.0326890077 448.4650474664 111.9673109923 115.3422401501
Lars 234.0206185567 188.8499610147 215.6013745704 113.3671605486
Lieke 162.8031782994 448.4650474664 130.2000630105 141.5649033725
Lisa 234.0206185567 0.0000000000 106.9030282692 188.8499610147
Lotte 0.0000000000 738.6967724407 177.5241055441 115.2859422587
Lucas 540.1080847802 0.0000000000 174.3936334329 140.1548621030
Luuk 714.5017182131 0.0000000000 142.1267704813 131.8539967947
Maria 588.0742148206 854.5330101895 76.9144219332 145.4669898105
Maud 234.0206185567 302.2171215633 132.1427779625 146.2479259031
Max 714.5017182131 131.8539967947 142.1267704813 140.5286018470
Merel 877.6662641821 896.4473563365 122.3337358179 103.5526436635
Mohamed 448.5610485006 544.5686502130 139.5131663200 58.5458729376
Naomi 866.9658527541 272.3825986417 133.0341472459 104.7227195641
Nick 664.9886367538 854.5330101895 116.5370029291 145.4669898105
Niels 902.2146469721 563.8072876165 97.7853530279 193.5352912648
Nikki 723.3543599039 448.4650474664 70.8823239527 137.8436998860
Nina 366.2229331023 694.3577138043 95.5801964715 140.5996299451
Pieter 588.0742148206 448.4650474664 135.2801450833 69.4914520086
Robin 794.2366838566 563.8072876165 107.9779631155 193.5352912648
Roos 177.5241055441 738.6967724407 115.4791357659 148.6679241578
Ruben 540.1080847802 140.1548621030 174.3936334329 108.1649124931
Sanne 293.0032413099 448.4650474664 155.5578071906 149.0018413264
Sarah 163.9722883816 292.2596006837 70.0483301751 156.2054467827
Sophie 0.0000000000 0.0000000000 89.7881165028 204.9373315294
Stijn 162.8031782994 590.0299508389 130.2000630105 148.6668216018
Sven 293.0032413099 834.9573437494 109.4377154919 165.0426562506
Tessa 448.5610485006 603.1145231506 139.5131663200 91.2431906537
Thijs 0.0000000000 448.4650474664 162.8031782994 150.3222372013
Thomas 0.0000000000 853.9827146994 177.5241055441 146.0172853006
Tim 0.0000000000 292.2596006837 163.9722883816 156.2054467827
Tom 714.5017182131 348.1930674239 152.4641345410 100.2719800425
Vera 866.9658527541 377.1053182059 133.0341472459 71.3597292605
Willem 794.2366838566 448.4650474664 93.7960051511 115.3422401501

Amber 459.2817579740 716.8593824812 127.6590989630 157.9659792616
Anne 307.2446095006 874.8253617428 175.8962966665 125.1746382572
Anouk 772.7604714336 767.9242395023 153.5671293817 118.1076752143
Bas 483.1409061671 874.8253617428 103.7999507698 125.1746382572
Bram 273.2909449053 0.0000000000 178.3583008855 121.7986108751
Charlotte 753.8005871221 469.6631195250 122.8214101923 75.8711044174
Cornelis 668.9929811381 671.9098801475 84.8076059840 96.0143593548
Daan 144.4627191605 0.0000000000 128.8282257448 235.0268188199
Daniël 319.9718737554 349.1112825585 131.6773720354 120.5518369664
David 714.5271327533 131.7033830021 68.9072438182 161.2568395475
Dylan 474.4439819052 469.6631195250 112.4968750318 121.7689836550
Eline 224.3838555371 349.1112825585 95.5880182183 120.5518369664
Emma 451.6492457908 0.0000000000 92.3158025577 238.1862963305
Eva 0.0000000000 107.6443178838 144.4627191605 127.3825009362
Femke 451.6492457908 238.1862963305 177.7918076075 114.2503463053
Fleur 879.6857647619 131.7033830021 120.3142352381 161.2568395475
Floris 307.2446095006 716.8593824812 152.0371484734 65.1585495853
Gijs 216.1401593806 700.2443719054 91.1044501200 137.4552180498
Ilse 772.7604714336 886.0319147166 114.0066647291 113.9680852834
Iris 451.6492457908 352.4366426358 177.7918076075 117.2264768892
Jan 307.2446095006 622.9740308321 167.1993724046 93.8853516491
Jasper 586.9408569370 577.8334252935 166.8597301851 94.0764548540
Jelle 753.8005871221 628.1068770149 80.7349056747 139.8173624874
Jesse 0.0000000000 584.5180290629 168.6658167507 115.7263428425
Johanna 926.3276008153 767.9242395023 73.6723991847 118.1076752143
Johannes 586.9408569370 767.9242395023 77.7567631957 169.7459379782
Joris 586.9408569370 671.9098801475 82.0521242011 96.0143593548
Julia 848.0007641947 0.0000000000 151.9992358053 131.7033830021
Koen 867.9105730805 370.8519277654 132.0894269195 98.8111917595
Lars 224.3838555371 235.0268188199 227.2653902537 114.0844637386
Lieke 168.6658167507 469.6631195250 138.5787927498 98.2144616855
Lisa 273.2909449053 121.7986108751 178.3583008855 113.2282079448
Lotte 0.0000000000 768.5190204097 216.1401593806 105.9481099300
Lucas 543.9650483486 0.0000000000 170.5620844048 138.9132813621
Luuk 714.5271327533 0.0000000000 133.4736314414 131.7033830021
Maria 586.9408569370 937.6701774805 185.8196144966 62.3298225195
Maud 137.2087324557 278.1286295022 87.1751230815 191.5344900228
Max 629.4410533983 238.1862963305 85.0860793550 231.4768231944
Merel 886.7671361627 886.0319147166 113.2328638373 113.9680852834
Mohamed 586.9408569370 469.6631195250 84.2451406472 108.1703057685
Naomi 783.4343765715 131.7033830021 96.2513881904 161.2568395475
Nick 664.6976201327 767.9242395023 108.0628513009 169.7459379782
Niels 876.6219973144 469.6631195250 123.3780026856 158.4437574899
Nikki 753.8005871221 545.5342239423 122.8214101923 82.5726530726
Nina 307.2446095006 782.0179320665 152.0371484734 92.8074296763
Pieter 671.1859975842 469.6631195250 82.6145895379 108.1703057685
Robin 834.5354927968 628.1068770149 165.4645072032 139.8173624874
Roos 0.0000000000 700.2443719054 216.1401593806 68.2746485043
Ruben 543.9650483486 138.9132813621 170.5620844048 99.2730149684
Sanne 307.2446095006 469.6631195250 167.1993724046 153.3109113072
Sarah 0.0000000000 235.0268188199 224.3838555371 43.1018106823
Sophie 0.0000000000 0.0000000000 144.4627191605 107.6443178838
Stijn 168.6658167507 567.8775812105 138.5787927498 132.3667906949
Sven 216.1401593806 837.6995899552 91.1044501200 162.3004100448
Tessa 474.4439819052 591.4321031799 112.4968750318 125.4272793013
Thijs 0.0000000000 469.6631195250 168.6658167507 114.8549095380
Thomas 0.0000000000 874.4671303397 216.1401593806 125.5328696603
Tim 0.0000000000 278.1286295022 137.2087324557 191.5344900228
Tom 714.5271327533 292.9602225496 153.3834403272 108.8581838200
Vera 867.9105730805 292.9602225496 132.0894269195 77.8917052159
Willem 714.5271327533 401.8184063695 153.3834403272 67.8447131554

Amber 462.6439705253 710.9217192262 115.5150295253 158.6537144907
Anne 301.3005414706 869.5754337169 164.3194622191 130.4245662831
Anouk 784.4599805280 758.3088623230 138.4241155777 127.4784934219
Bas 465.6200036896 869.5754337169 112.5389963610 130.4245662831
Bram 272.4649803623 0.0000000000 186.4112651421 116.1364772317
Charlotte 720.8447372552 461.8757148303 69.6127277090 133.7861414257
Cornelis 703.7878053534 758.3088623230 80.6721751746 109.0316109892
Daan 146.2682451733 0.0000000000 126.1967351890 236.0711285616
Daniël 333.3582917855 350.3613173358 125.5179537189 111.5143974945
David 737.1027651671 153.2976612152 111.0243302481 106.6951722058
Dylan 475.3758440217 461.8757148303 102.7831560289 117.3695531355
Eline 233.2369668346 350.3613173358 100.1213249509 111.5143974945
Emma 458.8762455044 0.0000000000 95.3626523168 239.0126076744
Eva 0.0000000000 109.6576456804 146.2682451733 126.4134828812
Femke 458.8762455044 239.0126076744 182.9183574594 103.4668399956
Fleur 848.1270954153 129.9964167105 151.8729045847 129.9964167105
Floris 301.3005414706 710.9217192262 62.1343843806 158.6537144907
Gijs 215.6176490454 688.3687377788 85.6828924252 154.4599266636
Ilse 784.4599805280 885.7873557449 104.4320005849 114.2126442551
Iris 458.8762455044 342.4794476700 182.9183574594 119.3962671603
Jan 301.3005414706 616.9037238481 174.0753025511 94.0179953781
Jasper 578.1590000506 595.6618562561 97.7778418845 162.6470060670
Jelle 675.9368419351 652.2554051507 114.5206230291 106.0534571723
Jesse 0.0000000000 575.5470069178 160.2688035835 112.8217308611
Johanna 922.8840961057 758.3088623230 77.1159038943 127.4784934219
Johannes 578.1590000506 758.3088623230 125.6288053028 109.0316109892
Joris 675.9368419351 595.6618562561 114.5206230291 56.5935488946
Julia 848.1270954153 0.0000000000 151.8729045847 129.9964167105
Koen 870.0236811286 461.8757148303 129.9763188714 99.9373478395
Lars 233.2369668346 236.0711285616 225.6392786698 114.2901887742
Lieke 160.2688035835 461.8757148303 141.0317378871 100.2130254989
Lisa 272.4649803623 116.1364772317 186.4112651421 119.9346513299
Lotte 0.0000000000 688.3687377788 121.8248532219 154.4599266636
Lucas 554.2388978212 0.0000000000 182.8638673459 140.4292143533
Luuk 737.1027651671 0.0000000000 111.0243302481 153.2976612152
Maria 578.1590000506 867.3404733122 89.0891796290 132.6595266878
Maud 122.0454035349 333.7891653525 111.1915632996 128.0865494778
Max 641.7946029638 239.0126076744 95.3081622033 222.8631071559
Merel 888.8919811129 885.7873557449 111.1080188871 114.2126442551
Mohamed 578.1590000506 461.8757148303 67.7808138219 133.7861414257
Naomi 875.3632401306 259.9928334210 124.6367598694 126.5045328312
Nick 667.2481796796 867.3404733122 117.2118008483 132.6595266878
Niels 904.7911894381 561.8130626698 95.2088105619 196.4957996532
Nikki 790.4574649642 461.8757148303 79.5662161645 99.9373478395
Nina 363.4349258512 710.9217192262 99.2090446741 158.6537144907
Pieter 645.9398138725 461.8757148303 74.9049233827 133.7861414257
Robin 790.4574649642 561.8130626698 114.3337244739 196.4957996532
Roos 121.8248532219 688.3687377788 93.7927958235 154.4599266636
Ruben 554.2388978212 140.4292143533 182.8638673459 98.5833933212
Sanne 301.3005414706 461.8757148303 174.0753025511 155.0280090178
Sarah 122.0454035349 236.0711285616 111.1915632996 97.7180367909
Sophie 0.0000000000 0.0000000000 146.2682451733 109.6576456804
Stijn 160.2688035835 562.0887403293 141.0317378871 126.2799974495
Sven 196.8242755092 842.8286644424 104.4762659613 157.1713355576
Tessa 475.3758440217 579.2452679658 102.7831560289 131.6764512603
Thijs 0.0000000000 461.8757148303 160.2688035835 113.6712920874
Thomas 0.0000000000 842.8286644424 196.8242755092 157.1713355576
Tim 0.0000000000 236.0711285616 122.0454035349 225.8045862687
Tom 737.1027651671 259.9928334210 138.2604749634 129.0080851933
Vera 875.3632401306 386.4973662522 124.6367598694 75.3783485782
Willem 737.1027651671 389.0009186143 138.2604749634 72.8747962161

Amber 462.8161371868 722.2861484749 120.3665029579 157.5555874788
Anne 299.5780590717 858.3691991047 163.2380781150 141.6308008953
Anouk 791.4342675630 745.6066010530 131.8960790969 131.6664630092
Bas 462.8161371868 879.8417359537 120.3665029579 120.1582640463
Bram 274.7462486610 0.0000000000 178.7012451017 107.4650252459
Charlotte 670.8034235536 568.9912457496 101.0428999724 94.3705928338
Cornelis 699.0895459192 745.6066010530 92.3447216438 111.9126315126
Daan 137.7604025707 0.0000000000 136.9858460904 240.7156945521
Daniël 314.6506613375 352.4899384076 138.7968324253 117.2522307806
David 707.7568609662 126.5040998900 59.9271453024 169.3405025905
Dylan 471.7025203254 469.7421691882 111.4801198193 118.0290688436
Eline 224.9211215535 352.4899384076 89.7295397839 117.2522307806
Emma 453.4474937628 0.0000000000 84.1297151532 221.9361552976
Eva 0.0000000000 108.0803801242 137.7604025707 132.6353144279
Femke 540.6177798160 363.7672500645 167.1390811502 105.9749191236
Fleur 863.0011980095 126.5040998900 136.9988019905 169.3405025905
Floris 299.5780590717 722.2861484749 69.0923759887 136.0830506298
Gijs 217.2172799833 696.1953373769 82.3607790885 143.5892684039
Ilse 791.4342675630 877.2730640622 110.2511884267 122.7269359378
Iris 453.4474937628 221.9361552976 87.1702860533 247.8060138906
Jan 299.5780590717 635.9383908511 172.1244612536 86.3477576238
Jasper 583.1826401447 568.9912457496 87.6207834089 176.6153553035
Jelle 771.8463235260 590.2212608871 84.5077103694 155.3853401660
Jesse 0.0000000000 578.0728886305 171.3722937053 118.1224487464
Johanna 923.3303466599 745.6066010530 76.6696533401 131.6664630092
Johannes 583.1826401447 745.6066010530 115.9069057745 111.9126315126
Joris 670.8034235536 663.3618385834 101.0428999724 82.2447624697
Julia 834.2972979686 0.0000000000 165.7027020314 126.5040998900
Koen 873.1775057023 367.2518158629 126.8224942977 102.4903533253
Lars 224.9211215535 240.7156945521 228.5263722092 111.7742438555
Lieke 171.3722937053 469.7421691882 128.2057653664 84.7641216707
Lisa 274.7462486610 107.4650252459 178.7012451017 133.2506693062
Lotte 0.0000000000 696.1953373769 134.6710036446 143.5892684039
Lucas 537.5772089160 0.0000000000 170.1796520503 115.5069694003
Luuk 707.7568609662 0.0000000000 126.5404370024 126.5040998900
Maria 583.1826401447 857.5192325656 82.0668441981 142.4807674344
Maud 155.8286741943 290.0973077492 69.0924473592 179.6448614389
Max 540.6177798160 221.9361552976 167.1390811502 141.8310947669
Merel 901.6854559896 877.2730640622 98.3145440104 122.7269359378
Mohamed 583.1826401447 469.7421691882 81.0475567300 99.2490765614
Naomi 767.6840062686 126.5040998900 95.3171917408 169.3405025905
Nick 665.2494843427 857.5192325656 126.1847832202 142.4807674344
Niels 835.5171169606 469.7421691882 164.4828830394 120.4790916989
Nikki 771.8463235260 469.7421691882 63.6707934346 120.4790916989
Nina 368.6704350605 722.2861484749 94.1457021263 136.0830506298
Pieter 664.2301968746 469.7421691882 107.6161266514 99.2490765614
Robin 856.3540338954 590.2212608871 143.6459661046 155.3853401660
Roos 134.6710036446 696.1953373769 82.5462763387 143.5892684039
Ruben 537.5772089160 115.5069694003 170.1796520503 106.4291858973
Sanne 299.5780590717 469.7421691882 172.1244612536 166.1962216630
Sarah 0.0000000000 240.7156945521 224.9211215535 49.3816131971
Sophie 0.0000000000 0.0000000000 137.7604025707 108.0803801242
Stijn 171.3722937053 554.5062908588 128.2057653664 141.6890465181
Sven 206.3131916249 839.7846057809 93.2648674469 160.2153942191
Tessa 471.7025203254 587.7712380317 111.4801198193 134.5149104432
Thijs 0.0000000000 469.7421691882 171.3722937053 108.3307194424
Thomas 0.0000000000 839.7846057809 206.3131916249 160.2153942191
Tim 0.0000000000 290.0973077492 155.8286741943 179.6448614389
Tom 707.7568609662 295.8446024805 165.4206447361 111.2622394398
Vera 873.1775057023 295.8446024805 126.8224942977 71.4072133823
Willem 707.7568609662 407.1068419203 165.4206447361 62.6353272678

Amber 430.3848032352 745.6802115263 141.2087302521 140.8201856870
Anne 281.9476520400 834.4653777356 148.4371511951 165.5346222644
Anouk 769.7125056975 761.7538765736 145.1764280733 116.8181794432
Bas 430.3848032352 886.5003972132 141.2087302521 113.4996027868
Bram 257.8981468719 0.0000000000 181.0524081231 110.2593208103
Charlotte 736.6707531512 461.8611154264 127.4958226827 83.0601273921
Cornelis 647.7238661584 660.7439716684 88.9468869928 101.0099049052
Daan 140.5454053612 0.0000000000 117.3527415107 242.2558877467
Daniël 324.1136383780 242.2558877467 114.8369166170 136.4077646266
David 698.3966812423 167.0720526991 90.0404308282 115.0237884331
Dylan 437.7634522013 461.8611154264 133.8300812860 104.6667559577
Eline 324.1136383780 378.6636523732 114.8369166170 83.1974630532
Emma 438.9505549950 0.0000000000 90.0620966923 200.0932446910
Eva 0.0000000000 110.1665557966 140.5454053612 132.0893319501
Femke 576.5528523847 302.4850995803 121.8438288575 159.3760158462
Fleur 788.4371120704 0.0000000000 113.0701593967 204.2594181560
Floris 437.7634522013 686.8656203781 133.8300812860 58.8145911482
Gijs 191.7456690806 686.3917592460 90.2019829594 146.1056254875
Ilse 769.7125056975 878.5720560167 122.1803094772 121.4279439833
Iris 438.9505549950 302.4850995803 137.6022973898 159.3760158462
Jan 281.9476520400 639.6634765663 155.8158001612 106.0167349600
Jasper 571.5935334873 574.4777485350 165.0772196639 86.2662231333
Jelle 736.6707531512 610.9225665409 85.8309148790 150.8313100327
Jesse 0.0000000000 573.6058871573 149.2189209570 112.7858720886
Johanna 914.8889337708 761.7538765736 85.1110662292 116.8181794432
Johannes 571.5935334873 761.7538765736 87.3041275877 172.9016024647
Joris 571.5935334873 660.7439716684 76.1303326711 101.0099049052
Julia 901.5072714672 0.0000000000 98.4927285328 204.2594181560
Koen 871.9554200690 360.1491548303 128.0445799310 101.7119605962
Lars 211.8705740870 242.2558877467 112.2430642909 219.6052276798
Lieke 149.2189209570 461.8611154264 132.7287310831 84.4672187436
Lisa 257.8981468719 110.2593208103 181.0524081231 131.9965669363
Lotte 0.0000000000 686.3917592460 123.6954501093 146.1056254875
Lucas 529.0126516873 0.0000000000 169.3840295550 94.1615269134
Luuk 698.3966812423 0.0000000000 90.0404308282 167.0720526991
Maria 571.5935334873 934.6554790383 198.1189722102 65.3445209617
Maud 153.4185424077 282.4618531928 58.4520316793 179.3992622337
Max 438.9505549950 200.0932446910 259.4461262473 102.3918548893
Merel 891.8928151747 878.5720560167 108.1071848253 121.4279439833
Mohamed 571.5935334873 461.8611154264 77.9403585878 112.6166331086
Naomi 788.4371120704 204.2594181560 211.5628879296 77.8364229762
Nick 658.8976610750 761.7538765736 110.8148446225 172.9016024647
Niels 864.1665758339 461.8611154264 135.8334241661 149.0614511144
Nikki 736.6707531512 544.9212428185 127.4958226827 66.0013237223
Nina 281.9476520400 745.6802115263 148.4371511951 88.7851662093
Pieter 649.5338920751 461.8611154264 87.1368610761 112.6166331086
Robin 822.5016680302 610.9225665409 177.4983319698 150.8313100327
Roos 123.6954501093 686.3917592460 68.0502189713 146.1056254875
Ruben 529.0126516873 94.1615269134 169.3840295550 105.9317177776
Sanne 281.9476520400 461.8611154264 155.8158001612 177.8023611398
Sarah 0.0000000000 242.2558877467 211.8705740870 40.2059654461
Sophie 0.0000000000 0.0000000000 140.5454053612 110.1665557966
Stijn 149.2189209570 546.3283341700 132.7287310831 140.0634250759
Sven 197.2396951771 832.4973847334 84.7079568629 167.5026152666
Tessa 437.7634522013 566.5278713842 133.8300812860 120.3377489939
Thijs 0.0000000000 461.8611154264 149.2189209570 111.7447717309
Thomas 0.0000000000 832.4973847334 197.2396951771 167.5026152666
Tim 0.0000000000 282.4618531928 153.4185424077 179.3992622337
Tom 698.3966812423 282.0958411322 173.5587388267 114.4232077873
Vera 871.9554200690 282.0958411322 128.0445799310 78.0533136981
Willem 698.3966812423 396.5190489195 173.5587388267 65.3420665069

Amber 398.8245490930 712.3655161031 163.1130633845 133.9200395885
Anne 294.9910017996 846.2855556916 159.2139982355 153.7144443084
Anouk 783.8861713163 779.0113487757 216.1138286837 101.7787859000
Bas 454.2050000351 846.2855556916 107.7326124424 153.7144443084
Bram 202.4128198455 0.0000000000 241.0881264945 80.1194772918
Charlotte 661.9298945463 494.2482239021 92.4035820904 113.2744871440
Cornelis 697.8678705271 607.5227110461 56.4656061095 171.4886377296
Daan 71.5413179651 0.0000000000 130.8715018804 190.4813231916
Daniël 443.5009463400 289.0689324853 181.3822793046 80.4269369209
David 710.5222773543 120.5270452350 61.8542142405 183.9347516413
Dylan 294.9910017996 494.2482239021 99.6847959978 140.5081161388
Eline 389.1538075141 279.7889599667 54.3471388258 214.4592639354
Emma 443.5009463400 0.0000000000 162.0587660095 117.7863583399
Eva 0.0000000000 190.4813231916 202.4128198455 89.3076367751
Femke 624.8832256446 289.0689324853 85.6390517097 205.1792914168
Fleur 859.3847529599 120.5270452350 140.6152470401 183.9347516413
Floris 294.9910017996 634.7563400409 99.6847959978 77.6091760622
Gijs 207.3699121562 722.9978409849 87.6210896435 125.5166033037
Ilse 713.9838159294 779.0113487757 69.9023553868 220.9886512243
Iris 443.5009463400 369.4958694061 181.3822793046 124.7523544960
Jan 149.8717866018 608.0132657567 145.1192151978 114.9845752282
Jasper 480.9105978569 547.3037814645 81.0270146206 165.0617346386
Jelle 754.3334766367 616.2013511067 89.9120840881 162.8099976689
Jesse 0.0000000000 601.0317840890 149.8717866018 121.9660568959
Johanna 901.1687495912 880.7901346757 98.8312504088 119.2098653243
Johannes 561.9376124775 658.8577045530 135.9302580496 120.1536442227
Joris 561.9376124775 607.5227110461 135.9302580496 51.3349935069
Julia 839.1091208194 0.0000000000 160.8908791806 120.5270452350
Koen 881.5712400221 380.6752439496 118.4287599779 113.5729799525
Lars 332.5801486461 80.1194772918 110.9207976939 199.6694826749
Lieke 163.0562031875 322.1381765524 51.2672206418 172.1100473497
Lisa 202.4128198455 80.1194772918 130.1673288006 199.6694826749
Lotte 0.0000000000 762.2560695072 207.3699121562 92.0495730882
Lucas 605.5597123495 0.0000000000 104.9625650048 117.7863583399
Luuk 710.5222773543 0.0000000000 128.5868434651 120.5270452350
Maria 561.9376124775 913.5334096037 152.0462034519 86.4665903963
Maud 214.3234238294 279.7889599667 174.8303836848 56.3985926735
Max 539.7408069377 117.7863583399 170.7814704166 171.2825741454
Merel 783.8861713163 880.7901346757 117.2825782749 119.2098653243
Mohamed 394.6757977975 494.2482239021 167.2618146801 53.0555575624
Naomi 772.3764915949 120.5270452350 87.0082613650 183.9347516413
Nick 561.9376124775 779.0113487757 152.0462034519 134.5220608281
Niels 817.7714143153 494.2482239021 182.2285856847 121.9531272046
Nikki 754.3334766367 494.2482239021 63.4379376786 121.9531272046
Nina 294.9910017996 712.3655161031 103.8335472934 133.9200395885
Pieter 561.9376124775 494.2482239021 99.9922820688 113.2744871440
Robin 844.2455607248 616.2013511067 155.7544392752 162.8099976689
Roos 0.0000000000 722.9978409849 207.3699121562 39.2582285224
Ruben 443.5009463400 117.7863583399 96.2398605978 171.2825741454
Sanne 214.3234238294 336.1875526402 174.8303836848 158.0606712619
Sarah 0.0000000000 279.7889599667 214.3234238294 42.3492165857
Sophie 0.0000000000 0.0000000000 71.5413179651 190.4813231916
Stijn 149.8717866018 494.2482239021 145.1192151978 113.7650418546
Sven 207.3699121562 848.5144442886 87.6210896435 151.4855557114
Tessa 394.6757977975 547.3037814645 86.2348000594 165.0617346386
Thijs 0.0000000000 494.2482239021 149.8717866018 106.7835601869
Thomas 0.0000000000 854.3056425955 207.3699121562 145.6943574045
Tim 0.0000000000 322.1381765524 163.0562031875 172.1100473497
Tom 710.5222773543 304.4617968763 171.0489626678 119.4294649820
Vera 881.5712400221 304.4617968763 118.4287599779 76.2134470734
Willem 710.5222773543 423.8912618583 171.0489626678 70.3569620439

Amber 426.3995908426 673.1230097974 121.8915675403 167.9258241309
Anne 289.4445004537 841.0488339283 158.4908018437 158.9511660717
Anouk 783.0204632333 773.1442045617 216.9795367667 113.6063369919
Bas 447.9353022974 841.0488339283 100.3558560855 158.9511660717
Bram 198.7746479423 0.0000000000 246.9511243811 75.9873617424
Charlotte 643.7324538558 487.9458985081 101.4063764400 108.1786678134
Cornelis 685.0638370898 596.1245663215 60.0749932060 177.0196382402
Daan 75.1646156849 0.0000000000 123.6100322574 191.2756634969
Daniël 445.7257723233 285.6810276386 185.5504056673 81.1007013184
David 713.0765975455 135.4805536787 71.4826469783 155.9915538372
Dylan 289.4445004537 487.9458985081 138.6927434785 97.7065160069
Eline 394.5869172840 276.4602088153 51.1388550393 211.4856896928
Emma 445.7257723233 0.0000000000 174.2135703202 115.5661338572
Eva 0.0000000000 191.2756634969 198.7746479423 85.1845453184
Femke 631.2761779906 285.6810276386 81.8004195549 202.2648708695
Fleur 888.9702404573 135.4805536787 111.0297595427 155.9915538372
Floris 289.4445004537 673.1230097974 136.9550903889 58.4253709098
Gijs 199.5136356182 724.1756642434 89.9308648354 127.7230274836
Ilse 716.6863940487 773.1442045617 66.3340691846 226.8557954383
Iris 445.7257723233 366.7817289570 185.5504056673 121.1641695511
Jan 151.9884107705 588.5970546560 137.4560896832 135.5786095874
Jasper 428.1372439322 551.1037531706 120.1539144507 122.0192566268
Jelle 745.1388302958 603.3013213046 93.4642930042 169.8428832571
Jesse 0.0000000000 589.6724475199 151.9884107705 134.5032167235
Johanna 900.1711795128 886.7505415536 99.8288204872 113.2494584464
Johannes 548.2911583829 648.0226478951 136.7726787069 125.1215566666
Joris 548.2911583829 596.1245663215 136.7726787069 51.8980815736
Julia 825.8645485767 0.0000000000 174.1354514233 135.4805536787
Koen 880.9740830477 364.9871352712 119.0259169523 122.9587632368
Lars 332.1643063671 75.9873617424 113.5614659563 200.4728470729
Lieke 142.0659361951 371.2888175608 72.1314160578 116.6570809473
Lisa 198.7746479423 75.9873617424 133.3896584248 200.4728470729
Lotte 0.0000000000 761.4352368034 199.5136356182 91.3377021783
Lucas 619.9393426435 0.0000000000 93.1372549020 115.5661338572
Luuk 713.0765975455 0.0000000000 112.7879510313 135.4805536787
Maria 548.2911583829 918.1479765108 168.3952356658 81.8520234892
Maud 214.1973522529 276.4602088153 180.3895650312 51.5120759739
Max 549.9652824979 115.5661338572 163.1113150476 170.1148937814
Merel 783.0204632333 886.7505415536 117.1507162795 113.2494584464
Mohamed 428.1372439322 487.9458985081 120.1539144507 63.1578546625
Naomi 784.5592445238 135.4805536787 104.4109959336 155.9915538372
Nick 548.2911583829 773.1442045617 168.3952356658 145.0037719491
Niels 813.1614778727 487.9458985081 186.8385221273 115.3554227965
Nikki 745.1388302958 487.9458985081 68.0226475769 115.3554227965
Nina 289.4445004537 731.5483807071 136.9550903889 109.5004532212
Pieter 548.2911583829 487.9458985081 95.4412954729 108.1786678134
Robin 838.6031233000 603.3013213046 161.3968767000 169.8428832571
Roos 0.0000000000 724.1756642435 199.5136356182 37.2595725600
Ruben 445.7257723233 115.5661338572 104.2395101746 170.1148937814
Sanne 214.1973522529 327.9722847892 180.3895650312 159.9736137189
Sarah 142.0659361951 276.4602088153 72.1314160578 94.8286087455
Sophie 0.0000000000 0.0000000000 75.1646156849 191.2756634969
Stijn 151.9884107705 487.9458985081 137.4560896832 100.6511561480
Sven 199.5136356182 851.8986917269 89.9308648354 148.1013082731
Tessa 289.4445004537 585.6524145150 138.6927434785 87.4705952824
Thijs 0.0000000000 487.9458985081 151.9884107705 101.7265490118
Thomas 0.0000000000 852.7729389817 199.5136356182 147.2270610183
Tim 0.0000000000 276.4602088153 142.0659361951 211.4856896928
Tom 713.0765975455 291.4721075159 167.8974855022 123.2957592924
Vera 880.9740830477 291.4721075159 119.0259169523 73.5150277554
Willem 713.0765975455 414.7678668083 167.8974855022 73.1780316998

Amber 363.3678746554 672.2806914090 106.0193212376 182.9240495813
Anne 282.6052338235 855.2047409902 169.7404624540 144.7952590098
Anouk 766.7541177454 718.3029779371 233.2458822546 110.5543604974
Bas 452.3456962775 855.2047409902 115.5719214305 144.7952590098
Bram 235.7803153888 0.0000000000 187.9142679330 105.9197825928
Charlotte 642.9634925016 493.9697547611 123.7906252438 88.0961453396
Cornelis 567.9176177079 725.3102898841 109.9883687940 103.5470485505
Daan 87.5245110155 0.0000000000 148.2558043733 165.4160710132
Daniël 450.5865320710 245.0020342294 62.8990579235 248.9677205316
David 662.4206559194 230.8357599929 126.7836544748 85.8045635114
Dylan 282.6052338235 493.9697547611 154.4061211624 85.5892495910
Eline 319.0508734607 245.0020342294 131.5356586104 101.2877215623
Emma 513.4855899946 0.0000000000 159.5339048356 111.7979173124
Eva 0.0000000000 165.4160710132 235.7803153888 76.8979668966
Femke 513.4855899946 230.8357599929 148.9350659249 105.3257388243
Fleur 812.8880240878 177.4334573079 187.1119759122 53.4023026849
Floris 163.1517976760 673.5135438776 119.4534361475 69.0332559888
Gijs 163.1517976760 742.5467998664 119.4534361475 90.1704744348
Ilse 790.6291689148 828.8573384345 131.2099061374 70.0129070040
Iris 513.4855899946 336.1614988171 148.9350659249 157.8082559439
Jan 183.5662371103 493.9697547611 99.0389967131 179.5437891165
Jasper 437.0113549859 552.6543668224 130.9062627221 119.6263245866
Jelle 677.9059865019 647.1615739969 88.8481312435 181.6957644376
Jesse 0.0000000000 493.9697547611 102.3303228879 179.5437891165
Johanna 921.8390750521 828.8573384345 78.1609249479 171.1426615655
Johannes 469.3871958930 672.2806914090 98.5304218150 182.9240495813
Joris 567.9176177079 647.1615739969 109.9883687940 78.1487158871
Julia 887.2181051339 0.0000000000 112.7818948661 177.4334573079
Koen 882.6793220746 353.1643967858 117.3206779254 140.8053579752
Lars 423.6945833218 0.0000000000 89.7910066728 245.0020342294
Lieke 159.6367970775 402.6035777965 76.1435183113 91.3661769646
Lisa 235.7803153888 105.9197825928 187.9142679330 139.0822516367
Lotte 0.0000000000 673.5135438776 121.4780706584 159.2037304236
Lucas 673.0194948301 0.0000000000 139.8685292577 67.2150715453
Luuk 812.8880240878 0.0000000000 74.3300810460 177.4334573079
Maria 567.9176177079 828.8573384345 85.3806087784 171.1426615655
Maud 235.7803153888 245.0020342294 83.2705580719 101.2877215623
Max 673.0194948301 67.2150715453 139.8685292577 163.6206884475
Merel 790.6291689148 898.8702454386 131.2099061374 101.1297545614
Mohamed 437.0113549859 493.9697547611 130.9062627221 58.6846120613
Naomi 789.2043103942 230.8357599929 131.3081483169 122.3286367930
Nick 653.2982264863 828.8573384345 137.3309424285 171.1426615655
Niels 766.7541177454 493.9697547611 233.2458822546 99.9595676164
Nikki 642.9634925016 582.0659001007 123.7906252438 65.0956738963
Nina 282.6052338235 672.2806914090 80.7626408319 182.9240495813
Pieter 567.9176177079 493.9697547611 75.0458747937 153.1918192359
Robin 766.7541177454 593.9293223775 233.2458822546 124.3736555596
Roos 121.4780706584 673.5135438776 41.6737270175 159.2037304236
Ruben 513.4855899946 111.7979173124 159.5339048356 119.0378426805
Sanne 235.7803153888 346.2897557918 214.8062166822 147.6799989693
Sarah 187.8533998229 242.3140379098 47.9269155659 160.2895398867
Sophie 0.0000000000 0.0000000000 87.5245110155 165.4160710132
Stijn 102.3303228879 493.9697547611 81.2359142224 179.5437891165
Sven 203.9253675885 832.7172743012 78.6798662349 167.2827256988
Tessa 282.6052338235 579.5590043521 154.4061211624 92.7216870569
Thijs 0.0000000000 402.6035777965 159.6367970775 91.3661769646
Thomas 0.0000000000 832.7172743012 203.9253675885 167.2827256988
Tim 0.0000000000 242.3140379098 187.8533998229 160.2895398867
Tom 662.4206559194 316.6403235042 126.7836544748 177.3294312568
Vera 920.5124587111 230.8357599929 79.4875412889 122.3286367930
Willem 789.2043103942 353.1643967858 93.4750116804 140.8053579752

Amber 384.5666645397 720.2660959112 177.9259799231 110.7548598754
Anne 289.5139460986 831.0209557866 160.8717440455 168.9790442134
Anouk 789.6679560239 789.3352329871 210.3320439761 85.4649253335
Bas 450.3856901441 831.0209557866 112.1069543186 168.9790442134
Bram 276.3196352370 0.0000000000 112.8135800477 160.6423241969
Charlotte 645.1910043568 501.6568429078 140.3366107293 91.7331742850
Cornelis 562.4926444628 653.7792822688 91.5070733013 135.5559507184
Daan 103.9396776065 0.0000000000 172.3799576305 111.4262245657
Daniël 396.4471408744 224.8472660685 152.4509710096 121.5681390705
David 683.0040506254 200.2856981987 119.1766787663 113.9259340737
Dylan 465.2167084505 346.4154051390 83.6814034336 155.2414377688
Eline 276.3196352370 224.8472660685 120.1275056373 121.5681390705
Emma 389.1332152847 0.0000000000 159.7648965993 85.9008330776
Eva 0.0000000000 117.9309512489 103.9396776065 157.1472245110
Femke 548.8981118840 200.2856981987 134.1059387414 113.9259340737
Fleur 797.5092790443 115.4645824377 119.6203319022 84.8211157610
Floris 163.2198705617 691.8780723833 126.2940755369 67.5682850157
Gijs 163.2198705617 759.4463573989 126.2940755369 81.7320835928
Ilse 637.2433444066 940.5521342402 152.4246116173 59.4478657598
Iris 548.8981118840 314.2116322724 133.6030607484 187.4452106355
Jan 174.8183252800 501.6568429078 114.6956208186 190.2212294754
Jasper 398.3029998447 501.6568429078 164.1896446180 95.3736446926
Jelle 653.9997177641 653.7792822688 131.5278973220 135.5559507184
Jesse 0.0000000000 576.8059706018 174.8183252800 115.0721017814
Johanna 887.3388494961 874.8001583206 112.6611505039 125.1998416794
Johannes 398.3029998447 597.0304876005 164.1896446180 123.2356083107
Joris 645.1910043568 593.3900171928 140.3366107293 60.3892650760
Julia 917.1296109466 0.0000000000 82.8703890534 200.2856981987
Koen 893.0855849085 342.2992528624 106.9144150915 159.3575900454
Lars 389.1332152847 85.9008330776 159.7648965993 138.9464329909
Lieke 197.6300154599 397.6840663712 78.6896197771 103.9727765366
Lisa 103.9396776065 111.4262245657 172.3799576305 163.6519511942
Lotte 0.0000000000 691.8780723833 122.5622132738 149.3003686085
Lucas 548.8981118840 0.0000000000 138.5077527289 65.6327340820
Luuk 797.5092790443 0.0000000000 119.6203319022 115.4645824377
Maria 562.4926444628 789.3352329871 74.7506999438 210.6647670129
Maud 276.3196352370 160.6423241969 112.8135800477 64.2049418716
Max 687.4058646129 0.0000000000 110.1034144314 200.2856981987
Merel 789.6679560239 874.8001583206 97.6708934722 125.1998416794
Mohamed 289.5139460986 501.6568429078 108.7890537461 78.4405581060
Naomi 802.1807293918 200.2856981987 120.7977800687 142.0135546637
Nick 637.2433444066 789.3352329871 152.4246116173 151.2169012531
Niels 836.2055365463 501.6568429078 163.7944634537 137.1394606699
Nikki 785.5276150861 501.6568429078 50.6779214602 137.1394606699
Nina 289.5139460986 720.2660959112 95.0527184410 110.7548598754
Pieter 562.4926444628 501.6568429078 82.6983598941 152.1224393609
Robin 785.5276150861 638.7963035778 214.4723849139 150.5389294094
Roos 122.5622132738 691.8780723833 40.6576572879 149.3003686085
Ruben 548.8981118840 65.6327340820 138.5077527289 134.6529641166
Sanne 276.3196352370 346.4154051390 188.8970732134 155.2414377688
Sarah 197.6300154599 275.0781757599 78.6896197771 122.6058906113
Sophie 0.0000000000 0.0000000000 103.9396776065 117.9309512489
Stijn 0.0000000000 501.6568429078 174.8183252800 75.1491276940
Sven 209.5652607283 841.1784409918 79.9486853703 158.8215590082
Tessa 289.5139460986 580.0974010138 108.7890537461 140.1686948973
Thijs 0.0000000000 432.5110283100 197.6300154599 69.1458145979
Thomas 0.0000000000 841.1784409918 209.5652607283 158.8215590082
Tim 0.0000000000 275.0781757599 197.6300154599 157.4328525501
Tom 682.5011726324 314.2116322724 119.6795567594 187.4452106355
Vera 922.9785094605 200.2856981987 77.0214905395 142.0135546637
Willem 802.1807293918 342.2992528624 90.9048555167 159.3575900454

Amber 421.0477892119 728.5061699012 137.1462711464 131.4181090912
Anne 274.2575447878 802.3425362229 146.7902444241 197.6574637771
Anouk 792.1653172264 782.1736285515 207.8346827736 88.1852559597
Bas 421.0477892119 859.9242789924 137.1462711464 140.0757210076
Bram 293.8564026647 0.0000000000 107.8388125020 155.8409160320
Charlotte 639.5932072005 493.5760823236 149.4201931617 95.3573275141
Cornelis 558.1940603583 655.1537761669 107.3801290984 127.0198523846
Daan 105.5102864938 0.0000000000 188.3461161709 107.4935702417
Daniël 415.5549294741 225.8564000464 145.2025341331 116.5784044684
David 677.8515161679 182.9163433860 122.1275073088 114.9224679478
Dylan 487.0323403582 342.4348045148 73.7251232490 151.1412778088
Eline 293.8564026647 225.8564000464 121.6985268094 116.5784044684
Emma 401.6952151667 0.0000000000 159.0622484405 82.6864108644
Eva 0.0000000000 103.5898389188 105.5102864938 163.6084642534
Femke 560.7574636072 182.9163433860 117.0940525607 114.9224679478
Fleur 820.7411096267 135.1916521219 179.2588903733 47.7246912641
Floris 160.4221459562 679.5164729654 113.8353988316 76.7577215341
Gijs 160.4221459562 756.2741944995 113.8353988316 79.4322066050
Ilse 651.2793991123 937.1156010997 140.8859181142 62.8843989003
Iris 560.7574636072 297.8388113338 126.7656510361 195.7372709897
Jan 162.4259608534 493.5760823236 111.8315839344 185.9403906418
Jasper 383.8925480615 493.5760823236 174.3015122968 93.6226966109
Jelle 665.5741894567 655.1537761669 123.4392109055 127.0198523846
Jesse 0.0000000000 567.4274068325 162.4259608534 112.0890661329
Johanna 876.2385561337 870.3588845111 123.7614438663 129.6411154889
Johannes 383.8925480615 587.1987789344 174.3015122968 141.3073909668
Joris 639.5932072005 588.9334098377 149.4201931617 66.2203663292
Julia 909.0193571472 0.0000000000 90.9806428528 135.1916521219
Koen 897.7019891340 327.2110187965 102.2980108660 166.3650635271
Lars 401.6952151667 82.6864108644 159.0622484405 143.1699891819
Lieke 217.4671867775 386.7640315972 76.3892158872 106.8120507263
Lisa 105.5102864938 107.4935702417 188.3461161709 159.7047329305
Lotte 0.0000000000 679.5164729654 116.1744823692 156.1899281391
Lucas 560.7574636072 0.0000000000 147.6347592953 63.7217024874
Luuk 820.7411096267 0.0000000000 88.2782475205 135.1916521219
Maria 558.1940603583 782.1736285515 93.0853387540 217.8263714485
Maud 293.8564026647 155.8409160320 107.8388125020 70.0154840144
Max 708.3922229025 0.0000000000 112.3488867242 182.9163433860
Merel 792.1653172264 870.3588845111 84.0732389073 129.6411154889
Mohamed 274.2575447878 493.5760823236 109.6350032737 81.6423708603
Naomi 799.9790234766 182.9163433860 125.5405918053 144.2946754105
Nick 651.2793991123 782.1736285515 140.8859181142 154.9419725482
Niels 833.1308583579 493.5760823236 166.8691416421 133.1877675842
Nikki 789.0134003621 493.5760823236 44.1174579958 133.1877675842
Nina 274.2575447878 728.5061699012 146.7902444241 73.8363663218
Pieter 558.1940603583 493.5760823236 81.3991468422 161.5776938433
Robin 789.0134003621 626.7638499077 210.9865996379 155.4097786437
Roos 116.1744823692 679.5164729654 44.2476635869 156.1899281391
Ruben 560.7574636072 63.7217024874 147.6347592953 119.1946408987
Sanne 293.8564026647 342.4348045148 193.1759376935 151.1412778088
Sarah 217.4671867775 267.1983031722 76.3892158872 119.5657284250
Sophie 0.0000000000 0.0000000000 105.5102864938 103.5898389188
Stijn 0.0000000000 493.5760823236 162.4259608534 73.8513245090
Sven 208.6581050210 835.7064011045 65.5994397668 164.2935988955
Tessa 274.2575447878 575.2184531839 109.6350032737 153.2877167173
Thijs 0.0000000000 425.1167539346 217.4671867775 68.4593283890
Thomas 0.0000000000 835.7064011045 208.6581050210 164.2935988955
Tim 0.0000000000 267.1983031722 217.4671867775 157.9184507623
Tom 687.5231146433 297.8388113338 112.4559088333 195.7372709897
Vera 925.5196152819 182.9163433860 74.4803847181 144.2946754105
Willem 799.9790234766 327.2110187965 97.7229656573 166.3650635271

Amber 418.2488325465 734.7391209592 88.0433998011 188.6414434484
Anne 267.8073275060 734.7391209592 150.4415050405 188.6414434484
Anouk 785.3229671804 750.5351632960 112.5399423151 162.9128824275
Bas 267.8073275060 923.3805644076 238.4849048416 76.6194355924
Bram 264.3671118735 0.0000000000 118.0525973767 138.0782504094
Charlotte 598.7186720106 502.9427171602 137.9373309255 109.6843899683
Cornelis 506.2922323477 612.6271071285 110.6014223485 137.9080561675
Daan 168.7289740316 0.0000000000 95.6381378420 163.9954584112
Daniël 389.6226332826 201.7665171389 146.5861646589 124.2337656091
David 707.0972091512 194.4667547065 85.8299582261 159.7593408661
Dylan 423.8847188166 326.0002827480 112.3240791248 111.6520477609
Eline 264.3671118735 201.7665171389 125.2555214090 124.2337656091
Emma 382.4197092502 0.0000000000 153.7890886912 76.5390362930
Eva 63.8840213483 0.0000000000 104.8449526833 163.9954584112
Femke 536.2087979414 127.3633681851 162.0971642316 67.1033865214
Fleur 836.3183082588 69.8423678568 74.1759932362 124.6243868496
Floris 267.8073275060 502.9427171602 30.7079225298 231.7964037990
Gijs 203.8046391143 697.8536053849 64.0026883918 122.7685464792
Ilse 785.3229671804 913.4480457235 100.0402093239 86.5519542765
Iris 536.2087979414 194.4667547065 170.8884112097 159.7593408661
Jan 149.2385579491 502.9427171602 118.5687695570 194.9108882247
Jasper 405.8724721151 502.9427171602 100.4197602325 177.6660855734
Jelle 616.8936546961 612.6271071285 119.7623482400 137.9080561675
Jesse 0.0000000000 575.6213534474 149.2385579491 122.2322519375
Johanna 897.8629094955 750.5351632960 102.1370905045 162.9128824275
Johannes 506.2922323477 750.5351632960 98.5686261162 249.4648367040
Joris 506.2922323477 502.9427171602 92.4264396629 109.6843899683
Julia 910.4943014950 69.8423678568 89.5056985050 124.6243868496
Koen 899.5224035080 336.7258092679 100.4775964920 166.2169078923
Lars 382.4197092502 76.5390362930 153.7890886912 125.2274808459
Lieke 193.8692153739 393.6706899672 70.4978964996 109.2720271930
Lisa 0.0000000000 163.9954584112 264.3671118735 115.1581470578
Lotte 0.0000000000 697.8536053849 144.5707784850 122.7685464792
Lucas 698.3059621730 0.0000000000 138.0123460858 50.6819211462
Luuk 836.3183082588 0.0000000000 163.6816917412 69.8423678568
Maria 604.8608584639 881.6706832061 180.4621087166 118.3293167939
Maud 264.3671118735 138.0782504094 118.0525973767 63.6882667295
Max 698.3059621730 50.6819211462 138.0123460858 143.7848335602
Merel 885.3631765043 913.4480457235 114.6368234957 86.5519542765
Mohamed 423.8847188166 437.6523305089 112.3240791248 65.2903866513
Naomi 792.9271673773 194.4667547065 127.7959950287 142.2590545614
Nick 604.8608584639 750.5351632960 180.4621087166 131.1355199101
Niels 904.4195700638 502.9427171602 95.5804299362 247.5924461358
Nikki 736.6560029361 502.9427171602 167.7635671276 41.6939801727
Nina 298.5152500358 680.6088027336 207.7769823118 54.1303182256
Pieter 536.2087979414 354.2260955726 92.6175231137 148.7166215876
Robin 736.6560029361 544.6366973329 167.7635671276 205.8984659631
Roos 144.5707784850 697.8536053849 59.2338606293 122.7685464792
Ruben 536.2087979414 0.0000000000 162.0971642316 127.3633681851
Sanne 264.3671118735 326.0002827480 159.5176069431 176.9424344122
Sarah 193.8692153739 279.1536054690 70.4978964996 114.5170844982
Sophie 0.0000000000 0.0000000000 63.8840213483 163.9954584112
Stijn 0.0000000000 502.9427171602 149.2385579491 72.6786362872
Sven 201.8432391402 820.6221518641 65.9640883658 179.3778481359
Tessa 298.5152500358 502.9427171602 107.3572220793 177.6660855734
Thijs 0.0000000000 434.4390899309 193.8692153739 68.5036272293
Thomas 0.0000000000 820.6221518641 201.8432391402 179.3778481359
Tim 0.0000000000 279.1536054690 193.8692153739 155.2854844619
Tom 628.8263210551 354.2260955726 164.1008463222 148.7166215876
Vera 920.7231624059 194.4667547065 79.2768375941 142.2590545614
Willem 792.9271673773 336.7258092679 106.5952361308 166.2169078923

Amber 410.7602853662 730.9081642347 81.1013626500 190.3797502024
Anne 263.7334689725 730.9081642347 147.0268163937 190.3797502024
Anouk 752.6703967447 602.7027068038 88.4767286359 229.9877786413
Bas 263.7334689725 921.2879144371 228.1281790437 78.7120855629
Bram 330.8425976551 0.0000000000 86.6168495958 181.8436293855
Charlotte 717.2451672614 360.9957865454 104.3193019247 150.3900906176
Cornelis 660.0433341740 641.3415105163 92.6270625707 171.0506778142
Daan 127.8359346602 0.0000000000 203.0066629948 82.6372740250
Daniël 330.8425976551 181.8436293855 186.2176845353 95.7598562085
David 760.5365966556 168.5731838848 61.0278725305 192.4226026606
Dylan 330.8425976551 408.4335896624 127.0394515859 102.9522875006
Eline 330.8425976551 277.6034855940 127.0394515859 130.8301040684
Emma 517.0602821904 0.0000000000 110.1191115281 99.0231945564
Eva 0.0000000000 77.5229422196 127.8359346602 130.7440216745
Femke 627.1793937185 73.4062229309 107.0730460947 95.1669609539
Fleur 833.9538476225 66.9802439853 89.2918535805 101.5929398995
Floris 263.7334689725 511.3858771630 36.7948675877 219.5222870717
Gijs 199.1944629702 700.6826214733 64.5390060023 116.9705457997
Ilse 752.6703967447 832.6904854450 59.7898890752 167.3095145550
Iris 457.8820492410 277.6034855940 169.2973444775 189.0077420063
Jan 142.9445248756 511.3858771630 120.7889440969 189.2967443103
Jasper 399.9291926048 511.3858771630 91.9324554115 174.7085657464
Jelle 580.3119111047 511.3858771630 112.5947943639 129.9556333533
Jesse 0.0000000000 577.8896702272 142.9445248756 122.7929512460
Johanna 877.2636127990 832.6904854450 122.7363872010 167.3095145550
Johannes 491.8616480163 641.3415105163 168.1816861577 171.0506778142
Joris 491.8616480163 511.3858771630 88.4502630885 129.9556333533
Julia 923.2457012030 66.9802439853 76.7542987970 101.5929398995
Koen 821.5644691861 405.8782630814 178.4355308139 105.5076140816
Lars 417.4594472509 0.0000000000 99.6008349395 181.8436293855
Lieke 189.1641205416 271.9378443379 141.6784771135 54.3801393229
Lisa 127.8359346602 82.6372740250 170.0201316594 189.3005703129
Lotte 0.0000000000 700.6826214733 129.8747898566 116.9705457997
Lucas 627.1793937185 0.0000000000 107.0730460947 73.4062229309
Luuk 833.9538476225 0.0000000000 166.0461523775 66.9802439853
Maria 491.8616480163 812.3921883305 128.0032779473 187.6078116695
Maud 297.8560663196 82.6372740250 32.9865313355 189.3005703129
Max 734.2524398132 0.0000000000 99.7014078093 168.5731838848
Merel 812.4602858199 832.6904854450 64.8033269791 167.3095145550
Mohamed 457.8820492410 466.6112276003 169.2973444775 44.7746495627
Naomi 821.5644691861 168.5731838848 110.4501292728 148.5115425934
Nick 619.8649259636 812.3921883305 132.8054707811 187.6078116695
Niels 752.6703967447 511.3858771630 247.3296032553 91.3168296407
Nikki 692.9067054687 511.3858771630 59.7636912760 129.9556333533
Nina 300.5283365602 686.0944429094 191.3333114560 44.8137213253
Pieter 627.1793937185 360.9957865454 90.0657735429 150.3900906176
Robin 841.1471253805 602.7027068038 158.8528746195 229.9877786413
Roos 129.8747898566 700.6826214733 69.3196731136 116.9705457997
Ruben 517.0602821904 99.0231945564 110.1191115281 178.5802910376
Sanne 189.1641205416 326.3179836608 141.6784771135 185.0678935022
Sarah 0.0000000000 208.2669638942 127.8359346602 63.6708804437
Sophie 0.0000000000 0.0000000000 127.8359346602 77.5229422196
Stijn 0.0000000000 511.3858771630 142.9445248756 66.5037930642
Sven 202.9112154692 817.6531672730 60.8222535034 182.3468327270
Tessa 300.5283365602 511.3858771630 99.4008560445 174.7085657464
Thijs 0.0000000000 444.2156128108 189.1641205416 67.1702643522
Thomas 0.0000000000 817.6531672730 202.9112154692 182.3468327270
Tim 0.0000000000 271.9378443379 189.1641205416 172.2777684730
Tom 627.1793937185 168.5731838848 133.3572029371 192.4226026606
Vera 932.0145984590 168.5731838848 67.9854015410 148.5115425934
Willem 821.5644691861 317.0847264781 178.4355308139 88.7935366033

