new names 21
Amber 0.0000000000 0.0000000000 79.5576168391 125.4531620642
Anne 79.5576168391 0.0000000000 113.4498751338 125.4531620642
Anouk 193.0074919729 0.0000000000 60.2925437032 125.4531620642
Bas 253.3000356761 0.0000000000 78.4873349982 125.4531620642
Bram 331.7873706743 0.0000000000 260.4352479486 125.4531620642
Charlotte 592.2226186229 0.0000000000 74.9197288619 125.4531620642
Cornelis 667.1423474848 0.0000000000 64.9304316803 125.4531620642
Daan 732.0727791652 0.0000000000 267.9272208348 125.4531620642
Daniël 863.5619242579 125.4531620642 136.4380757421 101.0354186362
David 863.5619242579 226.4885807004 136.4380757421 93.4905659459
Dylan 863.5619242579 319.9791466463 136.4380757421 78.7288976386
Eline 863.5619242579 398.7080442849 136.4380757421 86.6017874025
Emma 863.5619242579 485.3098316874 136.4380757421 229.6259514460
Eva 863.5619242579 714.9357831334 136.4380757421 184.3568353038
Femke 863.5619242579 899.2926184372 136.4380757421 100.7073815628
Fleur 667.0487393180 885.6672795729 196.5131849399 114.3327204271
Floris 539.8240677931 885.6672795729 127.2246715249 114.3327204271
Gijs 377.3679487691 885.6672795729 162.4561190240 114.3327204271
Ilse 313.1684222150 885.6672795729 64.1995265541 114.3327204271
Iris 213.7374481618 885.6672795729 99.4309740533 114.3327204271
Jan 80.6408687204 885.6672795729 133.0965794414 114.3327204271
Jasper 0.0000000000 885.6672795729 80.6408687204 114.3327204271
Jelle 0.0000000000 817.3973494692 125.8723339285 68.2699301037
Jesse 0.0000000000 627.8771789210 125.8723339285 189.5201705483
Johanna 0.0000000000 567.7854175276 125.8723339285 60.0917613933
Johannes 0.0000000000 497.0264795556 125.8723339285 70.7589379720
Joris 0.0000000000 427.6898317940 125.8723339285 69.3366477616
Julia 0.0000000000 212.5684374569 125.8723339285 215.1213943371
Koen 0.0000000000 125.4531620642 125.8723339285 87.1152753927
Lars 125.8723339285 125.4531620642 139.0008575250 163.5704118758
Lieke 264.8731914535 125.4531620642 129.9712742606 163.5704118758
Lisa 394.8444657141 125.4531620642 142.2843423484 163.5704118758
Lotte 537.1288080625 125.4531620642 143.3788372895 163.5704118758
Lucas 680.5076453520 125.4531620642 183.0542789059 163.5704118758
Luuk 731.9120126220 289.0235739400 131.6499116360 226.0786690860
Maria 731.9120126220 515.1022430260 131.6499116360 67.3136488406
Maud 731.9120126220 582.4158918666 131.6499116360 131.9075542938
Max 731.9120126220 714.3234461604 131.6499116360 171.3438334125
Merel 654.5141741382 793.7225570190 77.3978384837 91.9447225539
Mohamed 550.3434984431 793.7225570190 104.1706756951 91.9447225539
Naomi 415.0189758112 793.7225570190 135.3245226320 91.9447225539
Nick 329.8326755932 793.7225570190 85.1863002180 91.9447225539
Niels 228.0958941901 793.7225570190 101.7367814032 91.9447225539
Nikki 125.8723339285 793.7225570190 102.2235602615 91.9447225539
Nina 125.8723339285 654.8658521344 104.1104159769 138.8567048846
Pieter 125.8723339285 564.1576021943 104.1104159769 90.7082499401
Robin 125.8723339285 484.1967752329 104.1104159769 79.9608269614
Roos 125.8723339285 289.0235739400 104.1104159769 195.1732012929
Ruben 229.9827499054 289.0235739400 185.7101714931 122.4296296409
Sanne 415.6929213985 289.0235739400 140.3793422310 122.4296296409
Sarah 556.0722636295 289.0235739400 175.8397489925 122.4296296409
Sophie 581.3449419773 411.4532035809 150.5670706446 245.5322596733
Stijn 581.3449419773 656.9854632542 150.5670706446 136.7370937648
Sven 459.3149591021 644.8145682922 122.0299828753 148.9079887268
Tessa 391.6875055382 644.8145682922 67.6274535639 148.9079887268
Thijs 229.9827499054 644.8145682922 161.7047556328 148.9079887268
Thomas 229.9827499054 530.2155131335 204.2580428802 114.5990551587
Tim 229.9827499054 411.4532035809 204.2580428802 118.7623095526
Tom 434.2407927857 411.4532035809 147.1041491917 76.3672784127
Vera 434.2407927857 487.8204819936 147.1041491917 80.9310599911
Willem 434.2407927857 568.7515419847 147.1041491917 76.0630263075

Amber 0.0000000000 0.0000000000 84.2832469775 125.1513055508
Anne 84.2832469775 0.0000000000 121.9343696028 125.1513055508
Anouk 206.2176165803 0.0000000000 72.1934369603 125.1513055508
Bas 278.4110535406 0.0000000000 75.6476683938 125.1513055508
Bram 354.0587219344 0.0000000000 257.6856649396 125.1513055508
Charlotte 611.7443868739 0.0000000000 78.7564766839 125.1513055508
Cornelis 690.5008635579 0.0000000000 59.4127806563 125.1513055508
Daan 749.9136442142 0.0000000000 250.0863557858 125.1513055508
Daniël 868.3599347729 125.1513055508 131.6400652271 94.2498405807
David 868.3599347729 219.4011461314 131.6400652271 101.1461703793
Dylan 868.3599347729 320.5473165107 131.6400652271 87.0251141250
Eline 868.3599347729 407.5724306357 131.6400652271 84.7263375255
Emma 868.3599347729 492.2987681612 131.6400652271 216.4133970128
Eva 868.3599347729 708.7121651740 131.6400652271 177.0057981637
Femke 868.3599347729 885.7179633377 131.6400652271 114.2820366623
Fleur 672.7764221431 887.9369253283 195.5835126299 112.0630746717
Floris 549.7169733680 887.9369253283 123.0594487750 112.0630746717
Gijs 399.2681174989 887.9369253283 150.4488558691 112.0630746717
Ilse 335.2309121802 887.9369253283 64.0372053187 112.0630746717
Iris 220.2725556443 887.9369253283 114.9583565359 112.0630746717
Jan 87.5689494418 887.9369253283 132.7036062025 112.0630746717
Jasper 0.0000000000 887.9369253283 87.5689494418 112.0630746717
Jelle 0.0000000000 805.5843987182 116.0117991437 82.3525266101
Jesse 0.0000000000 570.4511666324 116.0117991437 235.1332320858
Johanna 0.0000000000 506.7304333730 116.0117991437 63.7207332594
Johannes 0.0000000000 419.9062763588 116.0117991437 86.8241570143
Joris 0.0000000000 356.5581789664 116.0117991437 63.3480973924
Julia 0.0000000000 125.1513055508 116.0117991437 231.4068734157
Koen 116.0117991437 125.1513055508 80.7104646973 136.5831576807
Lars 196.7222638410 125.1513055508 163.9530224047 136.5831576807
Lieke 360.6752862457 125.1513055508 151.9255806067 136.5831576807
Lisa 512.6008668524 125.1513055508 182.3106967280 136.5831576807
Lotte 694.9115635803 125.1513055508 173.4483711926 136.5831576807
Lucas 732.9814530360 261.7344632315 135.3784817369 221.6137219252
Luuk 732.9814530360 483.3481851566 135.3784817369 209.7985811309
Maria 732.9814530360 693.1467662875 135.3784817369 68.6555478587
Maud 732.9814530360 761.8023141461 135.3784817369 126.1346111822
Max 557.2905781973 772.0435749526 175.6908748387 115.8933503758
Merel 489.0285185466 772.0435749526 68.2620596507 115.8933503758
Mohamed 405.8457901197 772.0435749526 83.1827284268 115.8933503758
Naomi 295.4328411765 772.0435749526 110.4129489432 115.8933503758
Nick 199.1945275706 772.0435749526 96.2383136059 115.8933503758
Niels 116.0117991437 772.0435749526 83.1827284268 115.8933503758
Nikki 116.0117991437 692.1629033764 121.2252608430 79.8806715762
Nina 116.0117991437 574.4815568579 121.2252608430 117.6813465185
Pieter 116.0117991437 488.8951230262 121.2252608430 85.5864338316
Robin 116.0117991437 416.1466542694 121.2252608430 72.7484687569
Roos 116.0117991437 261.7344632315 121.2252608430 154.4121910379
Ruben 237.2370599868 261.7344632315 194.0024989406 120.7754818410
Sanne 431.2395589273 261.7344632315 155.3451744284 120.7754818410
Sarah 586.5847333558 261.7344632315 146.3967196802 120.7754818410
Sophie 596.1440147934 382.5099450725 136.8374382426 223.3578883416
Stijn 596.1440147934 605.8678334141 136.8374382426 166.1757415385
Sven 479.0123652015 616.6637411414 117.1316495919 155.3798338112
Tessa 400.5536355461 616.6637411414 78.4587296554 155.3798338112
Thijs 237.2370599868 616.6637411414 163.3165755593 155.3798338112
Thomas 237.2370599868 499.4866917827 215.8241924738 117.1770493587
Tim 237.2370599868 382.5099450725 215.8241924738 116.9767467102
Tom 453.0612524605 382.5099450725 143.0827623329 79.7633576286
Vera 453.0612524605 462.2733027011 143.0827623329 72.5121432988
Willem 453.0612524605 534.7854459999 143.0827623329 81.8782951415

Amber 0.0000000000 0.0000000000 85.6195357251 133.6476086869
Anne 85.6195357251 0.0000000000 116.0687368104 133.6476086869
Anouk 201.6882725354 0.0000000000 77.1781730479 133.6476086869
Bas 278.8664455834 0.0000000000 72.6560144709 133.6476086869
Bram 351.5224600543 0.0000000000 251.7334941212 133.6476086869
Charlotte 603.2559541755 0.0000000000 83.2077178173 133.6476086869
Cornelis 686.4636719928 0.0000000000 53.0599939705 133.6476086869
Daan 739.5236659632 0.0000000000 260.4763340368 133.6476086869
Daniël 869.4074969770 133.6476086869 130.5925030230 95.0272565970
David 869.4074969770 228.6748652839 130.5925030230 92.2504861120
Dylan 869.4074969770 320.9253513960 130.5925030230 96.2613768126
Eline 869.4074969770 417.1867282085 130.5925030230 80.2178140105
Emma 869.4074969770 497.4045422190 130.5925030230 200.8530650801
Eva 869.4074969770 698.2576072991 130.5925030230 178.0218410925
Femke 869.4074969770 876.2794483915 130.5925030230 123.7205516085
Fleur 677.4326338592 886.8746021614 191.9748631178 113.1253978386
Floris 556.3353176068 886.8746021614 121.0973162524 113.1253978386
Gijs 395.3471207065 886.8746021614 160.9881969003 113.1253978386
Ilse 328.0312596132 886.8746021614 67.3158610933 113.1253978386
Iris 221.1806864493 886.8746021614 106.8505731639 113.1253978386
Jan 99.7272016197 886.8746021614 121.4534848296 113.1253978386
Jasper 0.0000000000 886.8746021614 99.7272016197 113.1253978386
Jelle 0.0000000000 800.1058063445 109.1239336635 86.7687958169
Jesse 0.0000000000 585.5838047716 109.1239336635 214.5220015729
Johanna 0.0000000000 519.4918283834 109.1239336635 66.0919763882
Johannes 0.0000000000 426.8153698725 109.1239336635 92.6764585108
Joris 0.0000000000 343.3696343210 109.1239336635 83.4457355516
Julia 0.0000000000 133.6476086869 109.1239336635 209.7220256341
Koen 109.1239336635 133.6476086869 80.1235605366 135.7748228581
Lars 189.2474942001 133.6476086869 176.8653410362 135.7748228581
Lieke 366.1128352363 133.6476086869 154.3120425148 135.7748228581
Lisa 520.4248777512 133.6476086869 178.3491106758 135.7748228581
Lotte 698.7739884270 133.6476086869 170.6335085501 135.7748228581
Lucas 731.9809083290 269.4224315450 137.4265886480 227.8064276206
Luuk 731.9809083290 497.2288591655 137.4265886480 198.7808982326
Maria 731.9809083290 696.0097573982 137.4265886480 67.1398609075
Maud 731.9809083290 763.1496183057 137.4265886480 123.7249838557
Max 559.6712690791 772.7640071936 172.3096392499 114.1105949678
Merel 493.9958737913 772.7640071936 65.6753952879 114.1105949678
Mohamed 407.4879606433 772.7640071936 86.5079131480 114.1105949678
Naomi 306.8563065732 772.7640071936 100.6316540701 114.1105949678
Nick 206.2246525031 772.7640071936 100.6316540701 114.1105949678
Niels 109.1239336635 772.7640071936 97.1007188396 114.1105949678
Nikki 109.1239336635 691.3171502925 123.6748523144 81.4468569011
Nina 109.1239336635 572.4047392170 123.6748523144 118.9124110756
Pieter 109.1239336635 495.5189063023 123.6748523144 76.8858329146
Robin 109.1239336635 416.0267739669 123.6748523144 79.4921323355
Roos 109.1239336635 269.4224315450 123.6748523144 146.6043424219
Ruben 232.7987859779 269.4224315450 193.2533601600 120.5081739005
Sanne 426.0521461379 269.4224315450 150.7911166647 120.5081739005
Sarah 576.8432628026 269.4224315450 155.1376455264 120.5081739005
Sophie 598.0026579067 389.9306054454 133.9782504223 197.8824653184
Stijn 598.0026579067 587.8130707638 133.9782504223 184.9509364298
Sven 471.4650179199 618.9686867219 126.5376399868 153.7953204717
Tessa 408.3271892722 618.9686867219 63.1378286477 153.7953204717
Thijs 232.7987859779 618.9686867219 175.5284032943 153.7953204717
Thomas 232.7987859779 509.2989865667 216.0261824319 109.6697001552
Tim 232.7987859779 389.9306054454 216.0261824319 119.3683811213
Tom 448.8249684098 389.9306054454 149.1776894969 85.3490963247
Vera 527.6199510200 475.2797017701 70.3827068867 143.6889849517
Willem 448.8249684098 475.2797017701 78.7949826102 143.6889849517

Amber 0.0000000000 0.0000000000 100.5653079441 127.0795523291
Anne 100.5653079441 0.0000000000 128.2356441535 127.0795523291
Anouk 228.8009520976 0.0000000000 97.8875334722 127.0795523291
Bas 326.6884855698 0.0000000000 72.0023802440 127.0795523291
Bram 398.6908658137 0.0000000000 189.2293960131 127.0795523291
Charlotte 587.9202618268 0.0000000000 93.4245760190 127.0795523291
Cornelis 681.3448378459 0.0000000000 60.9937518596 127.0795523291
Daan 742.3385897054 0.0000000000 257.6614102946 127.0795523291
Daniël 868.1942218565 127.0795523291 131.8057781435 103.5571086458
David 868.1942218565 230.6366609749 131.8057781435 91.5089131801
Dylan 868.1942218565 322.1455741550 131.8057781435 89.2140188057
Eline 868.1942218565 411.3595929607 131.8057781435 89.2140188057
Emma 868.1942218565 500.5736117663 131.8057781435 203.9587375268
Eva 868.1942218565 704.5323492931 131.8057781435 172.1170780817
Femke 868.1942218565 876.6494273748 131.8057781435 123.3505726252
Fleur 687.8027557596 882.4144278232 180.3914660968 117.5855721768
Floris 566.5771181152 882.4144278232 121.2256376444 117.5855721768
Gijs 412.5530320896 882.4144278232 154.0240860256 117.5855721768
Ilse 351.7794365596 882.4144278232 60.7735955300 117.5855721768
Iris 239.5572945493 882.4144278232 112.2221420103 117.5855721768
Jan 104.8264134538 882.4144278232 134.7308810955 117.5855721768
Jasper 0.0000000000 882.4144278232 104.8264134538 117.5855721768
Jelle 0.0000000000 805.6637488898 111.8280610947 76.7506789334
Jesse 0.0000000000 578.7927992674 111.8280610947 226.8709496225
Johanna 0.0000000000 509.8186208427 111.8280610947 68.9741784247
Johannes 0.0000000000 413.4576362787 111.8280610947 96.3609845639
Joris 0.0000000000 347.8645450317 111.8280610947 65.5930912470
Julia 0.0000000000 127.0795523291 111.8280610947 220.7849927026
Koen 111.8280610947 127.0795523291 87.0790104352 142.4188656706
Lars 198.9070715299 127.0795523291 173.3615665066 142.4188656706
Lieke 372.2686380366 127.0795523291 164.8660532934 142.4188656706
Lisa 537.1346913300 127.0795523291 164.0695989297 142.4188656706
Lotte 701.2042902597 127.0795523291 166.9899315967 142.4188656706
Lucas 736.8588041693 269.4984179997 131.3354176871 200.9466298059
Luuk 736.8588041693 470.4450478056 131.3354176871 213.6137526017
Maria 736.8588041693 684.0588004073 131.3354176871 73.1238452302
Maud 736.8588041693 757.1826456376 131.3354176871 125.2317821856
Max 558.7795961986 785.3835079893 178.0792079708 97.0309198339
Merel 490.1976692777 785.3835079893 68.5819269209 97.0309198339
Mohamed 390.4421392109 785.3835079893 99.7555300668 97.0309198339
Naomi 253.2782853691 785.3835079893 137.1638538418 97.0309198339
Nick 111.8280610947 785.3835079893 141.4502242744 97.0309198339
Niels 111.8280610947 666.6713139860 103.1945692131 118.7121940033
Nikki 111.8280610947 568.1108813105 103.1945692131 98.5604326756
Nina 111.8280610947 451.2306656097 103.1945692131 116.8802157008
Pieter 111.8280610947 368.0588506753 103.1945692131 83.1718149344
Robin 111.8280610947 269.4984179997 103.1945692131 98.5604326756
Roos 215.0226303078 269.4984179997 115.6659741410 155.2727173944
Ruben 330.6886044488 269.4984179997 162.1758711114 155.2727173944
Sanne 492.8644755603 269.4984179997 131.7374568638 155.2727173944
Sarah 624.6019324241 269.4984179997 112.2568717453 155.2727173944
Sophie 593.0052316281 424.7711353940 143.8535725413 181.3575343227
Stijn 593.0052316281 606.1286697167 143.8535725413 179.2548382726
Sven 464.6794659129 644.8397122899 128.3257657151 140.5437956994
Tessa 393.9254273740 644.8397122899 70.7540385389 140.5437956994
Thijs 215.0226303078 644.8397122899 178.9027970662 140.5437956994
Thomas 215.0226303078 424.7711353940 114.4256420360 220.0685768959
Tim 329.4482723439 424.7711353940 177.5681735783 142.0260046460
Tom 507.0164459222 424.7711353940 85.9887857059 142.0260046460
Vera 463.1646708042 566.7971400400 129.8405608238 78.0425722499
Willem 329.4482723439 566.7971400400 133.7163984604 78.0425722499

Amber 0.0000000000 0.0000000000 101.7492711370 122.0684010107
Anne 101.7492711370 0.0000000000 139.0670553936 122.0684010107
Anouk 240.8163265306 0.0000000000 115.7434402332 122.0684010107
Bas 356.5597667638 0.0000000000 84.8396501458 122.0684010107
Bram 441.3994169096 0.0000000000 182.2157434402 122.0684010107
Charlotte 623.6151603499 0.0000000000 84.2565597668 122.0684010107
Cornelis 707.8717201166 0.0000000000 55.3935860058 122.0684010107
Daan 763.2653061224 0.0000000000 236.7346938776 122.0684010107
Daniël 872.3499128461 122.0684010107 127.6500871539 103.1548719041
David 872.3499128461 225.2232729148 127.6500871539 94.5121664203
Dylan 872.3499128461 319.7354393351 127.6500871539 87.5422426429
Eline 872.3499128461 407.2776819780 127.6500871539 100.9244962954
Emma 872.3499128461 508.2021782734 127.6500871539 191.8123023514
Eva 872.3499128461 700.0144806248 127.6500871539 180.9392212588
Femke 872.3499128461 880.9537018836 127.6500871539 119.0462981164
Fleur 697.5743786436 883.5271972530 174.7755342024 116.4728027470
Floris 582.6869645525 883.5271972530 114.8874140911 116.4728027470
Gijs 436.3277322397 883.5271972530 146.3592323129 116.4728027470
Ilse 357.8009625018 883.5271972530 78.5267697378 116.4728027470
Iris 234.6636543138 883.5271972530 123.1373081881 116.4728027470
Jan 115.1929657243 883.5271972530 119.4706885894 116.4728027470
Jasper 0.0000000000 883.5271972530 115.1929657243 116.4728027470
Jelle 0.0000000000 795.7399676111 111.8888663999 87.7872296420
Jesse 0.0000000000 576.2718935061 111.8888663999 219.4680741049
Johanna 0.0000000000 513.2940983282 111.8888663999 62.9777951779
Johannes 0.0000000000 415.6467088351 111.8888663999 97.6473894931
Joris 0.0000000000 344.0810324966 111.8888663999 71.5656763386
Julia 0.0000000000 122.0684010107 111.8888663999 222.0126314859
Koen 111.8888663999 122.0684010107 90.5249537873 138.3832376921
Lars 202.4138201872 122.0684010107 165.1051713962 138.3832376921
Lieke 367.5189915833 122.0684010107 165.3623445603 138.3832376921
Lisa 532.8813361437 122.0684010107 165.1051713962 138.3832376921
Lotte 697.9865075398 122.0684010107 174.3634053062 138.3832376921
Lucas 744.4640571308 260.4516387028 127.8858557153 224.5743527244
Luuk 744.4640571308 485.0259914273 127.8858557153 193.9632265786
Maria 744.4640571308 678.9892180059 127.8858557153 73.7449857150
Maud 744.4640571308 752.7342037208 127.8858557153 130.7929935322
Max 569.9987129817 787.0419075994 174.4653441491 96.4852896536
Merel 492.5405263616 787.0419075994 77.4581866201 96.4852896536
Mohamed 402.1726419714 787.0419075994 90.3678843901 96.4852896536
Naomi 256.8463299318 787.0419075994 145.3263120396 96.4852896536
Nick 111.8888663999 787.0419075994 144.9574635319 96.4852896536
Niels 111.8888663999 680.2529312813 120.9732469453 106.7889763181
Nikki 111.8888663999 593.4685014911 120.9732469453 86.7844297902
Nina 111.8888663999 491.6806618049 120.9732469453 101.7878396862
Pieter 111.8888663999 419.0170883873 120.9732469453 72.6635734176
Robin 111.8888663999 260.4516387028 120.9732469453 158.5654496845
Roos 232.8621133452 260.4516387028 145.1026334654 123.6130657634
Ruben 377.9647468106 260.4516387028 191.1669615496 123.6130657634
Sanne 569.1317083602 260.4516387028 175.3323487706 123.6130657634
Sarah 578.8756496394 384.0647044663 165.5884074915 87.4729182268
Sophie 578.8756496394 471.5376226931 165.5884074915 167.8534376784
Stijn 578.8756496394 639.3910603715 165.5884074915 147.6508472280
Sven 467.9709852376 629.1628859534 110.9046644018 157.8790216461
Tessa 390.2024705656 629.1628859534 77.7685146720 157.8790216461
Thijs 232.8621133452 629.1628859534 157.3403572204 157.8790216461
Thomas 232.8621133452 509.6450448042 205.4591497508 119.5178411492
Tim 232.8621133452 384.0647044663 205.4591497508 125.5803403379
Tom 438.3212630960 384.0647044663 140.5543865433 89.3798120506
Vera 438.3212630960 473.4445165168 140.5543865433 72.9217730044
Willem 438.3212630960 546.3662895213 140.5543865433 82.7965964321

Amber 0.0000000000 0.0000000000 124.6006389776 127.4300254453
Anne 124.6006389776 0.0000000000 141.3738019169 127.4300254453
Anouk 265.9744408946 0.0000000000 118.7433439830 127.4300254453
Bas 384.7177848775 0.0000000000 80.9371671991 127.4300254453
Bram 465.6549520767 0.0000000000 171.4589989350 127.4300254453
Charlotte 637.1139510117 0.0000000000 67.6251331203 127.4300254453
Cornelis 704.7390841321 0.0000000000 55.1118210863 127.4300254453
Daan 759.8509052183 0.0000000000 240.1490947817 127.4300254453
Daniël 874.5674404137 127.4300254453 125.4325595863 101.1596932683
David 874.5674404137 228.5897187136 125.4325595863 83.5784631548
Dylan 874.5674404137 312.1681818684 125.4325595863 94.3976816862
Eline 874.5674404137 406.5658635545 125.4325595863 91.4223965900
Emma 874.5674404137 497.9882601446 125.4325595863 210.4338004351
Eva 874.5674404137 708.4220605797 125.4325595863 160.9358756541
Femke 874.5674404137 869.3579362337 125.4325595863 130.6420637663
Fleur 726.1882948143 879.0435610785 148.3791455994 120.9564389215
Floris 630.2607564495 879.0435610785 95.9275383648 120.9564389215
Gijs 503.4793314761 879.0435610785 126.7814249734 120.9564389215
Ilse 419.8933477548 879.0435610785 83.5859837214 120.9564389215
Iris 306.8559268161 879.0435610785 113.0374209387 120.9564389215
Jan 190.4526273383 879.0435610785 116.4032994778 120.9564389215
Jasper 84.4274533562 879.0435610785 106.0251739822 120.9564389215
Jelle 0.0000000000 879.0435610785 84.4274533562 120.9564389215
Jesse 0.0000000000 672.7240313830 115.6008885109 206.3195296955
Johanna 0.0000000000 602.2877765794 115.6008885109 70.4362548036
Johannes 0.0000000000 510.1336765447 115.6008885109 92.1541000347
Joris 0.0000000000 451.7302819368 115.6008885109 58.4033946080
Julia 0.0000000000 241.5954551061 115.6008885109 210.1348268307
Koen 0.0000000000 127.4300254453 115.6008885109 114.1654296608
Lars 115.6008885109 127.4300254453 158.0101012494 157.1709998386
Lieke 273.6109897603 127.4300254453 149.8073910752 157.1709998386
Lisa 423.4183808356 127.4300254453 134.0495531091 157.1709998386
Lotte 557.4679339447 127.4300254453 142.0364024892 157.1709998386
Lucas 699.5043364339 127.4300254453 175.0631039798 157.1709998386
Luuk 764.7004970829 284.6010252839 109.8669433308 197.9416443867
Maria 764.7004970829 482.5426696706 109.8669433308 99.4340241693
Maud 764.7004970829 581.9766938398 109.8669433308 147.2982283501
Max 764.7004970829 729.2749221900 109.8669433308 149.7686388885
Merel 694.7287502873 765.0995948398 69.9717467956 113.9439662387
Mohamed 606.2963724222 765.0995948398 88.4323778651 113.9439662387
Naomi 488.9820394968 765.0995948398 117.3143329254 113.9439662387
Nick 347.5497853355 765.0995948398 141.4322541613 113.9439662387
Niels 233.5107256644 765.0995948398 114.0390596711 113.9439662387
Nikki 115.6008885109 765.0995948398 117.9098371534 113.9439662387
Nina 115.6008885109 654.9014199057 117.9154080621 110.1981749341
Pieter 115.6008885109 576.3528513496 117.9154080621 78.5485685562
Robin 115.6008885109 425.5856355129 117.9154080621 150.7672158367
Roos 115.6008885109 284.6010252839 117.9154080621 140.9846102290
Ruben 233.5162965731 284.6010252839 230.5031331965 118.9270685249
Sanne 464.0194297696 284.6010252839 182.0061868557 118.9270685249
Sarah 646.0256166253 284.6010252839 118.6748804576 118.9270685249
Sophie 631.2710794668 403.5280938088 133.4294176161 192.7364260067
Stijn 631.2710794668 596.2645198155 133.4294176161 168.8350750243
Sven 484.2492997980 620.1809866182 147.0217796688 144.9186082217
Tessa 397.8622986869 620.1809866182 86.3870011111 144.9186082217
Thijs 233.5162965731 620.1809866182 164.3460021138 144.9186082217
Thomas 233.5162965731 403.5280938088 117.4472784135 216.6528928093
Tim 350.9635749866 403.5280938088 180.4883504510 141.7321438434
Tom 531.4519254375 403.5280938088 99.8191540292 141.7321438434
Vera 506.2874425741 545.2602376523 124.9836368926 74.9207489659
Willem 350.9635749866 545.2602376523 155.3238675876 74.9207489659

Amber 0.0000000000 0.0000000000 159.2292089249 98.8173982762
Anne 159.2292089249 0.0000000000 191.0074374577 98.8173982762
Anouk 350.2366463827 0.0000000000 166.3286004057 98.8173982762
Bas 516.5652467884 0.0000000000 109.8715348208 98.8173982762
Bram 626.4367816092 0.0000000000 202.1636240703 98.8173982762
Charlotte 828.6004056795 0.0000000000 92.9682217715 98.8173982762
Cornelis 921.5686274510 0.0000000000 78.4313725490 98.8173982762
Daan 861.2841043891 98.8173982762 138.7158956109 219.6361658931
Daniël 861.2841043891 318.4535641693 138.7158956109 105.9648168783
David 861.2841043891 424.4183810476 138.7158956109 76.8244922367
Dylan 861.2841043891 501.2428732843 138.7158956109 101.6298925514
Eline 861.2841043891 602.8727658358 138.7158956109 91.2742399929
Emma 861.2841043891 694.1470058286 138.7158956109 159.9105418345
Eva 861.2841043891 854.0575476631 138.7158956109 145.9424523369
Femke 736.4201072966 879.6044247331 124.8639970925 120.3955752669
Fleur 589.9130173747 879.6044247331 146.5070899219 120.3955752669
Floris 486.4146375625 879.6044247331 103.4983798122 120.3955752669
Gijs 352.6714228990 879.6044247331 133.7432146635 120.3955752669
Ilse 269.7062337198 879.6044247331 82.9651891792 120.3955752669
Iris 129.0261303289 879.6044247331 140.6801033909 120.3955752669
Jan 0.0000000000 879.6044247331 129.0261303289 120.3955752669
Jasper 0.0000000000 774.8452958437 125.9622654407 104.7591288894
Jelle 0.0000000000 692.3640576548 125.9622654407 82.4812381889
Jesse 0.0000000000 487.8848465820 125.9622654407 204.4792110728
Johanna 0.0000000000 426.8858601401 125.9622654407 60.9989864419
Johannes 0.0000000000 347.3219647810 125.9622654407 79.5638953591
Joris 0.0000000000 286.5881913236 125.9622654407 60.7337734574
Julia 0.0000000000 98.8173982762 125.9622654407 187.7707930474
Koen 125.9622654407 98.8173982762 99.1606649266 139.4749314106
Lars 225.1229303673 98.8173982762 176.5251450505 139.4749314106
Lieke 401.6480754178 98.8173982762 172.2138117928 139.4749314106
Lisa 573.8618872106 98.8173982762 133.1722939594 139.4749314106
Lotte 707.0341811699 98.8173982762 154.2499232191 139.4749314106
Lucas 749.8606548630 238.2923296868 111.4234495261 207.1746880210
Luuk 749.8606548630 445.4670177079 111.4234495261 181.3902840126
Maria 749.8606548630 626.8573017205 111.4234495261 88.4465021219
Maud 749.8606548630 715.3038038423 111.4234495261 164.3006208908
Max 585.2942364666 778.5108925091 164.5664183963 101.0935322240
Merel 511.2723936538 778.5108925091 74.0218428128 101.0935322240
Mohamed 424.3628192799 778.5108925091 86.9095743740 101.0935322240
Naomi 294.1636850466 778.5108925091 130.1991342332 101.0935322240
Nick 125.9622654407 778.5108925091 168.2014196059 101.0935322240
Niels 125.9622654407 650.6023819103 115.7016440290 127.9085105987
Nikki 125.9622654407 531.0671146691 115.7016440290 119.5352672413
Nina 125.9622654407 407.2008594843 115.7016440290 123.8662551848
Pieter 125.9622654407 330.1092740895 115.7016440290 77.0915853947
Robin 125.9622654407 238.2923296868 115.7016440290 91.8169444027
Roos 241.6639094698 238.2923296868 123.3280804720 125.6872587145
Ruben 364.9919899418 238.2923296868 197.7501979982 125.6872587145
Sanne 562.7421879399 238.2923296868 187.1184669230 125.6872587145
Sarah 602.5432348537 363.9795884014 147.3174200093 78.6883821255
Sophie 602.5432348537 442.6679705268 147.3174200093 181.8676728087
Stijn 602.5432348537 624.5356433356 147.3174200093 153.9752491735
Sven 472.0669304276 609.0140595879 130.4763044261 169.4968329212
Tessa 396.1856959804 609.0140595879 75.8812344472 169.4968329212
Thijs 241.6639094698 609.0140595879 154.5217865106 169.4968329212
Thomas 241.6639094698 490.1449798932 219.7723734487 118.8690796947
Tim 241.6639094698 363.9795884014 219.7723734487 126.1653914918
Tom 461.4362829185 363.9795884014 141.1069519351 98.9607816000
Vera 461.4362829185 462.9403700013 141.1069519351 60.6075600229
Willem 461.4362829185 523.5479300243 141.1069519351 85.4661295636

Amber 0.0000000000 0.0000000000 118.0206403811 125.9456757207
Anne 118.0206403811 0.0000000000 137.6025403546 125.9456757207
Anouk 255.6231807356 0.0000000000 129.9285525271 125.9456757207
Bas 385.5517332628 0.0000000000 88.6477904207 125.9456757207
Bram 474.1995236835 0.0000000000 160.6245038370 125.9456757207
Charlotte 634.8240275205 0.0000000000 78.0629796242 125.9456757207
Cornelis 712.8870071447 0.0000000000 67.4781688277 125.9456757207
Daan 780.3651759725 0.0000000000 219.6348240275 125.9456757207
Daniël 876.6109967208 125.9456757207 123.3890032792 112.3629786465
David 876.6109967208 238.3086543672 123.3890032792 94.8062632330
Dylan 876.6109967208 333.1149176003 123.3890032792 105.0701891671
Eline 876.6109967208 438.1851067673 123.3890032792 92.9155400346
Emma 876.6109967208 531.1006468020 123.3890032792 172.0558110525
Eva 876.6109967208 703.1564578545 123.3890032792 161.5217818044
Femke 876.6109967208 864.6782396589 123.3890032792 135.3217603411
Fleur 712.5765888346 880.1264339081 164.0344078862 119.8735660919
Floris 608.8734801201 880.1264339081 103.7031087145 119.8735660919
Gijs 487.9328573565 880.1264339081 120.9406227636 119.8735660919
Ilse 403.4134336321 880.1264339081 84.5194237244 119.8735660919
Iris 244.3834653085 880.1264339081 159.0299683236 119.8735660919
Jan 123.7208669650 880.1264339081 120.6625983434 119.8735660919
Jasper 0.0000000000 880.1264339081 123.7208669650 119.8735660919
Jelle 0.0000000000 796.0062724180 114.8958305930 84.1201614901
Jesse 0.0000000000 572.9428097079 114.8958305930 223.0634627100
Johanna 0.0000000000 499.5552205459 114.8958305930 73.3875891621
Johannes 0.0000000000 398.0308877129 114.8958305930 101.5243328329
Joris 0.0000000000 326.0936461628 114.8958305930 71.9372415502
Julia 0.0000000000 125.9456757207 114.8958305930 200.1479704420
Koen 114.8958305930 125.9456757207 99.5706099513 133.8860080091
Lars 214.4664405444 125.9456757207 167.7764777680 133.8860080091
Lieke 382.2429183124 125.9456757207 167.5275512431 133.8860080091
Lisa 549.7704695555 125.9456757207 149.6048414519 133.8860080091
Lotte 699.3753110074 125.9456757207 177.2356857134 133.8860080091
Lucas 762.5444595346 259.8316837298 114.0665371862 212.7058775929
Luuk 762.5444595346 472.5375613228 114.0665371862 168.8791170999
Maria 762.5444595346 641.4166784226 114.0665371862 89.4065914058
Maud 762.5444595346 730.8232698285 114.0665371862 149.3031640796
Max 627.1446392899 759.7622875113 135.3998202447 120.3641463968
Merel 550.4457636093 759.7622875113 76.6988756805 120.3641463968
Mohamed 479.2847128876 759.7622875113 71.1610507217 120.3641463968
Naomi 369.6357787017 759.7622875113 109.6489341859 120.3641463968
Nick 243.6502608871 759.7622875113 125.9855178146 120.3641463968
Niels 114.8958305930 759.7622875113 128.7544302941 120.3641463968
Nikki 114.8958305930 658.7017692184 99.2639020580 101.0605182930
Nina 114.8958305930 531.1170617389 99.2639020580 127.5847074795
Pieter 114.8958305930 437.7787757407 99.2639020580 93.3382859982
Robin 114.8958305930 259.8316837298 99.2639020580 177.9470920109
Roos 214.1597326511 259.8316837298 107.1316998089 144.0354401850
Ruben 321.2914324600 259.8316837298 188.8109439396 144.0354401850
Sanne 510.1023763996 259.8316837298 168.4489793971 144.0354401850
Sarah 678.5513557967 259.8316837298 83.9931037379 144.0354401850
Sophie 633.4080971076 403.8671239149 129.1363624270 171.3664892154
Stijn 633.4080971076 575.2336131303 129.1363624270 184.5286743810
Sven 479.3233992547 614.8445114925 154.0846978529 144.9177760188
Tessa 386.4126262210 614.8445114925 92.9107730337 144.9177760188
Thijs 214.1597326511 614.8445114925 172.2528935699 144.9177760188
Thomas 214.1597326511 403.8671239149 124.1632307697 210.9773875776
Tim 338.3229634208 403.8671239149 193.7634635551 146.3740333515
Tom 532.0864269759 403.8671239149 101.3216701317 146.3740333515
Vera 503.9214387940 550.2411572664 129.4866583136 64.6033542261
Willem 338.3229634208 550.2411572664 165.5984753732 64.6033542261

Amber 0.0000000000 0.0000000000 152.1273339455 103.7933663744
Anne 152.1273339455 0.0000000000 182.4303642485 103.7933663744
Anouk 334.5576981941 0.0000000000 182.4303642485 103.7933663744
Bas 516.9880624426 0.0000000000 134.0679522498 103.7933663744
Bram 651.0560146924 0.0000000000 186.4095500459 103.7933663744
Charlotte 837.4655647383 0.0000000000 82.6446280992 103.7933663744
Cornelis 920.1101928375 0.0000000000 79.8898071625 103.7933663744
Daan 866.9573540359 103.7933663744 133.0426459641 217.5444293187
Daniël 866.9573540359 321.3377956930 133.0426459641 113.4287639148
David 866.9573540359 434.7665596078 133.0426459641 83.5790892004
Dylan 866.9573540359 518.3456488082 133.0426459641 91.4594033250
Eline 866.9573540359 609.8050521332 133.0426459641 88.3550371547
Emma 866.9573540359 698.1600892878 133.0426459641 154.5019163218
Eva 866.9573540359 852.6620056096 133.0426459641 147.3379943904
Femke 720.1628050045 875.7711609425 146.7945490315 124.2288390575
Fleur 558.5353572904 875.7711609425 161.6274477141 124.2288390575
Floris 459.5641195288 875.7711609425 98.9712377616 124.2288390575
Gijs 356.7567872803 875.7711609425 102.8073322485 124.2288390575
Ilse 281.5693353373 875.7711609425 75.1874519429 124.2288390575
Iris 126.8468576997 875.7711609425 154.7224776377 124.2288390575
Jan 0.0000000000 875.7711609425 126.8468576997 124.2288390575
Jasper 0.0000000000 762.8594603194 127.7430754262 112.9117006230
Jelle 0.0000000000 673.3259532175 127.7430754262 89.5335071020
Jesse 0.0000000000 480.3315045754 127.7430754262 192.9944486420
Johanna 0.0000000000 418.1554579769 127.7430754262 62.1760465986
Johannes 0.0000000000 329.8654718069 127.7430754262 88.2899861700
Joris 0.0000000000 266.6946084627 127.7430754262 63.1708633442
Julia 0.0000000000 103.7933663744 127.7430754262 162.9012420883
Koen 127.7430754262 103.7933663744 98.3929229945 137.8746667951
Lars 226.1359984207 103.7933663744 189.8729942564 137.8746667951
Lieke 416.0089926770 103.7933663744 148.3958838606 137.8746667951
Lisa 564.4048765376 103.7933663744 157.3825911130 137.8746667951
Lotte 721.7874676506 103.7933663744 145.1698863853 137.8746667951
Lucas 730.4276733248 241.6680331695 136.5296807111 172.4295110751
Luuk 730.4276733248 414.0975442447 136.5296807111 136.5939581661
Maria 730.4276733248 550.6915024108 136.5296807111 79.3501528699
Maud 730.4276733248 630.0416552807 136.5296807111 110.0663410777
Max 730.4276733248 740.1079963584 136.5296807111 135.6631645841
Merel 623.1751184507 765.2814979770 107.2525548741 110.4896629655
Mohamed 540.6510346735 765.2814979770 82.5240837772 110.4896629655
Naomi 417.8713002734 765.2814979770 122.7797344002 110.4896629655
Nick 275.8263616465 765.2814979770 142.0449386269 110.4896629655
Niels 127.7430754262 765.2814979770 148.0832862203 110.4896629655
Nikki 127.7430754262 679.2045527867 124.3837134493 86.0769451903
Nina 127.7430754262 590.3179743706 124.3837134493 88.8865784161
Pieter 127.7430754262 521.8650921421 124.3837134493 68.4528822285
Robin 127.7430754262 373.2099523773 124.3837134493 148.6551397648
Roos 127.7430754262 241.6680331695 124.3837134493 131.5419192077
Ruben 252.1267888755 241.6680331695 175.6365965356 118.2995789448
Sanne 427.7633854111 241.6680331695 196.8526380131 118.2995789448
Sarah 624.6160234242 241.6680331695 105.8116499006 118.2995789448
Sophie 565.5071454846 359.9676121144 164.9205278403 147.5619945679
Stijn 565.5071454846 507.5296066822 164.9205278403 128.2980266086
Sven 565.5071454846 635.8276332908 164.9205278403 129.4538646862
Tessa 457.9746701775 641.1934048564 107.5324753070 124.0880931205
Thijs 252.1267888755 641.1934048564 205.8478813020 124.0880931205
Thomas 252.1267888755 497.8368422147 185.2717320976 143.3565626417
Tim 252.1267888755 359.9676121144 185.2717320976 137.8692301004
Tom 437.3985209731 359.9676121144 128.1086245114 122.7572904827
Vera 437.3985209731 482.7249025970 128.1086245114 69.9344563962
Willem 437.3985209731 552.6593589932 128.1086245114 88.5340458633

Amber 0.0000000000 0.0000000000 166.6184553081 106.5528294908
Anne 166.6184553081 0.0000000000 167.7755279144 106.5528294908
Anouk 334.3939832224 0.0000000000 197.2808793752 106.5528294908
Bas 531.6748625976 0.0000000000 119.7570147527 106.5528294908
Bram 651.4318773503 0.0000000000 192.6525889500 106.5528294908
Charlotte 844.0844663003 0.0000000000 86.7804454730 106.5528294908
Cornelis 930.8649117732 0.0000000000 69.1350882268 106.5528294908
Daan 860.0062096802 106.5528294908 139.9937903198 211.1423944106
Daniël 860.0062096802 317.6952239014 139.9937903198 110.3048379559
David 860.0062096802 428.0000618574 139.9937903198 82.5635014640
Dylan 860.0062096802 510.5635633214 139.9937903198 95.7736616982
Eline 860.0062096802 606.3372250196 139.9937903198 87.1870575460
Emma 860.0062096802 693.5242825656 139.9937903198 160.5034468460
Eva 860.0062096802 854.0277294116 139.9937903198 145.9722705884
Femke 725.3766998511 878.4318343148 134.6295098291 121.5681656852
Fleur 571.9852620986 878.4318343148 153.3914377525 121.5681656852
Floris 487.3030468766 878.4318343148 84.6822152220 121.5681656852
Gijs 380.3093497996 878.4318343148 106.9936970770 121.5681656852
Ilse 298.4160698094 878.4318343148 81.8932799902 121.5681656852
Iris 123.9808480347 878.4318343148 174.4352217748 121.5681656852
Jan 0.0000000000 878.4318343148 123.9808480347 121.5681656852
Jasper 0.0000000000 753.5408524783 128.5796533951 124.8909818364
Jelle 0.0000000000 670.3601025796 128.5796533951 83.1807498987
Jesse 0.0000000000 493.2114738328 128.5796533951 177.1486287469
Johanna 0.0000000000 420.3384249301 128.5796533951 72.8730489026
Johannes 0.0000000000 331.4045395917 128.5796533951 88.9338853384
Joris 0.0000000000 265.2434820354 128.5796533951 66.1610575563
Julia 0.0000000000 106.5528294908 128.5796533951 158.6906525446
Koen 128.5796533951 106.5528294908 97.9443039576 131.8561667355
Lars 226.5239573527 106.5528294908 185.3695299246 131.8561667355
Lieke 411.8934872773 106.5528294908 139.7868586317 131.8561667355
Lisa 551.6803459090 106.5528294908 153.1110240865 131.8561667355
Lotte 704.7913699955 106.5528294908 155.2148396847 131.8561667355
Lucas 744.8599826538 238.4089962263 115.1462270264 212.2702260996
Luuk 744.8599826538 450.6792223259 115.1462270264 162.7494293424
Maria 744.8599826538 613.4286516684 115.1462270264 97.1678336370
Maud 744.8599826538 710.5964853054 115.1462270264 167.8353490094
Max 573.1705358096 762.1004190304 171.6894468442 116.3314152843
Merel 464.2749144315 762.1004190304 108.8956213780 116.3314152843
Mohamed 394.0624091634 762.1004190304 70.2125052681 116.3314152843
Naomi 274.3037209326 762.1004190304 119.7586882308 116.3314152843
Nick 128.5796533951 762.1004190304 145.7240675375 116.3314152843
Niels 128.5796533951 569.7878989337 98.4070967931 192.3125200967
Nikki 128.5796533951 470.4995131509 98.4070967931 99.2883857828
Nina 128.5796533951 333.9388311278 98.4070967931 136.5606820231
Pieter 128.5796533951 238.4089962263 98.4070967931 95.5298349015
Robin 226.9867501882 238.4089962263 135.0973649910 154.6850787439
Roos 362.0841151792 238.4089962263 110.9870682891 154.6850787439
Ruben 473.0711834683 238.4089962263 121.9462940627 154.6850787439
Sanne 595.0174775310 238.4089962263 149.8425051228 154.6850787439
Sarah 612.8858363158 393.0940749702 131.9741463380 82.9096532540
Sophie 612.8858363158 476.0037282243 131.9741463380 139.4283464582
Stijn 612.8858363158 615.4320746825 131.9741463380 146.6683443480
Sven 486.7637702417 618.8908140737 126.1220660740 143.2096049567
Tessa 397.8756929575 618.8908140737 88.8880772843 143.2096049567
Thijs 226.9867501882 618.8908140737 170.8889427693 143.2096049567
Thomas 226.9867501882 393.0940749702 114.8005417168 225.7967391035
Tim 341.7872919050 393.0940749702 169.7685685044 150.8722420898
Tom 511.5558604094 393.0940749702 101.3299759064 150.8722420898
Vera 486.1812055441 543.9663170600 126.7046307717 74.9244970137
Willem 341.7872919050 543.9663170600 144.3939136391 74.9244970137

Amber 0.0000000000 0.0000000000 179.2526783381 112.4992650949
Anne 179.2526783381 0.0000000000 195.7146590018 112.4992650949
Anouk 374.9673373400 0.0000000000 161.2228899922 112.4992650949
Bas 536.1902273321 0.0000000000 115.4951659263 112.4992650949
Bram 651.6853932584 0.0000000000 193.1016461981 112.4992650949
Charlotte 844.7870394565 0.0000000000 82.8325058793 112.4992650949
Cornelis 927.6195453358 0.0000000000 72.3804546642 112.4992650949
Daan 861.5481434865 112.4992650949 138.4518565135 218.6903724766
Daniël 861.5481434865 331.1896375716 138.4518565135 114.6532049877
David 861.5481434865 445.8428425593 138.4518565135 80.2572434914
Dylan 861.5481434865 526.1000860507 138.4518565135 98.9414694894
Eline 861.5481434865 625.0415555401 138.4518565135 83.2297339911
Emma 861.5481434865 708.2712895312 138.4518565135 158.8159209830
Eva 861.5481434865 867.0872105142 138.4518565135 132.9127894858
Femke 679.2113082187 888.5975203005 182.3368352677 111.4024796995
Fleur 505.0545625216 888.5975203005 174.1567456971 111.4024796995
Floris 416.1290726733 888.5975203005 88.9254898484 111.4024796995
Gijs 303.7188095415 888.5975203005 112.4102631318 111.4024796995
Ilse 187.0865646958 888.5975203005 116.6322448456 111.4024796995
Iris 0.0000000000 888.5975203005 187.0865646958 111.4024796995
Jan 0.0000000000 743.7403136315 108.3658330482 144.8572066689
Jasper 0.0000000000 598.8831069626 108.3658330482 144.8572066689
Jelle 0.0000000000 494.7161268861 108.3658330482 104.1669800765
Jesse 0.0000000000 314.5940571705 108.3658330482 180.1220697156
Johanna 0.0000000000 234.2986766948 108.3658330482 80.2953804756
Johannes 0.0000000000 112.4992650949 108.3658330482 121.7994115999
Joris 108.3658330482 112.4992650949 58.9351413715 133.6754600995
Julia 167.3009744197 112.4992650949 149.7568331120 133.6754600995
Koen 317.0578075317 112.4992650949 97.6388163021 133.6754600995
Lars 414.6966238338 112.4992650949 193.9581891406 133.6754600995
Lieke 608.6548129744 112.4992650949 101.8170539366 133.6754600995
Lisa 710.4718669110 112.4992650949 151.0762765755 133.6754600995
Lotte 743.6288959774 246.1747251945 117.9192475091 194.1976551756
Lucas 743.6288959774 440.3723803701 117.9192475091 200.9285110033
Luuk 743.6288959774 641.3008913733 117.9192475091 149.0759920347
Maria 743.6288959774 790.3768834080 117.9192475091 98.2206368924
Maud 600.1579537334 772.2182557545 143.4709422440 116.3792645460
Max 430.9228634103 772.2182557545 169.2350903231 116.3792645460
Merel 320.0359907956 772.2182557545 110.8868726147 116.3792645460
Mohamed 241.7331878103 772.2182557545 78.3028029853 116.3792645460
Naomi 108.3658330482 772.2182557545 133.3673547621 116.3792645460
Nick 108.3658330482 616.9433441795 118.1338947073 155.2749115750
Niels 108.3658330482 451.4660746325 118.1338947073 165.4772695470
Nikki 108.3658330482 365.6169648675 118.1338947073 85.8491097650
Nina 108.3658330482 246.1747251945 118.1338947073 119.4422396730
Pieter 226.4997277555 246.1747251945 72.4791457536 123.2967816927
Robin 298.9788735090 246.1747251945 187.6351569344 123.2967816927
Roos 486.6140304434 246.1747251945 119.6859577904 123.2967816927
Ruben 606.2999882338 246.1747251945 137.3289077436 123.2967816927
Sanne 617.3574124172 369.4715068872 126.2714835602 203.0029855562
Sarah 617.3574124172 572.4744924434 126.2714835602 76.5917227615
Sophie 617.3574124172 649.0662152049 126.2714835602 123.1520405496
Stijn 465.5869113413 651.3566263559 151.7705010759 120.8616293986
Sven 343.2462670446 651.3566263559 122.3406442967 120.8616293986
Tessa 226.4997277555 651.3566263559 116.7465392891 120.8616293986
Thijs 226.4997277555 533.9341903699 164.9778167382 117.4224359860
Thomas 226.4997277555 369.4715068872 164.9778167382 164.4626834827
Tim 391.4775444937 369.4715068872 225.8798679235 116.3459357364
Tom 516.4928173067 485.8174426236 100.8645951105 165.5391837323
Vera 391.4775444937 569.0573162617 125.0152728130 82.2993100942
Willem 391.4775444937 485.8174426236 125.0152728130 83.2398736381

Amber 0.0000000000 0.0000000000 163.8665692720 111.8403137084
Anne 163.8665692720 0.0000000000 191.6240564889 111.8403137084
Anouk 355.4906257609 0.0000000000 157.7794010226 111.8403137084
Bas 513.2700267835 0.0000000000 131.2393474556 111.8403137084
Bram 644.5093742391 0.0000000000 193.5719503287 111.8403137084
Charlotte 838.0813245678 0.0000000000 83.2724616508 111.8403137084
Cornelis 921.3537862187 0.0000000000 78.6462137813 111.8403137084
Daan 864.7248198682 111.8403137084 135.2751801318 220.2281724395
Daniël 864.7248198682 332.0684861479 135.2751801318 103.4710060639
David 864.7248198682 435.5394922118 135.2751801318 87.5678747817
Dylan 864.7248198682 523.1073669935 135.2751801318 89.1783184558
Eline 864.7248198682 612.2856854493 135.2751801318 82.5352383000
Emma 864.7248198682 694.8209237493 135.2751801318 168.4926694075
Eva 864.7248198682 863.3135931568 135.2751801318 136.6864068432
Femke 718.4644767656 870.6007108828 146.2603431025 129.3992891172
Fleur 565.8907375579 870.6007108828 152.5737392077 129.3992891172
Floris 489.7090912225 870.6007108828 76.1816463354 129.3992891172
Gijs 387.4320743191 870.6007108828 102.2770169034 129.3992891172
Ilse 295.2564911840 870.6007108828 92.1755831351 129.3992891172
Iris 126.4783686398 870.6007108828 168.7781225442 129.3992891172
Jan 0.0000000000 870.6007108828 126.4783686398 129.3992891172
Jasper 0.0000000000 712.1185678392 100.3474141426 158.4821430436
Jelle 0.0000000000 591.0859722957 100.3474141426 121.0325955436
Jesse 0.0000000000 410.8939466434 100.3474141426 180.1920256523
Johanna 0.0000000000 312.9281013716 100.3474141426 97.9658452718
Johannes 0.0000000000 176.4272144693 100.3474141426 136.5008869023
Joris 0.0000000000 111.8403137084 100.3474141426 64.5869007609
Julia 100.3474141426 111.8403137084 158.8345139441 124.2987616556
Koen 259.1819280867 111.8403137084 104.5021560708 124.2987616556
Lars 363.6840841575 111.8403137084 207.4707375243 124.2987616556
Lieke 571.1548216818 111.8403137084 113.7036037752 124.2987616556
Lisa 684.8584254570 111.8403137084 179.8663944112 124.2987616556
Lotte 726.6913684215 236.1390753640 138.0334514467 136.3224471839
Lucas 726.6913684215 372.4615225479 138.0334514467 186.0377245940
Luuk 726.6913684215 558.4992471419 138.0334514467 123.3017792908
Maria 726.6913684215 681.8010264327 138.0334514467 85.6207555395
Maud 726.6913684215 767.4217819723 138.0334514467 103.1789289105
Max 547.6703774587 751.9516460345 179.0209909628 118.6490648483
Merel 440.7168110629 751.9516460345 106.9535663957 118.6490648483
Mohamed 364.2886187673 751.9516460345 76.4281922957 118.6490648483
Naomi 231.3999600910 751.9516460345 132.8886586763 118.6490648483
Nick 100.3474141426 751.9516460345 131.0525459484 118.6490648483
Niels 100.3474141426 567.8668480862 101.6277909632 184.0847979484
Nikki 100.3474141426 489.6241100935 101.6277909632 78.2427379926
Nina 100.3474141426 334.7463616013 101.6277909632 154.8777484922
Pieter 100.3474141426 236.1390753640 101.6277909632 98.6072862373
Robin 201.9752051057 236.1390753640 143.8175530683 156.2124798992
Roos 345.7927581740 236.1390753640 92.7405311907 156.2124798992
Ruben 438.5332893647 236.1390753640 115.4026910681 156.2124798992
Sanne 553.9359804328 236.1390753640 172.7553879887 156.2124798992
Sarah 602.3467385811 392.3515552632 124.3446298405 87.3815080498
Sophie 602.3467385811 479.7330633130 124.3446298405 128.9917499783
Stijn 602.3467385811 608.7248132913 124.3446298405 143.2268327433
Sven 465.8718744286 631.6315097428 136.4748641524 120.3201362917
Tessa 353.3876165783 631.6315097428 112.4842578503 120.3201362917
Thijs 201.9752051057 631.6315097428 151.4124114726 120.3201362917
Thomas 201.9752051057 392.3515552632 129.2842700477 239.2799544796
Tim 331.2594751535 392.3515552632 164.5712720988 167.4557867831
Tom 495.8307472523 392.3515552632 106.5159913288 167.4557867831
Vera 471.5423946894 559.8073420464 130.8043438916 71.8241676964
Willem 331.2594751535 559.8073420464 140.2829195359 71.8241676964

Amber 0.0000000000 0.0000000000 167.8453559642 112.9874280844
Anne 167.8453559642 0.0000000000 204.6204620462 112.9874280844
Anouk 372.4658180104 0.0000000000 153.7010843942 112.9874280844
Bas 526.1669024045 0.0000000000 128.0056577086 112.9874280844
Bram 654.1725601132 0.0000000000 169.9669966997 112.9874280844
Charlotte 824.1395568128 0.0000000000 84.3941537011 112.9874280844
Cornelis 908.5337105139 0.0000000000 91.4662894861 112.9874280844
Daan 864.6928112426 112.9874280844 135.3071887574 243.7020781251
Daniël 864.6928112426 356.6895062094 135.3071887574 120.2762275722
David 864.6928112426 476.9657337817 135.3071887574 75.0003972259
Dylan 864.6928112426 551.9661310076 135.3071887574 97.2446095265
Eline 864.6928112426 649.2107405340 135.3071887574 77.7563173339
Emma 864.6928112426 726.9670578680 135.3071887574 137.9928568382
Eva 864.6928112426 864.9599147061 135.3071887574 135.0400852939
Femke 728.1083173052 870.3179980635 136.5844939374 129.6820019365
Fleur 549.2134387797 870.3179980635 178.8948785255 129.6820019365
Floris 476.7106923739 870.3179980635 72.5027464058 129.6820019365
Gijs 385.5174362713 870.3179980635 91.1932561025 129.6820019365
Ilse 281.1792063162 870.3179980635 104.3382299552 129.6820019365
Iris 114.6077407775 870.3179980635 166.5714655387 129.6820019365
Jan 0.0000000000 870.3179980635 114.6077407775 129.6820019365
Jasper 0.0000000000 724.2326523935 105.9324309551 146.0853456699
Jelle 0.0000000000 600.2738306805 105.9324309551 123.9588217130
Jesse 0.0000000000 409.1811237800 105.9324309551 191.0927069004
Johanna 0.0000000000 313.8862081021 105.9324309551 95.2949156780
Johannes 0.0000000000 191.4360130225 105.9324309551 122.4501950796
Joris 0.0000000000 112.9874280844 105.9324309551 78.4485849381
Julia 105.9324309551 112.9874280844 168.8756841873 124.1272316421
Koen 274.8081151424 112.9874280844 104.7157990894 124.1272316421
Lars 379.5239142318 112.9874280844 205.7837117352 124.1272316421
Lieke 585.3076259670 112.9874280844 87.5492746486 124.1272316421
Lisa 672.8569006156 112.9874280844 191.8359106270 124.1272316421
Lotte 739.7610932332 237.1146597265 124.9317180094 154.7830382602
Lucas 739.7610932332 391.8976979866 124.9317180094 157.3414355868
Luuk 739.7610932332 549.2391335734 124.9317180094 128.1330661079
Maria 739.7610932332 677.3721996813 124.9317180094 93.5947021986
Maud 739.7610932332 770.9669018799 124.9317180094 99.3510961835
Max 546.9697366277 747.3585496978 192.7913566054 122.9594483657
Merel 448.8411023106 747.3585496978 98.1286343171 122.9594483657
Mohamed 383.4220127658 747.3585496978 65.4190895448 122.9594483657
Naomi 252.1505946727 747.3585496978 131.2714180931 122.9594483657
Nick 105.9324309551 747.3585496978 146.2181637176 122.9594483657
Niels 105.9324309551 549.0192319660 99.9133634986 198.3393177318
Nikki 105.9324309551 472.2427218762 99.9133634986 76.7765100897
Nina 105.9324309551 344.0152866222 99.9133634986 128.2274352540
Pieter 105.9324309551 237.1146597265 99.9133634986 106.9006268958
Robin 205.8457944537 237.1146597265 147.3233521163 151.5067162537
Roos 353.1691465700 237.1146597265 78.2325676512 151.5067162537
Ruben 431.4017142213 237.1146597265 119.5463955120 151.5067162537
Sanne 550.9481097333 237.1146597265 188.8129834999 151.5067162537
Sarah 616.6583863250 388.6213759802 123.1027069081 90.2252119664
Sophie 616.6583863250 478.8465879465 123.1027069081 120.9493848662
Stijn 616.6583863250 599.7959728127 123.1027069081 147.5625768851
Sven 490.0983291917 629.2923300448 126.5600571333 118.0662196530
Tessa 363.0870775588 629.2923300448 127.0112516329 118.0662196530
Thijs 205.8457944537 629.2923300448 157.2412831051 118.0662196530
Thomas 205.8457944537 388.6213759802 137.3433261078 240.6709540647
Tim 343.1891205616 388.6213759802 164.9920771053 169.6676657145
Tom 508.1811976669 388.6213759802 108.4771886582 169.6676657145
Vera 489.1144214971 558.2890416947 127.5439648280 71.0032883501
Willem 343.1891205616 558.2890416947 145.9253009355 71.0032883501

Amber 0.0000000000 0.0000000000 169.9867197875 116.9799596085
Anne 169.9867197875 0.0000000000 210.0486941124 116.9799596085
Anouk 380.0354139000 0.0000000000 144.9756529438 116.9799596085
Bas 525.0110668437 0.0000000000 137.0075254537 116.9799596085
Bram 662.0185922975 0.0000000000 170.6507304117 116.9799596085
Charlotte 832.6693227092 0.0000000000 90.5267817618 116.9799596085
Cornelis 923.1961044710 0.0000000000 76.8038955290 116.9799596085
Daan 870.2205019939 116.9799596085 129.7794980061 219.0591966448
Daniël 870.2205019939 336.0391562533 129.7794980061 120.7020163662
David 870.2205019939 456.7411726195 129.7794980061 79.8029860272
Dylan 870.2205019939 536.5441586468 129.7794980061 107.9335386019
Eline 870.2205019939 644.4776972486 129.7794980061 73.6182546101
Emma 870.2205019939 718.0959518588 129.7794980061 138.8571956874
Eva 870.2205019939 856.9531475462 129.7794980061 143.0468524538
Femke 701.7907274144 884.7057532005 168.4297745795 115.2942467995
Fleur 501.4715821813 884.7057532005 200.3191452332 115.2942467995
Floris 433.2013802184 884.7057532005 68.2702019629 115.2942467995
Gijs 318.8937065371 884.7057532005 114.3076736813 115.2942467995
Ilse 190.2133587584 884.7057532005 128.6803477787 115.2942467995
Iris 0.0000000000 884.7057532005 190.2133587584 115.2942467995
Jan 0.0000000000 736.5033155872 111.4629600856 148.2024376132
Jasper 0.0000000000 608.7425935069 111.4629600856 127.7607220804
Jelle 0.0000000000 492.5964825248 111.4629600856 116.1461109821
Jesse 0.0000000000 341.6065382480 111.4629600856 150.9899442768
Johanna 0.0000000000 252.4063250137 111.4629600856 89.2002132343
Johannes 0.0000000000 116.9799596085 111.4629600856 135.4263654052
Joris 111.4629600856 116.9799596085 58.0054028177 132.5724379102
Julia 169.4683629033 116.9799596085 151.7515083817 132.5724379102
Koen 321.2198712850 116.9799596085 98.2381064556 132.5724379102
Lars 419.4579777406 116.9799596085 185.9297760352 132.5724379102
Lieke 605.3877537757 116.9799596085 84.5667993942 132.5724379102
Lisa 689.9545531699 116.9799596085 180.2659488240 132.5724379102
Lotte 756.0787130645 249.5523975188 114.1417889294 158.3346579521
Lucas 756.0787130645 407.8870554708 114.1417889294 139.7337382500
Luuk 756.0787130645 547.6207937208 114.1417889294 131.7943213040
Maria 756.0787130645 679.4151150248 114.1417889294 113.4202420860
Maud 756.0787130645 792.8353571108 114.1417889294 91.8703960897
Max 552.4531704055 754.2448603114 203.6255426590 130.4608928890
Merel 451.8311917232 754.2448603114 100.6219786824 130.4608928890
Mohamed 384.5514071604 754.2448603114 67.2797845628 130.4608928890
Naomi 258.3273865648 754.2448603114 126.2240205956 130.4608928890
Nick 111.4629600856 754.2448603114 146.8644264792 130.4608928890
Niels 111.4629600856 556.4155340438 102.3484621721 197.8293262676
Nikki 111.4629600856 474.1974636641 102.3484621721 82.2180703798
Nina 111.4629600856 345.4313165155 102.3484621721 128.7661471486
Pieter 111.4629600856 249.5523975188 102.3484621721 95.8789189967
Robin 213.8114222578 249.5523975188 176.2667018844 151.8852151508
Roos 390.0781241421 249.5523975188 65.4607480886 151.8852151508
Ruben 455.5388722307 249.5523975188 118.1361938161 151.8852151508
Sanne 573.6750660468 249.5523975188 182.4036470177 151.8852151508
Sarah 635.3547052993 401.4376126695 120.7240077652 70.5614495284
Sophie 635.3547052993 471.9990621979 120.7240077652 128.2545495987
Stijn 635.3547052993 600.2536117966 120.7240077652 153.9912485148
Sven 508.0086638953 642.8255798061 127.3460414039 111.4192805053
Tessa 363.4662592361 642.8255798061 144.5424046592 111.4192805053
Thijs 213.8114222578 642.8255798061 149.6548369784 111.4192805053
Thomas 213.8114222578 401.4376126695 136.8674883361 241.3879671366
Tim 350.6789105939 401.4376126695 165.3608577988 166.4430971590
Tom 516.0397683927 401.4376126695 119.3149369066 166.4430971590
Vera 501.9992966145 567.8807098285 133.3554086848 74.9448699776
Willem 350.6789105939 567.8807098285 151.3203860206 74.9448699776

Amber 0.0000000000 0.0000000000 175.6811712078 124.3394938437
Anne 175.6811712078 0.0000000000 196.8279788532 124.3394938437
Anouk 372.5091500610 0.0000000000 176.9011793412 124.3394938437
Bas 549.4103294022 0.0000000000 133.1842212281 124.3394938437
Bram 682.5945506303 0.0000000000 155.3477023180 124.3394938437
Charlotte 837.9422529484 0.0000000000 84.1805612037 124.3394938437
Cornelis 922.1228141521 0.0000000000 77.8771858479 124.3394938437
Daan 870.1313700014 124.3394938437 129.8686299986 191.9522585749
Daniël 870.1313700014 316.2917524186 129.8686299986 112.3290600383
David 870.1313700014 428.6208124569 129.8686299986 87.6049861650
Dylan 870.1313700014 516.2257986220 129.8686299986 107.8514718565
Eline 870.1313700014 624.0772704785 129.8686299986 89.7464413824
Emma 870.1313700014 713.8237118609 129.8686299986 146.9816990102
Eva 870.1313700014 860.8054108711 129.8686299986 139.1945891289
Femke 717.6114955624 884.7929818194 152.5198744391 115.2070181806
Fleur 493.1110185103 884.7929818194 224.5004770521 115.2070181806
Floris 425.9583831457 884.7929818194 67.1526353646 115.2070181806
Gijs 330.4963034608 884.7929818194 95.4620796849 115.2070181806
Ilse 196.4104857885 884.7929818194 134.0858176724 115.2070181806
Iris 0.0000000000 884.7929818194 196.4104857885 115.2070181806
Jan 0.0000000000 745.4925926814 119.7876863104 139.3003891379
Jasper 0.0000000000 633.8412201754 119.7876863104 111.6513725060
Jelle 0.0000000000 511.6367878863 119.7876863104 122.2044322892
Jesse 0.0000000000 359.0395434215 119.7876863104 152.5972444647
Johanna 0.0000000000 260.6850262423 119.7876863104 98.3545171792
Johannes 0.0000000000 124.3394938437 119.7876863104 136.3455323986
Joris 119.7876863104 124.3394938437 54.1000148116 128.9829390744
Julia 173.8877011220 124.3394938437 150.3431571032 128.9829390744
Koen 324.2308582252 124.3394938437 104.2797386948 128.9829390744
Lars 428.5105969199 124.3394938437 171.7087426628 128.9829390744
Lieke 600.2193395828 124.3394938437 68.4090767002 128.9829390744
Lisa 668.6284162829 124.3394938437 201.5029537185 128.9829390744
Lotte 759.3474751840 253.3224329181 110.7838948174 172.3022278354
Lucas 759.3474751840 425.6246607535 110.7838948174 111.5970720682
Luuk 759.3474751840 537.2217328217 110.7838948174 139.8957161100
Maria 759.3474751840 677.1174489317 110.7838948174 118.6717330787
Maud 759.3474751840 795.7891820104 110.7838948174 89.0037998090
Max 548.1083442315 746.3153724040 211.2391309526 138.4776094154
Merel 447.1444380804 746.3153724040 100.9639061511 138.4776094154
Mohamed 383.0606567802 746.3153724040 64.0837813002 138.4776094154
Naomi 267.4907605892 746.3153724040 115.5698961910 138.4776094154
Nick 119.7876863104 746.3153724040 147.7030742788 138.4776094154
Niels 119.7876863104 547.8083665368 111.9524512157 198.5070058672
Nikki 119.7876863104 478.7035385557 111.9524512157 69.1048279811
Nina 119.7876863104 354.4955144068 111.9524512157 124.2080241490
Pieter 119.7876863104 253.3224329181 111.9524512157 101.1730814886
Robin 231.7401375261 253.3224329181 172.3746448439 147.1120066312
Roos 404.1147823700 253.3224329181 55.3386197804 147.1120066312
Ruben 459.4534021504 253.3224329181 112.0521121019 147.1120066312
Sanne 571.5055142524 253.3224329181 187.8419609316 147.1120066312
Sarah 645.9754911569 400.4344395493 113.3719840271 80.0588361669
Sophie 645.9754911569 480.4932757162 113.3719840271 120.1997568077
Stijn 645.9754911569 600.6930325239 113.3719840271 145.6223398801
Sven 519.6108423155 641.2754773197 126.3646488415 105.0398950843
Tessa 384.0997998435 641.2754773197 135.5110424719 105.0398950843
Thijs 231.7401375261 641.2754773197 152.3596623175 105.0398950843
Thomas 231.7401375261 400.4344395493 125.4463374528 240.8410377704
Tim 357.1864749789 400.4344395493 167.1302439821 167.9146166643
Tom 524.3167189610 400.4344395493 121.6587721960 167.9146166643
Vera 522.2087699378 568.3490562136 123.7667212192 72.9264211060
Willem 357.1864749789 568.3490562136 165.0222949589 72.9264211060

Amber 0.0000000000 0.0000000000 161.6388096209 126.6325951164
Anne 161.6388096209 0.0000000000 198.9400733795 126.6325951164
Anouk 360.5788830004 0.0000000000 194.6596004892 126.6325951164
Bas 555.2384834896 0.0000000000 125.9682022014 126.6325951164
Bram 681.2066856910 0.0000000000 148.1858948227 126.6325951164
Charlotte 829.3925805137 0.0000000000 86.6286180188 126.6325951164
Cornelis 916.0211985324 0.0000000000 83.9788014676 126.6325951164
Daan 872.5913228514 126.6325951164 127.4086771486 185.5728468739
Daniël 872.5913228514 312.2054419903 127.4086771486 118.1102289601
David 872.5913228514 430.3156709504 127.4086771486 87.5190718881
Dylan 872.5913228514 517.8347428386 127.4086771486 106.3599831974
Eline 872.5913228514 624.1947260359 127.4086771486 84.8853961137
Emma 872.5913228514 709.0801221497 127.4086771486 158.0205464647
Eva 872.5913228514 867.1006686143 127.4086771486 132.8993313857
Femke 740.7668972215 874.4894869121 131.8244256299 125.5105130879
Fleur 602.7728416869 874.4894869121 137.9940555346 125.5105130879
Floris 539.0199993386 874.4894869121 63.7528423483 125.5105130879
Gijs 447.5038224192 874.4894869121 91.5161769194 125.5105130879
Ilse 327.6073479383 874.4894869121 119.8964744809 125.5105130879
Iris 148.4824263725 874.4894869121 179.1249215658 125.5105130879
Jan 0.0000000000 874.4894869121 148.4824263725 125.5105130879
Jasper 0.0000000000 736.3936759433 106.1660829480 138.0958109688
Jelle 0.0000000000 586.8709228697 106.1660829480 149.5227530736
Jesse 0.0000000000 394.3147920823 106.1660829480 192.5561307874
Johanna 0.0000000000 287.8254167226 106.1660829480 106.4893753597
Johannes 0.0000000000 126.6325951164 106.1660829480 161.1928216062
Joris 106.1660829480 126.6325951164 71.1089544445 99.8220223040
Julia 177.2750373925 126.6325951164 236.3403067718 99.8220223040
Koen 413.6153441643 126.6325951164 146.6137351637 99.8220223040
Lars 560.2290793280 126.6325951164 228.0658102547 99.8220223040
Lieke 788.2948895827 126.6325951164 84.2964332687 99.8220223040
Lisa 741.7469764694 226.4546174204 130.8443463820 204.3726407286
Lotte 741.7469764694 430.8272581490 130.8443463820 139.2732474463
Lucas 741.7469764694 570.1005055953 130.8443463820 82.2619606021
Luuk 741.7469764694 652.3624661974 130.8443463820 116.7843661306
Maria 741.7469764694 769.1468323280 130.8443463820 105.3426545840
Maud 662.1335033769 757.7725467028 79.6134730925 116.7169402093
Max 424.3988267814 757.7725467028 237.7346765955 116.7169402093
Merel 310.7284790883 757.7725467028 113.6703476931 116.7169402093
Mohamed 245.7108093961 757.7725467028 65.0176696922 116.7169402093
Naomi 106.1660829480 757.7725467028 139.5447264482 116.7169402093
Nick 106.1660829480 569.2403782478 129.5160637566 188.5321684551
Niels 106.1660829480 402.8298490089 129.5160637566 166.4105292389
Nikki 106.1660829480 342.2444587231 129.5160637566 60.5853902858
Nina 106.1660829480 226.4546174204 129.5160637566 115.7898413027
Pieter 235.6821467046 226.4546174204 83.0635748485 124.2989146262
Robin 318.7457215532 226.4546174204 220.5337912229 124.2989146262
Roos 539.2795127761 226.4546174204 59.8057738910 124.2989146262
Ruben 599.0852866670 226.4546174204 142.6616898024 124.2989146262
Sanne 618.7186845216 350.7535320466 123.0282919478 234.5604424668
Sarah 618.7186845216 585.3139745134 123.0282919478 55.5979581876
Sophie 618.7186845216 640.9119327010 123.0282919478 116.8606140018
Stijn 483.8253965650 655.2091459898 134.8932879566 102.5634007130
Sven 353.9654402486 655.2091459898 129.8599563164 102.5634007130
Tessa 235.6821467046 655.2091459898 118.2832935440 102.5634007130
Thijs 235.6821467046 550.2184075028 147.2630513918 104.9907384870
Thomas 235.6821467046 350.7535320466 147.2630513918 199.4648754561
Tim 382.9451980964 350.7535320466 235.7734864252 127.4312602049
Tom 501.7797011493 478.1847922515 116.9389833723 177.0243537383
Vera 382.9451980964 581.5757031465 118.8345030529 73.6334428433
Willem 382.9451980964 478.1847922515 118.8345030529 103.3909108950

Amber 0.0000000000 0.0000000000 150.6992277186 128.6899997314
Anne 150.6992277186 0.0000000000 190.9830932999 128.6899997314
Anouk 341.6823210186 0.0000000000 200.3757044458 128.6899997314
Bas 542.0580254644 0.0000000000 130.0354831977 128.6899997314
Bram 672.0935086621 0.0000000000 154.6649968691 128.6899997314
Charlotte 826.7585055312 0.0000000000 84.7422250052 128.6899997314
Cornelis 911.5007305364 0.0000000000 88.4992694636 128.6899997314
Daan 869.6590418645 128.6899997314 130.3409581355 188.1518519975
Daniël 869.6590418645 316.8418517288 130.3409581355 120.1451585044
David 869.6590418645 436.9870102332 130.3409581355 83.4627601960
Dylan 869.6590418645 520.4497704293 130.3409581355 101.3917975715
Eline 869.6590418645 621.8415680007 130.3409581355 102.2161211290
Emma 869.6590418645 724.0576891297 130.3409581355 136.8377105436
Eva 869.6590418645 860.8953996733 130.3409581355 139.1046003267
Femke 726.3113476932 890.5689000017 143.3476941713 109.4310999983
Fleur 635.0008301731 890.5689000017 91.3105175201 109.4310999983
Floris 559.6451073810 890.5689000017 75.3557227921 109.4310999983
Gijs 461.2162968285 890.5689000017 98.4288105525 109.4310999983
Ilse 377.2695307213 890.5689000017 83.9467661072 109.4310999983
Iris 162.4934478448 890.5689000017 214.7760828765 109.4310999983
Jan 0.0000000000 890.5689000017 162.4934478448 109.4310999983
Jasper 0.0000000000 744.3142411747 107.0723845681 146.2546588270
Jelle 0.0000000000 593.5440011146 107.0723845681 150.7702400601
Jesse 0.0000000000 421.9519142576 107.0723845681 171.5920868571
Johanna 0.0000000000 297.0208334757 107.0723845681 124.9310807819
Johannes 0.0000000000 128.6899997314 107.0723845681 168.3308337443
Joris 107.0723845681 128.6899997314 88.4799602374 97.1457238532
Julia 195.5523448056 128.6899997314 205.9924074278 97.1457238532
Koen 401.5447522333 128.6899997314 170.0474235813 97.1457238532
Lars 571.5921758146 128.6899997314 226.4533982327 97.1457238532
Lieke 798.0455740473 128.6899997314 71.6134678172 97.1457238532
Lisa 745.2820955335 225.8357235846 124.3769463310 210.1317026166
Lotte 745.2820955335 435.9674262012 124.3769463310 155.4931406824
Lucas 745.2820955335 591.4605668836 124.3769463310 75.5869433873
Luuk 745.2820955335 667.0475102708 124.3769463310 106.0376834376
Maria 745.2820955335 773.0851937084 124.3769463310 117.4837062933
Maud 666.5093560511 783.4977843372 78.7727394824 107.0711156645
Max 452.7693113410 783.4977843372 213.7400447101 107.0711156645
Merel 328.8402243847 783.4977843372 123.9290869563 107.0711156645
Mohamed 257.0918056205 783.4977843372 71.7484187642 107.0711156645
Naomi 107.0723845681 783.4977843372 150.0194210524 107.0711156645
Nick 107.0723845681 595.3164101920 124.8964362667 188.1813741452
Niels 107.0723845681 408.6404870400 124.8964362667 186.6759231520
Nikki 107.0723845681 344.1211587616 124.8964362667 64.5193282784
Nina 107.0723845681 225.8357235846 124.8964362667 118.2854351770
Pieter 231.9688208348 225.8357235846 89.2356139606 128.8321285139
Robin 321.2044347954 225.8357235846 225.1739791530 128.8321285139
Roos 546.3784139484 225.8357235846 51.4981230100 128.8321285139
Ruben 597.8765369584 225.8357235846 147.4055585751 128.8321285139
Sanne 619.6315245700 354.6678520986 125.6505709635 252.4666749620
Sarah 619.6315245700 607.1345270606 125.6505709635 61.1392625226
Sophie 619.6315245700 668.2737895832 125.6505709635 115.2239947541
Stijn 485.2120813208 674.9911315846 134.4194432492 108.5066527526
Sven 363.9127678916 674.9911315846 121.2993134293 108.5066527526
Tessa 231.9688208348 674.9911315846 131.9439470568 108.5066527526
Thijs 231.9688208348 579.0531609498 152.0295223604 95.9379706348
Thomas 231.9688208348 354.6678520986 152.0295223604 224.3853088513
Tim 383.9983431952 354.6678520986 235.6331813749 127.7873296455
Tom 502.8612623967 482.4551817441 116.7702621733 192.5359498406
Vera 383.9983431952 593.1859510186 118.8629192015 81.8051805661
Willem 383.9983431952 482.4551817441 118.8629192015 110.7307692745

Amber 0.0000000000 0.0000000000 154.9100968188 127.2103457377
Anne 154.9100968188 0.0000000000 213.6929460581 127.2103457377
Anouk 368.6030428769 0.0000000000 141.3093591517 127.2103457377
Bas 509.9124020286 0.0000000000 148.9165514062 127.2103457377
Bram 658.8289534348 0.0000000000 142.4619640387 127.2103457377
Charlotte 801.2909174735 0.0000000000 101.1987090825 127.2103457377
Cornelis 902.4896265560 0.0000000000 97.5103734440 127.2103457377
Daan 875.1469945906 127.2103457377 124.8530054094 153.8420946022
Daniël 875.1469945906 281.0524403399 124.8530054094 148.4400057841
David 875.1469945906 429.4924461240 124.8530054094 108.7463966425
Dylan 875.1469945906 538.2388427665 124.8530054094 104.0489281050
Eline 875.1469945906 642.2877708715 124.8530054094 116.9669665831
Emma 875.1469945906 759.2547374545 124.8530054094 109.9207637768
Eva 875.1469945906 869.1755012314 124.8530054094 130.8244987686
Femke 741.7107686082 885.5022747873 133.4362259824 114.4977252127
Fleur 653.0947720825 885.5022747873 88.6159965257 114.4977252127
Floris 578.5651333861 885.5022747873 74.5296386965 114.4977252127
Gijs 488.4124432790 885.5022747873 90.1526901071 114.4977252127
Ilse 409.2727238384 885.5022747873 79.1397194406 114.4977252127
Iris 190.5500040900 885.5022747873 218.7227197484 114.4977252127
Jan 0.0000000000 885.5022747873 190.5500040900 114.4977252127
Jasper 0.0000000000 750.4813044264 115.9772795748 135.0209703610
Jelle 0.0000000000 596.7495628918 115.9772795748 153.7317415346
Jesse 0.0000000000 423.2956571472 115.9772795748 173.4539057446
Johanna 0.0000000000 301.6756445187 115.9772795748 121.6200126285
Johannes 0.0000000000 127.2103457377 115.9772795748 174.4652987810
Joris 115.9772795748 127.2103457377 63.8905205706 132.6460437245
Julia 179.8678001454 127.2103457377 125.1281475536 132.6460437245
Koen 304.9959476990 127.2103457377 128.4442645382 132.6460437245
Lars 433.4402122372 127.2103457377 167.3533704913 132.6460437245
Lieke 600.7935827284 127.2103457377 61.6797759142 132.6460437245
Lisa 662.4733586427 127.2103457377 212.6736359479 132.6460437245
Lotte 772.5463582895 259.8563894622 102.6006363011 178.3476621484
Lucas 772.5463582895 438.2040516106 102.6006363011 88.6022039519
Luuk 772.5463582895 526.8062555626 102.6006363011 134.6181872947
Maria 772.5463582895 661.4244428573 102.6006363011 153.4818823296
Maud 772.5463582895 814.9063251869 102.6006363011 70.5959496004
Max 598.1415729862 759.0599917094 174.4047853032 126.4422830779
Merel 501.4304087955 759.0599917094 96.7111641908 126.4422830779
Mohamed 433.9413229933 759.0599917094 67.4890858022 126.4422830779
Naomi 298.2673876178 759.0599917094 135.6739353755 126.4422830779
Nick 115.9772795748 759.0599917094 182.2901080430 126.4422830779
Niels 115.9772795748 545.5535934284 105.2084834909 213.5063982811
Nikki 115.9772795748 479.4948252918 105.2084834909 66.0587681366
Nina 115.9772795748 379.4311216588 105.2084834909 100.0637036330
Pieter 115.9772795748 259.8563894622 105.2084834909 119.5747321966
Robin 221.1857630657 259.8563894622 312.2674976036 103.3935438705
Roos 533.4532606693 259.8563894622 58.7096930099 103.3935438705
Ruben 592.1629536792 259.8563894622 180.3834046102 103.3935438705
Sanne 643.1151623937 363.2499333327 129.4311958957 226.5655743427
Sarah 643.1151623937 589.8155076754 129.4311958957 74.5400739587
Sophie 643.1151623937 664.3555816342 129.4311958957 94.7044100752
Stijn 541.8701860151 629.3010138360 101.2449763787 129.7589778735
Sven 444.0151083991 629.3010138360 97.8550776160 129.7589778735
Tessa 326.4986179596 629.3010138360 117.5164904395 129.7589778735
Thijs 221.1857630657 629.3010138360 105.3128548939 129.7589778735
Thomas 221.1857630657 491.7928278746 242.0472729688 137.5081859614
Tim 221.1857630657 363.2499333327 242.0472729688 128.5428945419
Tom 463.2330360344 363.2499333327 179.8821263593 124.7114439859
Vera 565.7264275241 487.9613773186 77.3887348697 141.3396365174
Willem 463.2330360344 487.9613773186 102.4933914896 141.3396365174

Amber 0.0000000000 0.0000000000 120.5457137039 149.5159227912
Anne 120.5457137039 0.0000000000 194.0541641214 149.5159227912
Anouk 314.5998778253 0.0000000000 122.5819588678 149.5159227912
Bas 437.1818366931 0.0000000000 128.4870698432 149.5159227912
Bram 565.6689065363 0.0000000000 112.4007330483 149.5159227912
Charlotte 678.0696395846 0.0000000000 95.2962736714 149.5159227912
Cornelis 773.3659132560 0.0000000000 91.2237833435 149.5159227912
Daan 864.5896965995 0.0000000000 135.4103034005 149.5159227912
Daniël 882.2265974584 149.5159227912 117.7734025416 143.7292239903
David 882.2265974584 293.2451467815 117.7734025416 119.1711731286
Dylan 882.2265974584 412.4163199102 117.7734025416 94.6131222670
Eline 882.2265974584 507.0294421772 117.7734025416 120.4637021214
Emma 882.2265974584 627.4931442985 117.7734025416 111.6745049709
Eva 882.2265974584 739.1676492694 117.7734025416 146.5727877743
Femke 882.2265974584 885.7404370437 117.7734025416 114.2595629563
Fleur 815.3154843988 872.1426858974 66.9111130596 127.8573141026
Floris 746.9756642988 872.1426858974 68.3398201000 127.8573141026
Gijs 676.2546657981 872.1426858974 70.7209985007 127.8573141026
Ilse 606.9623743378 872.1426858974 69.2922914603 127.8573141026
Iris 412.8963346809 872.1426858974 194.0660396568 127.8573141026
Jan 250.2618499133 872.1426858974 162.6344847676 127.8573141026
Jasper 122.6306876359 872.1426858974 127.6311622774 127.8573141026
Jelle 0.0000000000 872.1426858974 122.6306876359 127.8573141026
Jesse 0.0000000000 738.0238763575 135.7466139929 134.1188095399
Johanna 0.0000000000 619.8288719637 135.7466139929 118.1950043938
Johannes 0.0000000000 438.3872048771 135.7466139929 181.4416670866
Joris 0.0000000000 365.4965475185 135.7466139929 72.8906573586
Julia 0.0000000000 274.8878534481 135.7466139929 90.6086940704
Koen 0.0000000000 149.5159227912 135.7466139929 125.3719306568
Lars 135.7466139929 149.5159227912 191.9446640193 118.6432584872
Lieke 327.6912780122 149.5159227912 68.7716175898 118.6432584872
Lisa 396.4628956020 149.5159227912 253.5311872341 118.6432584872
Lotte 649.9940828361 149.5159227912 152.9398659833 118.6432584872
Lucas 802.9339488194 149.5159227912 79.2926486390 118.6432584872
Luuk 764.3241947758 268.1591812784 117.9024026825 101.2234005176
Maria 764.3241947758 369.3825817960 117.9024026825 171.9764916957
Maud 764.3241947758 541.3590734917 117.9024026825 64.0392942050
Max 764.3241947758 605.3983676967 117.9024026825 174.3004983402
Merel 764.3241947758 779.6988660369 117.9024026825 92.4438198605
Mohamed 685.2138314410 758.9987029952 79.1103633348 113.1439829022
Naomi 525.1095246919 758.9987029952 160.1043067491 113.1439829022
Nick 332.1771079876 758.9987029952 192.9324167044 113.1439829022
Niels 135.7466139929 758.9987029952 196.4304939947 113.1439829022
Nikki 135.7466139929 712.9675913862 127.6507461270 46.0311116090
Nina 135.7466139929 628.0604632370 127.6507461270 84.9071281493
Pieter 135.7466139929 525.0270942468 127.6507461270 103.0333689901
Robin 135.7466139929 268.1591812784 127.6507461270 256.8679129684
Roos 263.3973601199 268.1591812784 55.0922439278 125.4448703348
Ruben 318.4896040477 268.1591812784 140.2789294724 125.4448703348
Sanne 458.7685335201 268.1591812784 232.7465283115 125.4448703348
Sarah 691.5150618317 268.1591812784 72.8091329442 125.4448703348
Sophie 672.0876668377 393.6040516132 92.2365279381 118.4974524356
Stijn 672.0876668377 512.1015040487 92.2365279381 130.0501288569
Sven 672.0876668377 642.1516329056 92.2365279381 116.8470700897
Tessa 567.9819680337 597.5695063500 104.1056988040 161.4291966453
Thijs 475.7578978976 597.5695063500 92.2240701361 161.4291966453
Thomas 263.3973601199 597.5695063500 212.3605377777 161.4291966453
Tim 263.3973601199 393.6040516132 168.3720474718 203.9654547368
Tom 431.7694075917 393.6040516132 161.4777894376 136.3148008055
Vera 593.2471970293 393.6040516132 78.8404698084 136.3148008055
Willem 431.7694075917 529.9188524186 240.3182592460 67.6506539313

Amber 0.0000000000 0.0000000000 115.3681506849 143.9620374079
Anne 115.3681506849 0.0000000000 197.1318493151 143.9620374079
Anouk 312.5000000000 0.0000000000 127.3544520548 143.9620374079
Bas 439.8544520548 0.0000000000 126.9263698630 143.9620374079
Bram 566.7808219178 0.0000000000 113.2277397260 143.9620374079
Charlotte 680.0085616438 0.0000000000 105.0941780822 143.9620374079
Cornelis 785.1027397260 0.0000000000 105.9503424658 143.9620374079
Daan 891.0530821918 0.0000000000 108.9469178082 143.9620374079
Daniël 883.3375328462 143.9620374079 116.6624671538 156.0994865449
David 883.3375328462 300.0615239528 116.6624671538 117.5368384306
Dylan 883.3375328462 417.5983623834 116.6624671538 107.4999848118
Eline 883.3375328462 525.0983471952 116.6624671538 133.3845020392
Emma 883.3375328462 658.4828492343 116.6624671538 100.8967916415
Eva 883.3375328462 759.3796408759 116.6624671538 147.3832715601
Femke 883.3375328462 906.7629124360 116.6624671538 93.2370875640
Fleur 802.5936998621 885.5127712621 80.7438329841 114.4872287379
Floris 740.4209484643 885.5127712621 62.1727513978 114.4872287379
Gijs 671.7886904278 885.5127712621 68.6322580365 114.4872287379
Ilse 596.1586335327 885.5127712621 75.6300568951 114.4872287379
Iris 357.6951801196 885.5127712621 238.4634534131 114.4872287379
Jan 155.8355976593 885.5127712621 201.8595824603 114.4872287379
Jasper 0.0000000000 885.5127712621 155.8355976593 114.4872287379
Jelle 0.0000000000 759.6112212635 131.1833940726 125.9015499987
Jesse 0.0000000000 620.5557779813 131.1833940726 139.0554432821
Johanna 0.0000000000 493.7146641767 131.1833940726 126.8411138046
Johannes 0.0000000000 306.2716848876 131.1833940726 187.4429792891
Joris 0.0000000000 228.9925618474 131.1833940726 77.2791230402
Julia 0.0000000000 143.9620374079 131.1833940726 85.0305244394
Koen 131.1833940726 143.9620374079 136.7552979588 122.1237908193
Lars 267.9386920314 143.9620374079 157.6975299341 122.1237908193
Lieke 425.6362219655 143.9620374079 63.0790119736 122.1237908193
Lisa 488.7152339391 143.9620374079 249.2882553198 122.1237908193
Lotte 738.0034892589 143.9620374079 145.3340435872 122.1237908193
Lucas 774.9417743549 266.0858282272 108.3957584912 64.5295622161
Luuk 774.9417743549 330.6153904433 108.3957584912 105.4646148995
Maria 774.9417743549 436.0800053428 108.3957584912 196.9999410386
Maud 774.9417743549 633.0799463814 108.3957584912 69.3621726024
Max 774.9417743549 702.4421189838 108.3957584912 183.0706522783
Merel 697.7674636882 756.9461404769 77.1743106668 128.5666307852
Mohamed 640.7255818910 756.9461404769 57.0418817972 128.5666307852
Naomi 499.3192362594 756.9461404769 141.4063456316 128.5666307852
Nick 315.2513151660 756.9461404769 184.0679210934 128.5666307852
Niels 131.1833940726 756.9461404769 184.0679210934 128.5666307852
Nikki 131.1833940726 705.3603576618 135.5941590843 51.5857828151
Nina 131.1833940726 622.4140548973 135.5941590843 82.9463027644
Pieter 131.1833940726 520.8332402790 135.5941590843 101.5808146183
Robin 131.1833940726 266.0858282272 135.5941590843 254.7474120518
Roos 266.7775531569 266.0858282272 57.5464281203 126.3684855748
Ruben 324.3239812773 266.0858282272 163.3733340704 126.3684855748
Sanne 487.6973153476 266.0858282272 223.3581701619 126.3684855748
Sarah 711.0554855095 266.0858282272 63.8862888454 126.3684855748
Sophie 683.9777580500 392.4543138020 90.9640163049 115.1739972764
Stijn 683.9777580500 507.6283110785 90.9640163049 119.2389618862
Sven 683.9777580500 626.8672729647 90.9640163049 130.0788675122
Tessa 567.9117235202 592.6109197370 116.0660345298 164.3352207399
Thijs 487.0967624825 592.6109197370 80.8149610377 164.3352207399
Thomas 266.7775531569 592.6109197370 220.3192093255 164.3352207399
Tim 266.7775531569 392.4543138020 150.4076015426 200.1566059349
Tom 417.1851546996 392.4543138020 182.4695525506 133.7457297592
Vera 599.6547072501 392.4543138020 84.3230507999 133.7457297592
Willem 417.1851546996 526.2000435612 266.7926033504 66.4108761758

Amber 0.0000000000 0.0000000000 105.9024078415 145.7951474106
Anne 105.9024078415 0.0000000000 191.9880673343 145.7951474106
Anouk 297.8904751758 0.0000000000 139.5695717025 145.7951474106
Bas 437.4600468783 0.0000000000 123.1621564032 145.7951474106
Bram 560.6222032815 0.0000000000 108.0332409972 145.7951474106
Charlotte 668.6554442787 0.0000000000 107.6070743661 145.7951474106
Cornelis 776.2625186448 0.0000000000 108.6724909440 145.7951474106
Daan 884.9350095887 0.0000000000 115.0649904113 145.7951474106
Daniël 886.3471050335 145.7951474106 113.6528949665 156.9003473236
David 886.3471050335 302.6954947342 113.6528949665 103.3246189692
Dylan 886.3471050335 406.0201137034 113.6528949665 115.0784777408
Eline 886.3471050335 521.0985914443 113.6528949665 146.2398707633
Emma 886.3471050335 667.3384622076 113.6528949665 95.9442890428
Eva 886.3471050335 763.2827512504 113.6528949665 147.0599074218
Femke 886.3471050335 910.3426586722 113.6528949665 89.6573413278
Fleur 810.2255301306 880.8298182757 76.1215749029 119.1701817243
Floris 742.4460456280 880.8298182757 67.7794845026 119.1701817243
Gijs 679.0982966506 880.8298182757 63.3477489774 119.1701817243
Ilse 595.1560119975 880.8298182757 83.9422846532 119.1701817243
Iris 326.6449772373 880.8298182757 268.5110347601 119.1701817243
Jan 134.7768980301 880.8298182757 191.8680792072 119.1701817243
Jasper 0.0000000000 880.8298182757 134.7768980301 119.1701817243
Jelle 0.0000000000 765.1594774880 126.5002568006 115.6703407877
Jesse 0.0000000000 626.4041854604 126.5002568006 138.7552920276
Johanna 0.0000000000 464.0727730174 126.5002568006 162.3314124430
Johannes 0.0000000000 236.6614448446 126.5002568006 227.4113281727
Joris 0.0000000000 145.7951474106 126.5002568006 90.8662974340
Julia 126.5002568006 145.7951474106 59.3593398402 131.3642450489
Koen 185.8595966408 145.7951474106 143.3137846340 131.3642450489
Lars 329.1733812748 145.7951474106 137.8744825770 131.3642450489
Lieke 467.0478638517 145.7951474106 58.6498656588 131.3642450489
Lisa 525.6977295105 145.7951474106 245.0050839618 131.3642450489
Lotte 770.7028134723 145.7951474106 115.6442915611 131.3642450489
Lucas 776.9373929208 277.1593924595 109.4097121126 71.8384843516
Luuk 776.9373929208 348.9978768111 109.4097121126 101.6528750904
Maria 776.9373929208 450.6507519015 109.4097121126 219.4907051533
Maud 776.9373929208 670.1414570548 109.4097121126 57.0732622714
Max 776.9373929208 727.2147193262 109.4097121126 153.6150989494
Merel 691.2760493337 754.2591537917 85.6613435872 126.5706644840
Mohamed 631.3867432154 754.2591537917 59.8893061182 126.5706644840
Naomi 501.7902119432 754.2591537917 129.5965312723 126.5706644840
Nick 304.9409352758 754.2591537917 196.8492766673 126.5706644840
Niels 126.5002568006 754.2591537917 178.4406784752 126.5706644840
Nikki 126.5002568006 698.4710619615 139.2165979603 55.7880918302
Nina 126.5002568006 636.8810085809 139.2165979603 61.5900533806
Pieter 126.5002568006 539.5865764290 139.2165979603 97.2944321519
Robin 126.5002568006 277.1593924595 139.2165979603 262.4271839694
Roos 265.7168547609 277.1593924595 66.7142802299 121.5385966965
Ruben 332.4311349907 277.1593924595 161.8013003276 121.5385966965
Sanne 494.2324353184 277.1593924595 215.7350671035 121.5385966965
Sarah 709.9675024219 277.1593924595 66.9698904990 121.5385966965
Sophie 691.1369197584 398.6979891560 85.8004731624 115.5030667197
Stijn 691.1369197584 514.2010558758 85.8004731624 110.7960451920
Sven 691.1369197584 624.9971010677 85.8004731624 129.2620527240
Tessa 580.9887880615 596.5970970145 110.1481316969 157.6620567772
Thijs 500.3974001115 596.5970970145 80.5913879500 157.6620567772
Thomas 265.7168547609 596.5970970145 234.6805453507 157.6620567772
Tim 265.7168547609 398.6979891560 164.6736709160 197.8991078584
Tom 430.3905256769 398.6979891560 187.1212176467 137.1353841933
Vera 617.5117433236 398.6979891560 73.6251764348 137.1353841933
Willem 430.3905256769 535.8333733493 260.7463940815 60.7637236651

