new shellcheck 53
ellcheck.hs 621.1453744493 916.1123429416 378.8546255507 83.8876570584
ellCheck/Analytics.hs 210.3250478011 0.0000000000 789.6749521989 386.5484109387
ellCheck/AST.hs 0.0000000000 0.0000000000 210.3250478011 386.5484109387
ellCheck/Parser.hs 34.1939986043 386.5484109387 965.8060013957 529.5639320030
ellCheck/Simple.hs 0.0000000000 386.5484109387 34.1939986043 529.5639320030
kefile 524.2290748899 916.1123429416 96.9162995595 83.8876570584
oncheck.hs 383.2599118943 916.1123429416 140.9691629956 83.8876570584
st/quackCheck.hs 0.0000000000 916.1123429416 286.3436123348 83.8876570584
st/runQuack 286.3436123348 916.1123429416 96.9162995595 83.8876570584

ellcheck.hs 621.1453744493 922.3666210670 378.8546255507 77.6333789330
ellCheck/Analytics.hs 201.8819503849 0.0000000000 798.1180496151 399.7948016416
ellCheck/AST.hs 0.0000000000 0.0000000000 201.8819503849 399.7948016416
ellCheck/Parser.hs 32.0680628272 399.7948016416 967.9319371728 522.5718194254
ellCheck/Simple.hs 0.0000000000 399.7948016416 32.0680628272 522.5718194254
kefile 524.2290748899 922.3666210670 96.9162995595 77.6333789330
oncheck.hs 383.2599118943 922.3666210670 140.9691629956 77.6333789330
st/quackCheck.hs 0.0000000000 922.3666210670 286.3436123348 77.6333789330
st/runQuack 286.3436123348 922.3666210670 96.9162995595 77.6333789330

ellcheck.hs 621.1453744493 923.7487403426 378.8546255507 76.2512596574
ellCheck/Analytics.hs 195.8506224066 0.0000000000 804.1493775934 404.7699025865
ellCheck/AST.hs 0.0000000000 0.0000000000 195.8506224066 404.7699025865
ellCheck/Parser.hs 31.7152103560 404.7699025865 968.2847896440 518.9788377561
ellCheck/Simple.hs 0.0000000000 404.7699025865 31.7152103560 518.9788377561
kefile 524.2290748899 923.7487403426 96.9162995595 76.2512596574
oncheck.hs 383.2599118943 923.7487403426 140.9691629956 76.2512596574
st/quackCheck.hs 0.0000000000 923.7487403426 286.3436123348 76.2512596574
st/runQuack 286.3436123348 923.7487403426 96.9162995595 76.2512596574

ellcheck.hs 621.1453744493 925.1319261214 378.8546255507 74.8680738786
ellCheck/Analytics.hs 188.8000000000 0.0000000000 811.2000000000 412.2691292876
ellCheck/AST.hs 0.0000000000 0.0000000000 188.8000000000 412.2691292876
ellCheck/Parser.hs 31.5112540193 412.2691292876 968.4887459807 512.8627968338
ellCheck/Simple.hs 0.0000000000 412.2691292876 31.5112540193 512.8627968338
kefile 524.2290748899 925.1319261214 96.9162995595 74.8680738786
oncheck.hs 383.2599118943 925.1319261214 140.9691629956 74.8680738786
st/quackCheck.hs 0.0000000000 925.1319261214 286.3436123348 74.8680738786
st/runQuack 286.3436123348 925.1319261214 96.9162995595 74.8680738786

ellcheck.hs 621.1453744493 926.1788617886 378.8546255507 73.8211382114
ellCheck/Analytics.hs 183.9438815277 0.0000000000 816.0561184723 417.2357723577
ellCheck/AST.hs 0.0000000000 0.0000000000 183.9438815277 417.2357723577
ellCheck/Parser.hs 31.3099041534 417.2357723577 968.6900958466 508.9430894309
ellCheck/Simple.hs 0.0000000000 417.2357723577 31.3099041534 508.9430894309
kefile 524.2290748899 926.1788617886 96.9162995595 73.8211382114
oncheck.hs 383.2599118943 926.1788617886 140.9691629956 73.8211382114
st/quackCheck.hs 0.0000000000 926.1788617886 286.3436123348 73.8211382114
st/runQuack 286.3436123348 926.1788617886 96.9162995595 73.8211382114

ellcheck.hs 621.1453744493 931.2329597092 378.8546255507 68.7670402908
ellCheck/Analytics.hs 161.8655692730 0.0000000000 838.1344307270 441.6843380794
ellCheck/AST.hs 0.0000000000 0.0000000000 161.8655692730 441.6843380794
ellCheck/Parser.hs 30.3217821782 441.6843380794 969.6782178218 489.5486216298
ellCheck/Simple.hs 0.0000000000 441.6843380794 30.3217821782 489.5486216298
kefile 524.2290748899 931.2329597092 96.9162995595 68.7670402908
oncheck.hs 383.2599118943 931.2329597092 140.9691629956 68.7670402908
st/quackCheck.hs 0.0000000000 931.2329597092 286.3436123348 68.7670402908
st/runQuack 286.3436123348 931.2329597092 96.9162995595 68.7670402908

ellcheck.hs 624.4541484716 933.8914549654 375.5458515284 66.1085450346
ellCheck/Analytics.hs 149.1504090623 0.0000000000 850.8495909377 458.7182448037
ellCheck/AST.hs 0.0000000000 0.0000000000 149.1504090623 458.7182448037
ellCheck/Parser.hs 29.7691373026 458.7182448037 970.2308626974 475.1732101617
ellCheck/Simple.hs 0.0000000000 458.7182448037 29.7691373026 475.1732101617
kefile 519.6506550218 933.8914549654 104.8034934498 66.1085450346
oncheck.hs 379.9126637555 933.8914549654 139.7379912664 66.1085450346
st/quackCheck.hs 0.0000000000 933.8914549654 283.8427947598 66.1085450346
st/runQuack 283.8427947598 933.8914549654 96.0698689956 66.1085450346

ellcheck.hs 624.4541484716 942.0546558704 375.5458515284 57.9453441296
ellCheck/Analytics.hs 168.2098765432 0.0000000000 831.7901234568 491.9028340081
ellCheck/AST.hs 0.0000000000 0.0000000000 168.2098765432 491.9028340081
ellCheck/Parser.hs 27.5435637999 491.9028340081 972.4564362001 450.1518218623
ellCheck/Simple.hs 0.0000000000 491.9028340081 27.5435637999 450.1518218623
kefile 519.6506550218 942.0546558704 104.8034934498 57.9453441296
oncheck.hs 379.9126637555 942.0546558704 139.7379912664 57.9453441296
st/quackCheck.hs 0.0000000000 942.0546558704 283.8427947598 57.9453441296
st/runQuack 283.8427947598 942.0546558704 96.0698689956 57.9453441296

ellcheck.hs 624.4541484716 944.2007797271 375.5458515284 55.7992202729
ellCheck/Analytics.hs 159.6719729860 0.0000000000 840.3280270140 505.1169590643
ellCheck/AST.hs 0.0000000000 0.0000000000 159.6719729860 505.1169590643
ellCheck/Parser.hs 27.1920088790 505.1169590643 972.8079911210 439.0838206628
ellCheck/Simple.hs 0.0000000000 505.1169590643 27.1920088790 439.0838206628
kefile 519.6506550218 944.2007797271 104.8034934498 55.7992202729
oncheck.hs 379.9126637555 944.2007797271 139.7379912664 55.7992202729
st/quackCheck.hs 0.0000000000 944.2007797271 283.8427947598 55.7992202729
st/runQuack 283.8427947598 944.2007797271 96.0698689956 55.7992202729

ellcheck.hs 622.8070175439 945.3237410072 377.1929824561 54.6762589928
ellCheck/Analytics.hs 162.0166421929 0.0000000000 837.9833578071 489.9280575540
ellCheck/AST.hs 0.0000000000 0.0000000000 162.0166421929 489.9280575540
ellCheck/Data.hs 964.7182727751 489.9280575540 35.2817272249 455.3956834532
ellCheck/Parser.hs 0.0000000000 502.1084006158 964.7182727751 443.2153403914
ellCheck/Simple.hs 0.0000000000 489.9280575540 964.7182727752 12.1803430618
kefile 521.9298245614 945.3237410072 100.8771929825 54.6762589928
oncheck.hs 381.5789473684 945.3237410072 140.3508771930 54.6762589928
st/quackCheck.hs 0.0000000000 945.3237410072 285.0877192982 54.6762589928
st/runQuack 285.0877192982 945.3237410072 96.4912280702 54.6762589928

ellcheck.hs 625.5506607930 946.1319411486 374.4493392070 53.8680588514
ellCheck/Analytics.hs 163.8554216867 0.0000000000 836.1445783133 492.4062648315
ellCheck/AST.hs 0.0000000000 0.0000000000 163.8554216867 492.4062648315
ellCheck/Data.hs 964.9581589958 492.4062648315 35.0418410042 453.7256763170
ellCheck/Parser.hs 0.0000000000 504.4564318448 964.9581589958 441.6755093037
ellCheck/Simple.hs 0.0000000000 492.4062648315 964.9581589958 12.0501670133
kefile 524.2290748899 946.1319411486 101.3215859031 53.8680588514
oncheck.hs 383.2599118943 946.1319411486 140.9691629956 53.8680588514
st/quackCheck.hs 0.0000000000 946.1319411486 286.3436123348 53.8680588514
st/runQuack 286.3436123348 946.1319411486 96.9162995595 53.8680588514

ellcheck.hs 283.8196286472 915.7353598570 716.1803713528 84.2646401430
ellCheck/Analytics.hs 157.4803149606 0.0000000000 842.5196850394 482.5659365221
ellCheck/AST.hs 0.0000000000 0.0000000000 157.4803149606 482.5659365221
ellCheck/Data.hs 961.8163054696 482.5659365221 38.1836945304 433.1694233348
ellCheck/Parser.hs 0.0000000000 494.1852880064 961.8163054696 421.5500718505
ellCheck/Simple.hs 0.0000000000 482.5659365221 961.8163054696 11.6193514843
kefile 230.7692307692 915.7353598570 53.0503978780 84.2646401430
st/quackCheck.hs 0.0000000000 915.7353598570 172.4137931034 84.2646401430
st/runQuack 172.4137931034 915.7353598570 58.3554376658 84.2646401430

ellcheck.hs 291.3385826772 917.1919148011 708.6614173228 82.8080851989
ellCheck/Analytics.hs 151.3802315227 0.0000000000 848.6197684773 488.1547489676
ellCheck/AST.hs 0.0000000000 0.0000000000 151.3802315227 488.1547489676
ellCheck/Data.hs 962.5126646403 488.1547489676 37.4873353597 429.0371658335
ellCheck/Parser.hs 0.0000000000 499.4452007001 962.5126646403 417.7467141011
ellCheck/Simple.hs 0.0000000000 488.1547489676 962.5126646403 11.2904517325
kefile 228.3464566929 917.1919148011 62.9921259843 82.8080851989
st/quackCheck.hs 0.0000000000 917.1919148011 170.6036745407 82.8080851989
st/runQuack 170.6036745407 917.1919148011 57.7427821522 82.8080851989

ellcheck.hs 295.0391644909 920.5394190871 704.9608355091 79.4605809129
ellCheck/Analytics.hs 146.0101867572 0.0000000000 853.9898132428 488.7966804979
ellCheck/AST.hs 0.0000000000 0.0000000000 146.0101867572 488.7966804979
ellCheck/Data.hs 964.4401729938 488.7966804979 35.5598270062 431.7427385892
ellCheck/Parser.hs 0.0000000000 503.2096169630 964.4401729938 417.3298021241
ellCheck/Simple.hs 0.0000000000 488.7966804979 964.4401729938 14.4129364651
kefile 231.2469127091 921.9458010502 63.7922517818 78.0541989498
st/quackCheck.hs 0.0000000000 921.9458010502 172.7706819091 78.0541989498
st/runQuack 172.7706819091 921.9458010502 58.4762308000 78.0541989498
tup.hs 0.0000000000 920.5394190871 295.0391644909 1.4063819631

ellcheck.hs 272.9468599034 919.9535962877 727.0531400966 80.0464037123
ellCheck/Analytics.hs 134.4761904762 0.0000000000 865.5238095238 507.5406032483
ellCheck/AST.hs 0.0000000000 0.0000000000 134.4761904762 507.5406032483
ellCheck/Data.hs 964.3694327239 507.5406032483 35.6305672761 412.4129930394
ellCheck/Parser.hs 0.0000000000 520.9735981601 964.3694327239 398.9799981276
ellCheck/Simple.hs 0.0000000000 507.5406032483 964.3694327239 13.4329949118
kefile 213.9313226270 921.3703467959 59.0155372764 78.6296532041
st/quackCheck.hs 0.0000000000 921.3703467959 159.8337467903 78.6296532041
st/runQuack 159.8337467903 921.3703467959 54.0975758367 78.6296532041
tup.hs 0.0000000000 919.9535962877 272.9468599034 1.4167505082

ellcheck.hs 272.9468599034 923.4891886897 727.0531400966 76.5108113103
ellCheck/Analytics.hs 124.8241912799 0.0000000000 875.1758087201 525.5960081316
ellCheck/AST.hs 0.0000000000 0.0000000000 124.8241912799 525.5960081316
ellCheck/Data.hs 964.7004180214 525.5960081316 35.2995819786 397.8931805581
ellCheck/Parser.hs 0.0000000000 538.4312720206 964.7004180214 385.0579166692
ellCheck/Simple.hs 0.0000000000 525.5960081316 964.7004180214 12.8352638890
kefile 213.9313226270 924.8433623412 59.0155372764 75.1566376588
st/quackCheck.hs 0.0000000000 924.8433623412 159.8337467903 75.1566376588
st/runQuack 159.8337467903 924.8433623412 54.0975758367 75.1566376588
tup.hs 0.0000000000 923.4891886897 272.9468599034 1.3541736515

ellcheck.hs 272.9468599034 926.2163607200 727.0531400966 73.7836392800
ellCheck/Analytics.hs 117.8417742469 0.0000000000 882.1582257531 538.4067011228
ellCheck/AST.hs 0.0000000000 0.0000000000 117.8417742469 538.4067011228
ellCheck/Data.hs 961.3970588235 538.4067011228 38.6029411765 387.8096595972
ellCheck/Parser.hs 0.0000000000 550.8269913680 961.3970588235 375.3893693520
ellCheck/Simple.hs 0.0000000000 538.4067011228 961.3970588235 12.4202902452
kefile 213.9313226270 927.5222658400 59.0155372764 72.4777341600
st/quackCheck.hs 0.0000000000 927.5222658400 159.8337467903 72.4777341600
st/runQuack 159.8337467903 927.5222658400 54.0975758367 72.4777341600
tup.hs 0.0000000000 926.2163607200 272.9468599034 1.3059051200

ellcheck.hs 127.5362318841 939.9582318134 872.4637681159 60.0417681866
ellCheck/Analytics.hs 112.5158027813 0.0000000000 887.4841972187 550.6439262095
ellCheck/AST.hs 0.0000000000 0.0000000000 112.5158027813 550.6439262095
ellCheck/Data.hs 961.1086276263 550.6439262095 38.8913723737 389.3143056039
ellCheck/Parser.hs 0.0000000000 563.6814285367 961.1086276263 376.2768032767
ellCheck/Simple.hs 0.0000000000 550.6439262095 961.1086276263 13.0375023272
kefile 48.5852311939 942.6874030946 78.9510006901 57.3125969054
st/shellcheck.hs 0.0000000000 942.6874030946 48.5852311939 57.3125969054
tup.hs 0.0000000000 939.9582318134 127.5362318841 2.7291712812

ellcheck.hs 56.4263322884 945.1513067400 943.5736677116 54.8486932600
ellCheck/Analytics.hs 109.2929916641 0.0000000000 890.7070083359 556.9119669876
ellCheck/AST.hs 0.0000000000 0.0000000000 109.2929916641 556.9119669876
ellCheck/Data.hs 961.4703277236 556.9119669876 38.5296722764 388.2393397524
ellCheck/Parser.hs 0.0000000000 569.7877074124 961.4703277236 375.3635993276
ellCheck/Simple.hs 0.0000000000 556.9119669876 961.4703277236 12.8757404248
st/shellcheck.hs 0.0000000000 951.2456059911 56.4263322884 48.7543940089
tup.hs 0.0000000000 945.1513067400 56.4263322884 6.0942992511

ellcheck.hs 56.4263322884 945.7667460048 943.5736677116 54.2332539952
ellCheck/Analytics.hs 107.3703366697 0.0000000000 892.6296633303 560.5236314179
ellCheck/AST.hs 0.0000000000 0.0000000000 107.3703366697 560.5236314179
ellCheck/Data.hs 961.6063548102 560.5236314179 38.3936451898 385.2431145869
ellCheck/Parser.hs 0.0000000000 573.2530964249 961.6063548102 372.5136495799
ellCheck/Simple.hs 0.0000000000 560.5236314179 961.6063548102 12.7294650070
st/shellcheck.hs 0.0000000000 951.7926631153 56.4263322884 48.2073368847
tup.hs 0.0000000000 945.7667460048 56.4263322884 6.0259171106

ellcheck.hs 49.8614958449 939.4091977174 950.1385041551 60.5908022826
ellCheck/Analytics.hs 107.6598311218 0.0000000000 892.3401688782 556.5626049010
ellCheck/AST.hs 0.0000000000 0.0000000000 107.6598311218 556.5626049010
ellCheck/Data.hs 955.7211749233 556.5626049010 44.2788250767 329.7787482676
ellCheck/Options.hs 955.7211749233 886.3413531685 44.2788250767 53.0678445488
ellCheck/Parser.hs 0.0000000000 570.0851680417 955.7211749233 369.3240296756
ellCheck/Simple.hs 0.0000000000 556.5626049010 955.7211749233 13.5225631408
st/shellcheck.hs 0.0000000000 946.1415090821 49.8614958449 53.8584909179
tup.hs 0.0000000000 939.4091977174 49.8614958449 6.7323113647

ellcheck.hs 49.1803278689 938.7959866221 950.8196721311 61.2040133779
ellCheck/Analytics.hs 107.1107110711 0.0000000000 892.8892889289 557.3578595318
ellCheck/AST.hs 0.0000000000 0.0000000000 107.1107110711 557.3578595318
ellCheck/Data.hs 955.7211749233 557.3578595318 44.2788250767 328.5655154144
ellCheck/Options.hs 955.7211749233 885.9233749462 44.2788250767 52.8726116759
ellCheck/Parser.hs 0.0000000000 570.8306741125 955.7211749233 367.9653125096
ellCheck/Simple.hs 0.0000000000 557.3578595318 955.7211749233 13.4728145807
st/shellcheck.hs 0.0000000000 945.5964325530 49.1803278689 54.4035674470
tup.hs 0.0000000000 938.7959866221 49.1803278688 6.8004459309

ellcheck.hs 49.1803278689 939.2833443928 950.8196721311 60.7166556072
ellCheck/Analytics.hs 106.1236623068 0.0000000000 893.8763376932 558.0623755806
ellCheck/AST.hs 0.0000000000 0.0000000000 106.1236623068 558.0623755806
ellCheck/Data.hs 956.0487380331 558.0623755806 43.9512619669 328.3784582838
ellCheck/Options.hs 956.0487380331 886.4408338644 43.9512619669 52.8425105284
ellCheck/Parser.hs 0.0000000000 571.4233289709 956.0487380331 367.8600154219
ellCheck/Simple.hs 0.0000000000 558.0623755806 956.0487380331 13.3609533903
st/shellcheck.hs 0.0000000000 946.0296394603 49.1803278689 53.9703605397
tup.hs 0.0000000000 939.2833443928 49.1803278689 6.7462950675

ellcheck.hs 49.1803278689 940.0393184797 950.8196721311 59.9606815203
ellCheck/Analytics.hs 104.7842676842 0.0000000000 895.2157323158 558.1585845347
ellCheck/AST.hs 0.0000000000 0.0000000000 104.7842676842 558.1585845347
ellCheck/Data.hs 956.6709566710 558.1585845347 43.3290433290 328.9467708239
ellCheck/Options.hs 956.6709566710 887.1053553586 43.3290433290 52.9339631211
ellCheck/Parser.hs 0.0000000000 571.3446009086 956.6709566710 368.6947175711
ellCheck/Simple.hs 0.0000000000 558.1585845347 956.6709566709 13.1860163739
st/shellcheck.hs 0.0000000000 946.7016164264 49.1803278689 53.2983835736
tup.hs 0.0000000000 940.0393184797 49.1803278688 6.6622979467

ellcheck.hs 49.1803278689 940.1471790679 950.8196721311 59.8528209321
ellCheck/Analytics.hs 104.4470450556 0.0000000000 895.5529549444 558.9533932952
ellCheck/AST.hs 0.0000000000 0.0000000000 104.4470450556 558.9533932952
ellCheck/Data.hs 956.6709566710 558.9533932952 43.3290433290 328.3550431903
ellCheck/Options.hs 956.6709566710 887.3084364855 43.3290433290 52.8387425824
ellCheck/Parser.hs 0.0000000000 572.1156899340 956.6709566710 368.0314891339
ellCheck/Simple.hs 0.0000000000 558.9533932952 956.6709566710 13.1622966388
st/shellcheck.hs 0.0000000000 946.7974925048 49.1803278689 53.2025074952
tup.hs 0.0000000000 940.1471790679 49.1803278689 6.6503134369

ellcheck.hs 144.9631449631 934.0463458111 855.0368550369 65.9536541889
ellCheck/Analytics.hs 106.6079295154 0.0000000000 893.3920704846 551.7744287798
ellCheck/AST.hs 0.0000000000 0.0000000000 106.6079295154 551.7744287798
ellCheck/Data.hs 957.1852479864 551.7744287798 42.8147520136 329.2837305121
ellCheck/Options.hs 957.1852479864 881.0581592919 42.8147520136 52.9881865192
ellCheck/Parser.hs 0.0000000000 564.8102736033 957.1852479864 369.2360722078
ellCheck/Simple.hs 0.0000000000 551.7744287798 957.1852479864 13.0358448235
st/shellcheck.hs 105.6511056511 934.0463458111 39.3120393120 65.9536541889
tup.hs 0.0000000000 934.0463458111 105.6511056511 65.9536541889

ellcheck.hs 142.8571428571 934.7860413706 857.1428571429 65.2139586294
ellCheck/Analytics.hs 101.9376579612 0.0000000000 898.0623420388 562.2927522501
ellCheck/AST.hs 0.0000000000 0.0000000000 101.9376579612 562.2927522501
ellCheck/Data.hs 957.1852479864 562.2927522501 42.8147520136 320.8605559751
ellCheck/Options.hs 957.1852479864 883.1533082252 42.8147520136 51.6327331454
ellCheck/Parser.hs 0.0000000000 574.9951363344 957.1852479864 359.7909050362
ellCheck/Simple.hs 0.0000000000 562.2927522501 957.1852479864 12.7023840843
st/shellcheck.hs 104.1162227603 934.7860413706 38.7409200969 65.2139586294
tup.hs 0.0000000000 934.7860413706 104.1162227603 65.2139586294

ellcheck.hs 142.8571428571 935.3171495693 857.1428571429 64.6828504307
ellCheck/Analytics.hs 99.3122420908 0.0000000000 900.6877579092 569.3030540329
ellCheck/AST.hs 0.0000000000 0.0000000000 99.3122420908 569.3030540329
ellCheck/Data.hs 961.9169875909 569.3030540329 38.0830124091 308.4388445532
ellCheck/Options.hs 961.9169875909 877.7418985860 38.0830124091 57.5752509833
ellCheck/Parser.hs 0.0000000000 582.3284666854 961.9169875909 352.9886828839
ellCheck/Simple.hs 0.0000000000 569.3030540329 961.9169875909 13.0254126525
st/shellcheck.hs 104.1162227603 935.3171495693 38.7409200969 64.6828504307
tup.hs 0.0000000000 935.3171495693 104.1162227603 64.6828504307

ellcheck.hs 142.8571428571 936.5493931479 857.1428571429 63.4506068521
ellCheck/Analytics.hs 98.4540276648 0.0000000000 901.5459723352 566.4464587494
ellCheck/AST.hs 0.0000000000 0.0000000000 98.4540276648 566.4464587494
ellCheck/Data.hs 963.0552096306 566.4464587494 36.9447903694 311.8844952797
ellCheck/Options.hs 963.0552096306 878.3309540291 36.9447903694 58.2184391189
ellCheck/Parser.hs 0.0000000000 590.5350549107 963.0552096306 346.0143382372
ellCheck/Regex.hs 0.0000000000 566.4464587494 452.8272839985 24.0885961613
ellCheck/Simple.hs 452.8272839985 566.4464587494 510.2279256321 24.0885961613
st/shellcheck.hs 104.1162227603 936.5493931479 38.7409200969 63.4506068521
tup.hs 0.0000000000 936.5493931479 104.1162227603 63.4506068521

ellcheck.hs 142.8571428571 937.2626462099 857.1428571429 62.7373537901
ellCheck/Analytics.hs 97.2481966337 0.0000000000 902.7518033663 568.5857511773
ellCheck/AST.hs 0.0000000000 0.0000000000 97.2481966337 568.5857511773
ellCheck/Data.hs 963.3292130202 568.5857511773 36.6707869798 310.6827767129
ellCheck/Options.hs 963.3292130202 879.2685278902 36.6707869798 57.9941183197
ellCheck/Parser.hs 0.0000000000 592.3967910190 963.3292130202 344.8658551909
ellCheck/Regex.hs 0.0000000000 568.5857511773 452.9561200294 23.8110398417
ellCheck/Simple.hs 452.9561200294 568.5857511773 510.3730929908 23.8110398417
st/shellcheck.hs 104.1162227603 937.2626462099 38.7409200969 62.7373537901
tup.hs 0.0000000000 937.2626462099 104.1162227603 62.7373537901

ellcheck.hs 141.1483253589 937.1900826446 858.8516746411 62.8099173554
ellCheck/Analytics.hs 96.6719492868 0.0000000000 903.3280507132 568.8955672427
ellCheck/AST.hs 0.0000000000 0.0000000000 96.6719492868 568.8955672427
ellCheck/Data.hs 963.6882904937 568.8955672427 36.3117095063 310.3605466870
ellCheck/Options.hs 963.6882904937 879.2561139297 36.3117095063 57.9339687149
ellCheck/Parser.hs 0.0000000000 593.0639202856 963.6882904937 344.1261623591
ellCheck/Regex.hs 0.0000000000 568.8955672427 453.8660981035 24.1683530429
ellCheck/Simple.hs 453.8660981035 568.8955672427 509.8221923902 24.1683530429
st/shellcheck.hs 102.8708133971 937.1900826446 38.2775119617 62.8099173554
tup.hs 0.0000000000 937.1900826446 102.8708133971 62.8099173554

ellcheck.hs 141.1483253589 938.5565191827 858.8516746411 61.4434808173
ellCheck/Analytics.hs 93.2484076433 0.0000000000 906.7515923567 576.9513449949
ellCheck/AST.hs 0.0000000000 0.0000000000 93.2484076433 576.9513449949
ellCheck/Data.hs 963.8211382114 576.9513449949 36.1788617886 304.7234613943
ellCheck/Options.hs 963.8211382114 881.6748063891 36.1788617886 56.8817127936
ellCheck/Parser.hs 0.0000000000 600.5906541467 963.8211382114 337.9658650360
ellCheck/Regex.hs 0.0000000000 576.9513449949 453.9286650931 23.6393091519
ellCheck/Simple.hs 453.9286650931 576.9513449949 509.8924731183 23.6393091519
st/shellcheck.hs 102.8708133971 938.5565191827 38.2775119617 61.4434808173
tup.hs 0.0000000000 938.5565191827 102.8708133971 61.4434808173

ellcheck.hs 174.2857142857 953.8806166820 825.7142857143 46.1193833180
ellCheck/Analytics.hs 481.2415247853 79.3253393069 518.7584752147 874.5552773751
ellCheck/Analyzer.hs 433.8199146787 878.8561501821 47.4216101066 75.0244664999
ellCheck/AST.hs 0.0000000000 0.0000000000 601.3289036545 79.3253393069
ellCheck/ASTLib.hs 601.3289036545 0.0000000000 398.6710963455 79.3253393069
ellCheck/Checker.hs 154.5593218289 878.8561501821 279.2605928499 75.0244664999
ellCheck/Data.hs 0.0000000000 878.8561501821 154.5593218289 75.0244664999
ellCheck/Formatter/CheckStyle.hs 0.0000000000 264.8020814694 73.1750811660 147.6610957022
ellCheck/Formatter/Format.hs 0.0000000000 412.4631771716 73.1750811660 109.8454492419
ellCheck/Formatter/GCC.hs 0.0000000000 522.3086264134 73.1750811660 97.2402337551
ellCheck/Formatter/JSON.hs 0.0000000000 619.5488601685 73.1750811660 104.4432140332
ellCheck/Formatter/TTY.hs 0.0000000000 723.9920742018 73.1750811660 154.8640759803
ellCheck/Interface.hs 0.0000000000 79.3253393069 73.1750811660 185.4767421625
ellCheck/Parser.hs 73.1750811660 79.3253393069 408.0664436193 773.6978282944
ellCheck/Regex.hs 73.1750811660 853.0231676013 408.0664436193 25.8329825808
st/shellcheck.hs 122.8571428571 953.8806166820 51.4285714286 46.1193833180
tup.hs 0.0000000000 953.8806166820 122.8571428571 46.1193833180

ellcheck.hs 174.2857142857 954.3438559875 825.7142857143 45.6561440125
ellCheck/Analytics.hs 482.9384592460 78.9199060788 517.0615407540 875.4239499087
ellCheck/Analyzer.hs 435.3496329699 880.3339324222 47.5888262761 74.0099235653
ellCheck/AST.hs 0.0000000000 0.0000000000 603.3057851240 78.9199060788
ellCheck/ASTLib.hs 603.3057851240 0.0000000000 396.6942148760 78.9199060788
ellCheck/Checker.hs 155.1043226776 880.3339324222 280.2453102924 74.0099235653
ellCheck/Data.hs 0.0000000000 880.3339324222 155.1043226776 74.0099235653
ellCheck/Formatter/CheckStyle.hs 0.0000000000 264.8335202981 72.2698604332 148.0088967571
ellCheck/Formatter/Format.hs 0.0000000000 412.8424170552 72.2698604332 110.1041792949
ellCheck/Formatter/GCC.hs 0.0000000000 522.9465963502 72.2698604332 97.4692734742
ellCheck/Formatter/JSON.hs 0.0000000000 620.4158698244 72.2698604332 104.6892196575
ellCheck/Formatter/TTY.hs 0.0000000000 725.1050894818 72.2698604332 155.2288429404
ellCheck/Interface.hs 0.0000000000 78.9199060788 72.2698604332 185.9136142193
ellCheck/Parser.hs 72.2698604332 78.9199060788 410.6685988128 776.0025629635
ellCheck/Regex.hs 72.2698604332 854.9224690423 410.6685988128 25.4114633799
st/shellcheck.hs 122.8571428571 954.3438559875 51.4285714286 45.6561440125
tup.hs 0.0000000000 954.3438559875 122.8571428571 45.6561440125

ellcheck.hs 175.2873563218 956.0883280757 824.7126436782 43.9116719243
ellCheck/Analytics.hs 472.9127748240 77.9810725552 527.0872251760 878.1072555205
ellCheck/Analyzer.hs 427.6338921281 880.8448622426 45.2788826959 75.2434658331
ellCheck/AST.hs 0.0000000000 0.0000000000 590.6148867314 77.9810725552
ellCheck/ASTLib.hs 590.6148867314 0.0000000000 409.3851132686 77.9810725552
ellCheck/Checker.hs 155.9605959526 880.8448622426 271.6732961755 75.2434658331
ellCheck/Data.hs 0.0000000000 880.8448622426 155.9605959526 75.2434658331
ellCheck/Formatter/CheckStyle.hs 0.0000000000 264.2310057485 69.7817454376 148.2766458432
ellCheck/Formatter/Format.hs 0.0000000000 412.5076515916 69.7817454376 110.3033584931
ellCheck/Formatter/GCC.hs 0.0000000000 522.8110100847 69.7817454376 97.6455960431
ellCheck/Formatter/JSON.hs 0.0000000000 620.4566061278 69.7817454376 104.8786031574
ellCheck/Formatter/TTY.hs 0.0000000000 725.3352092851 69.7817454376 155.5096529575
ellCheck/Interface.hs 0.0000000000 77.9810725552 69.7817454376 186.2499331932
ellCheck/Parser.hs 69.7817454376 77.9810725552 403.1310293863 777.8232036543
ellCheck/Regex.hs 69.7817454376 855.8042762095 403.1310293863 25.0405860331
st/shellcheck.hs 123.5632183908 956.0883280757 51.7241379310 43.9116719243
tup.hs 0.0000000000 956.0883280757 123.5632183908 43.9116719243

ellcheck.hs 175.2873563218 956.1160151324 824.7126436782 43.8839848676
ellCheck/Analytics.hs 473.1476163125 77.9319041614 526.8523836875 878.1841109710
ellCheck/Analyzer.hs 427.8462487932 880.9573142845 45.3013675193 75.1587008479
ellCheck/AST.hs 0.0000000000 0.0000000000 590.6148867314 77.9319041614
ellCheck/ASTLib.hs 590.6148867314 0.0000000000 409.3851132686 77.9319041614
ellCheck/Checker.hs 156.0380436775 880.9573142845 271.8082051157 75.1587008479
ellCheck/Data.hs 0.0000000000 880.9573142845 156.0380436775 75.1587008479
ellCheck/Formatter/CheckStyle.hs 0.0000000000 264.2193303837 69.7237111327 148.3064946624
ellCheck/Formatter/Format.hs 0.0000000000 412.5258250460 69.7237111327 110.3255631025
ellCheck/Formatter/GCC.hs 0.0000000000 522.8513881485 69.7237111327 97.6652525825
ellCheck/Formatter/JSON.hs 0.0000000000 620.5166407311 69.7237111327 104.8997157368
ellCheck/Formatter/TTY.hs 0.0000000000 725.4163564679 69.7237111327 155.5409578166
ellCheck/Interface.hs 0.0000000000 77.9319041614 69.7237111327 186.2874262223
ellCheck/Parser.hs 69.7237111327 77.9319041614 403.4239051798 778.0187799908
ellCheck/Regex.hs 69.7237111327 855.9506841522 403.4239051798 25.0066301323
st/shellcheck.hs 123.5632183908 956.1160151324 51.7241379310 43.8839848676
tup.hs 0.0000000000 956.1160151324 123.5632183908 43.8839848676

ellcheck.hs 207.6923076923 951.3290902284 792.3076923077 48.6709097716
ellCheck/Analytics.hs 474.5182012848 77.1246724073 525.4817987152 874.2044178210
ellCheck/Analyzer.hs 429.2461467453 876.9007357629 45.2720545395 74.4283544655
ellCheck/AST.hs 0.0000000000 0.0000000000 590.6148867314 77.1246724073
ellCheck/ASTLib.hs 590.6148867314 0.0000000000 409.3851132686 77.1246724073
ellCheck/Checker.hs 157.6138195080 876.9007357629 271.6323272372 74.4283544655
ellCheck/Data.hs 0.0000000000 876.9007357629 157.6138195080 74.4283544655
ellCheck/Formatter/CheckStyle.hs 0.0000000000 277.9342467563 72.0905652725 141.9515956605
ellCheck/Formatter/Format.hs 0.0000000000 419.8858424169 72.0905652725 105.5981382353
ellCheck/Formatter/GCC.hs 0.0000000000 525.4839806521 72.0905652725 93.4803190935
ellCheck/Formatter/JSON.hs 0.0000000000 618.9642997456 72.0905652725 100.4047871745
ellCheck/Formatter/TTY.hs 0.0000000000 719.3690869201 72.0905652725 157.5316488428
ellCheck/Interface.hs 0.0000000000 77.1246724073 72.0905652725 200.8095743490
ellCheck/Parser.hs 72.0905652725 77.1246724073 402.4276360123 774.9671897346
ellCheck/Regex.hs 72.0905652725 852.0918621419 402.4276360123 24.8088736210
ickrun 194.8717948718 951.3290902284 12.8205128205 48.6709097716
icktest 156.4102564103 951.3290902284 38.4615384615 48.6709097716
st/shellcheck.hs 110.2564102564 951.3290902284 46.1538461538 48.6709097716
tup.hs 0.0000000000 951.3290902284 110.2564102564 48.6709097716

ellcheck.hs 193.2114882507 952.3987074323 806.7885117493 47.6012925677
ellCheck/Analytics.hs 471.8239886444 76.8083519761 528.1760113556 875.5903554561
ellCheck/Analyzer.hs 426.8089791271 877.8523564713 45.0150095173 74.5463509609
ellCheck/AST.hs 0.0000000000 0.0000000000 590.6148867314 76.8083519761
ellCheck/ASTLib.hs 590.6148867314 0.0000000000 409.3851132686 76.8083519761
ellCheck/Checker.hs 156.7189220232 877.8523564713 270.0900571039 74.5463509609
ellCheck/Data.hs 0.0000000000 877.8523564713 156.7189220232 74.5463509609
ellCheck/Formatter/CheckStyle.hs 0.0000000000 277.9362838407 71.6812504945 142.1766414905
ellCheck/Formatter/Format.hs 0.0000000000 420.1129253312 71.6812504945 105.7655503771
ellCheck/Formatter/GCC.hs 0.0000000000 525.8784757083 71.6812504945 93.6285200059
ellCheck/Formatter/JSON.hs 0.0000000000 619.5069957142 71.6812504945 100.5639659323
ellCheck/Formatter/TTY.hs 0.0000000000 720.0709616465 71.6812504945 157.7813948248
ellCheck/Interface.hs 0.0000000000 76.8083519761 71.6812504945 201.1279318646
ellCheck/Parser.hs 71.6812504945 76.8083519761 400.1427381499 776.1957996253
ellCheck/Regex.hs 71.6812504945 853.0041516014 400.1427381499 24.8482048700
ickrun 180.1566579634 952.3987074323 13.0548302872 47.6012925677
icktest 140.9921671018 952.3987074323 39.1644908616 47.6012925677
st/shellcheck.hs 93.9947780679 952.3987074323 46.9973890339 47.6012925677
tup.hs 0.0000000000 952.3987074323 93.9947780679 47.6012925677

ellcheck.hs 193.2114882507 952.6693030153 806.7885117493 47.3306969847
ellCheck/Analytics.hs 475.2503173036 76.3717251607 524.7496826964 876.2975778547
ellCheck/Analyzer.hs 429.9084142393 879.0811087919 45.3419030643 73.5881942234
ellCheck/AST.hs 0.0000000000 0.0000000000 590.6148867314 76.3717251607
ellCheck/ASTLib.hs 590.6148867314 0.0000000000 409.3851132686 76.3717251607
ellCheck/Checker.hs 157.8569958535 879.0811087919 272.0514183858 73.5881942234
ellCheck/Data.hs 0.0000000000 879.0811087919 157.8569958535 73.5881942234
ellCheck/Formatter/CheckStyle.hs 0.0000000000 277.9178041676 71.1258978278 142.4722282636
ellCheck/Formatter/Format.hs 0.0000000000 420.3900324312 71.1258978278 105.9854380985
ellCheck/Formatter/GCC.hs 0.0000000000 526.3754705297 71.1258978278 93.8231747101
ellCheck/Formatter/JSON.hs 0.0000000000 620.1986452398 71.1258978278 100.7730395035
ellCheck/Formatter/TTY.hs 0.0000000000 720.9716847433 71.1258978278 158.1094240486
ellCheck/Interface.hs 0.0000000000 76.3717251607 71.1258978278 201.5460790070
ellCheck/Parser.hs 71.1258978278 76.3717251607 404.1244194759 778.2458595587
ellCheck/Regex.hs 71.1258978278 854.6175847193 404.1244194759 24.4635240726
ickrun 180.1566579634 952.6693030153 13.0548302872 47.3306969847
icktest 140.9921671018 952.6693030153 39.1644908616 47.3306969847
st/shellcheck.hs 93.9947780679 952.6693030153 46.9973890339 47.3306969847
tup.hs 0.0000000000 952.6693030153 93.9947780679 47.3306969847

ack.yaml 0.0000000000 0.0000000000 4.4791400051 953.2755886300
ellcheck.hs 193.2114882507 953.2755886300 806.7885117493 46.7244113700
ellCheck/Analytics.hs 475.0460073186 76.2228327713 524.9539926814 877.0527558587
ellCheck/Analyzer.hs 430.1509351721 879.9070016043 44.8950721465 73.3685870257
ellCheck/AST.hs 4.4791400051 0.0000000000 590.5903494182 76.2228327713
ellCheck/ASTLib.hs 595.0694894233 0.0000000000 404.9305105767 76.2228327713
ellCheck/Checker.hs 160.7805022930 879.9070016043 269.3704328791 73.3685870257
ellCheck/Data.hs 4.4791400051 879.9070016043 156.3013622879 73.3685870257
ellCheck/Formatter/CheckStyle.hs 4.4791400051 278.0136630410 70.1296428061 142.6452420872
ellCheck/Formatter/Format.hs 4.4791400051 420.6589051283 70.1296428061 106.1141435039
ellCheck/Formatter/GCC.hs 4.4791400051 526.7730486322 70.1296428061 93.9371106428
ellCheck/Formatter/JSON.hs 4.4791400051 620.7101592750 70.1296428061 100.8954151349
ellCheck/Formatter/TTY.hs 4.4791400051 721.6055744099 70.1296428061 158.3014271944
ellCheck/Interface.hs 4.4791400051 76.2228327713 70.1296428061 201.7908302698
ellCheck/Parser.hs 74.6087828112 76.2228327713 400.4372245074 779.3116390731
ellCheck/Regex.hs 74.6087828112 855.5344718444 400.4372245074 24.3725297599
ickrun 180.1566579634 953.2755886300 13.0548302872 46.7244113700
icktest 140.9921671018 953.2755886300 39.1644908616 46.7244113700
st/shellcheck.hs 93.9947780679 953.2755886300 46.9973890339 46.7244113700
tup.hs 0.0000000000 953.2755886300 93.9947780679 46.7244113700

ack.yaml 0.0000000000 0.0000000000 4.3023970498 953.9165103189
ellcheck.hs 213.7404580153 953.9165103189 786.2595419847 46.0834896811
ellCheck/Analytics.hs 187.0662742433 0.0000000000 812.9337257567 400.9982367452
ellCheck/Analyzer.hs 858.3331206026 400.9982367452 141.6668793974 29.7979907914
ellCheck/AnalyzerLib.hs 858.3331206026 430.7962275366 141.6668793974 523.1202827824
ellCheck/AST.hs 4.3023970498 0.0000000000 108.7810597056 400.9982367452
ellCheck/ASTLib.hs 113.0834567554 0.0000000000 73.9828174879 400.9982367452
ellCheck/Checker.hs 739.2685963207 794.3706861589 119.0645242819 159.5458241601
ellCheck/Checks/Commands.hs 327.6875247290 794.3706861589 411.5810715917 159.5458241601
ellCheck/Data.hs 258.6007019975 794.3706861589 69.0868227315 159.5458241601
ellCheck/Formatter/CheckStyle.hs 4.3023970498 794.3706861589 105.8500558666 90.8396744495
ellCheck/Formatter/Format.hs 110.1524529164 794.3706861589 78.7421147300 90.8396744495
ellCheck/Formatter/GCC.hs 188.8945676464 794.3706861589 69.7061343512 90.8396744495
ellCheck/Formatter/JSON.hs 159.6121000716 885.2103606084 98.9886019260 68.7061497106
ellCheck/Formatter/TTY.hs 4.3023970498 885.2103606084 155.3097030218 68.7061497106
ellCheck/Interface.hs 4.3023970498 400.9982367452 34.5785563463 393.3724494137
ellCheck/Parser.hs 38.8809533961 400.9982367452 819.4521672065 381.9247244398
ellCheck/Regex.hs 38.8809533961 782.9229611850 819.4521672065 11.4477249738
ickrun 201.0178117048 953.9165103189 12.7226463104 46.0834896811
icktest 147.5826972010 953.9165103189 53.4351145038 46.0834896811
st/shellcheck.hs 91.6030534351 953.9165103189 55.9796437659 46.0834896811
tup.hs 0.0000000000 953.9165103189 91.6030534351 46.0834896811

ack.yaml 0.0000000000 0.0000000000 4.2944785276 953.9974247922
ellcheck.hs 213.7404580153 953.9974247922 786.2595419847 46.0025752078
ellCheck/Analytics.hs 186.2582068669 0.0000000000 813.7417931331 402.0543675649
ellCheck/Analyzer.hs 858.3319939630 402.0543675649 141.6680060370 29.7454342218
ellCheck/AnalyzerLib.hs 858.3319939630 431.7998017868 141.6680060370 522.1976230055
ellCheck/AST.hs 4.2944785276 0.0000000000 108.3048111075 402.0543675649
ellCheck/ASTLib.hs 112.5992896351 0.0000000000 73.6589172317 402.0543675649
ellCheck/Checker.hs 739.2665227922 794.7330015248 119.0654711709 159.2644232675
ellCheck/Checks/Commands.hs 327.6821780040 794.7330015248 411.5843447882 159.2644232675
ellCheck/Data.hs 258.5948058431 794.7330015248 69.0873721609 159.2644232675
ellCheck/Formatter/CheckStyle.hs 4.2944785276 794.7330015248 105.8508976643 90.6794548662
ellCheck/Formatter/Format.hs 110.1453761919 794.7330015248 78.7427409454 90.6794548662
ellCheck/Formatter/GCC.hs 188.8881171374 794.7330015248 69.7066887058 90.6794548662
ellCheck/Formatter/JSON.hs 159.6054166868 885.4124563909 98.9893891564 68.5849684013
ellCheck/Formatter/TTY.hs 4.2944785276 885.4124563909 155.3109381592 68.5849684013
ellCheck/Interface.hs 4.2944785276 402.0543675649 34.5788313405 392.6786339598
ellCheck/Parser.hs 38.8733098681 402.0543675649 819.4586840949 381.2511000505
ellCheck/Regex.hs 38.8733098681 783.3054676154 819.4586840949 11.4275339093
ickrun 201.0178117048 953.9974247922 12.7226463104 46.0025752078
icktest 147.5826972010 953.9974247922 53.4351145038 46.0025752078
st/shellcheck.hs 91.6030534351 953.9974247922 55.9796437659 46.0025752078
tup.hs 0.0000000000 953.9974247922 91.6030534351 46.0025752078

ack.yaml 0.0000000000 0.0000000000 4.2434529583 954.5191528758
ellcheck.hs 213.7404580153 954.5191528758 786.2595419847 45.4808471242
ellCheck/Analytics.hs 191.3809942817 0.0000000000 808.6190057183 400.7283622447
ellCheck/Analyzer.hs 860.4060076760 400.7283622447 139.5939923240 29.8450126687
ellCheck/AnalyzerLib.hs 860.4060076760 430.5733749135 139.5939923240 523.9457779624
ellCheck/AST.hs 4.2434529583 0.0000000000 108.5859807679 400.7283622447
ellCheck/ASTLib.hs 112.8294337262 0.0000000000 78.5515605555 400.7283622447
ellCheck/Checker.hs 741.7590154910 796.5056224273 118.6469921850 158.0135304486
ellCheck/Checks/Commands.hs 331.6212647280 796.5056224273 410.1377507630 158.0135304486
ellCheck/Data.hs 262.7767137071 796.5056224273 68.8445510209 158.0135304486
ellCheck/Formatter/CheckStyle.hs 4.2434529583 796.5056224273 104.9491454525 90.4213403700
ellCheck/Formatter/Format.hs 109.1925984108 796.5056224273 84.4712634130 90.4213403700
ellCheck/Formatter/GCC.hs 193.6638618238 796.5056224273 69.1128518833 90.4213403700
ellCheck/Formatter/JSON.hs 160.0482657274 886.9269627973 102.7284479797 67.5921900786
ellCheck/Formatter/TTY.hs 4.2434529583 886.9269627973 155.8048127691 67.5921900786
ellCheck/Interface.hs 4.2434529583 400.7283622447 33.9190083153 395.7772601825
ellCheck/Parser.hs 38.1624612736 400.7283622447 822.2435464024 384.5175941745
ellCheck/Regex.hs 38.1624612736 785.2459564192 822.2435464024 11.2596660080
ickrun 201.0178117048 954.5191528758 12.7226463104 45.4808471242
icktest 147.5826972010 954.5191528758 53.4351145038 45.4808471242
st/shellcheck.hs 91.6030534351 954.5191528758 55.9796437659 45.4808471242
tup.hs 0.0000000000 954.5191528758 91.6030534351 45.4808471242

ack.yaml 0.0000000000 0.0000000000 4.2163594748 954.7964113182
ellcheck.hs 213.7404580153 954.7964113182 786.2595419847 45.2035886818
ellCheck/Analytics.hs 194.0259678905 0.0000000000 805.9740321095 401.1623441215
ellCheck/Analyzer.hs 861.2177192007 401.1623441215 138.7822807993 29.8365664956
ellCheck/AnalyzerLib.hs 861.2177192007 430.9989106171 138.7822807993 523.7975007011
ellCheck/AST.hs 4.2163594748 0.0000000000 107.8072700367 401.1623441215
ellCheck/ASTLib.hs 112.0236295115 0.0000000000 82.0023383790 401.1623441215
ellCheck/Checker.hs 742.4544854320 797.8998720326 118.7632337687 156.8965392856
ellCheck/Checks/Commands.hs 331.9149119106 797.8998720326 410.5395735214 156.8965392856
ellCheck/Data.hs 263.0029120695 797.8998720326 68.9119998411 156.8965392856
ellCheck/Formatter/CheckStyle.hs 4.2163594748 797.8998720326 105.0519668949 89.7821556252
ellCheck/Formatter/Format.hs 109.2683263697 797.8998720326 84.5540221349 89.7821556252
ellCheck/Formatter/GCC.hs 193.8223485046 797.8998720326 69.1805635649 89.7821556252
ellCheck/Formatter/JSON.hs 160.1738183233 887.6820276578 102.8290937463 67.1143836604
ellCheck/Formatter/TTY.hs 4.2163594748 887.6820276578 155.9574588485 67.1143836604
ellCheck/Interface.hs 4.2163594748 401.1623441215 33.6306352261 396.7375279111
ellCheck/Parser.hs 37.8469947008 401.1623441215 823.3707244999 385.5618228996
ellCheck/Regex.hs 37.8469947008 786.7241670210 823.3707244999 11.1757050116
ickrun 201.0178117048 954.7964113182 12.7226463104 45.2035886818
icktest 147.5826972010 954.7964113182 53.4351145038 45.2035886818
st/shellcheck.hs 91.6030534351 954.7964113182 55.9796437659 45.2035886818
tup.hs 0.0000000000 954.7964113182 91.6030534351 45.2035886818

ack.yaml 0.0000000000 0.0000000000 4.1756144118 955.2136752137
ellcheck.hs 213.7404580153 955.2136752137 786.2595419847 44.7863247863
ellCheck/Analytics.hs 192.3917847681 0.0000000000 807.6082152319 403.8515706037
ellCheck/Analyzer.hs 858.8318689588 403.8515706037 141.1681310412 29.0615457774
ellCheck/AnalyzerLib.hs 858.8318689588 432.9131163811 141.1681310412 522.3005588326
ellCheck/AST.hs 4.1756144118 0.0000000000 106.9474191380 403.8515706037
ellCheck/ASTLib.hs 111.1230335498 0.0000000000 81.2687512183 403.8515706037
ellCheck/Checker.hs 740.3936198256 799.3388746601 118.4382491331 155.8748005536
ellCheck/Checks/Commands.hs 330.9774499828 799.3388746601 409.4161698428 155.8748005536
ellCheck/Data.hs 262.2540214735 799.3388746601 68.7234285093 155.8748005536
ellCheck/Formatter/CheckStyle.hs 4.1756144118 799.3388746601 104.7645018765 89.1974779372
ellCheck/Formatter/Format.hs 108.9401162883 799.3388746601 84.3226478518 89.1974779372
ellCheck/Formatter/GCC.hs 193.2627641402 799.3388746601 68.9912573333 89.1974779372
ellCheck/Formatter/JSON.hs 159.7063100583 888.5363525973 102.5477114152 66.6773226164
ellCheck/Formatter/TTY.hs 4.1756144118 888.5363525973 155.5306956464 66.6773226164
ellCheck/Interface.hs 4.1756144118 403.8515706037 33.4255311960 395.4873040564
ellCheck/Parser.hs 37.6011456079 403.8515706037 821.2307233509 384.3859060478
ellCheck/Regex.hs 37.6011456079 788.2374766515 821.2307233509 11.1013980086
ickrun 201.0178117048 955.2136752137 12.7226463104 44.7863247863
icktest 147.5826972010 955.2136752137 53.4351145038 44.7863247863
st/shellcheck.hs 91.6030534351 955.2136752137 55.9796437659 44.7863247863
tup.hs 0.0000000000 955.2136752137 91.6030534351 44.7863247863

ack.yaml 0.0000000000 0.0000000000 4.1302808591 953.4203420342
ellcheck.hs 253.6231884058 953.4203420342 746.3768115942 46.5796579658
ellCheck/Analytics.hs 192.4924075499 0.0000000000 807.5075924501 399.6027668888
ellCheck/Analyzer.hs 856.9783185893 399.6027668888 143.0216814107 28.3202169108
ellCheck/AnalyzerLib.hs 856.9783185893 427.9229837997 143.0216814107 525.4973582345
ellCheck/AST.hs 4.1302808591 0.0000000000 106.7103826843 399.6027668888
ellCheck/ASTLib.hs 110.8406635434 0.0000000000 81.6517440065 399.6027668888
ellCheck/Checker.hs 744.8343396021 790.8897911578 112.1439789873 162.5305508764
ellCheck/Checks/Commands.hs 313.5645932498 790.8897911578 431.2697463522 162.5305508764
ellCheck/Data.hs 248.4933955659 790.8897911578 65.0711976840 162.5305508764
ellCheck/Formatter/CheckStyle.hs 4.1302808591 790.8897911578 99.1969079503 93.0061509264
ellCheck/Formatter/Format.hs 103.3271888094 790.8897911578 79.8414137161 93.0061509264
ellCheck/Formatter/GCC.hs 183.1686025255 790.8897911578 65.3247930404 93.0061509264
ellCheck/Formatter/JSON.hs 151.3954691923 883.8959420842 97.0979263736 69.5243999500
ellCheck/Formatter/TTY.hs 4.1302808591 883.8959420842 147.2651883332 69.5243999500
ellCheck/Interface.hs 4.1302808591 399.6027668888 33.3548119948 391.2870242690
ellCheck/Parser.hs 37.4850928539 399.6027668888 819.4932257354 380.3035288509
ellCheck/Regex.hs 37.4850928539 779.9062957397 819.4932257354 10.9834954181
ickrun 235.2446964923 969.3905104796 18.3784919135 30.6094895204
icktest 158.0550304558 969.3905104796 77.1896660365 30.6094895204
ravis.yml 80.8653644192 969.3905104796 77.1896660365 30.6094895204
st/shellcheck.hs 0.0000000000 969.3905104796 80.8653644192 30.6094895204
tup.hs 0.0000000000 953.4203420342 253.6231884058 15.9701684454

ack.yaml 0.0000000000 0.0000000000 4.1176470588 953.5562037245
ellcheck.hs 253.6231884058 953.5562037245 746.3768115942 46.4437962755
ellCheck/Analytics.hs 193.8762603268 0.0000000000 806.1237396732 400.2345176412
ellCheck/Analyzer.hs 857.2676758000 400.2345176412 142.7323242000 28.2948589474
ellCheck/AnalyzerLib.hs 857.2676758000 428.5293765887 142.7323242000 525.0268271358
ellCheck/AST.hs 4.1176470588 0.0000000000 107.0720683432 400.2345176412
ellCheck/ASTLib.hs 111.1897154021 0.0000000000 82.6865449248 400.2345176412
ellCheck/Checker.hs 745.0839869558 791.5570789016 112.1836888442 161.9991248229
ellCheck/Checks/Commands.hs 313.6615292401 791.5570789016 431.4224577157 161.9991248229
ellCheck/Data.hs 248.5672900342 791.5570789016 65.0942392059 161.9991248229
ellCheck/Formatter/CheckStyle.hs 4.1176470588 791.5570789016 99.2320332870 92.7020487655
ellCheck/Formatter/Format.hs 103.3496803458 791.5570789016 79.8696853286 92.7020487655
ellCheck/Formatter/GCC.hs 183.2193656744 791.5570789016 65.3479243597 92.7020487655
ellCheck/Formatter/JSON.hs 151.4349815671 884.2591276671 97.1323084670 69.2970760574
ellCheck/Formatter/TTY.hs 4.1176470588 884.2591276671 147.3173345083 69.2970760574
ellCheck/Interface.hs 4.1176470588 400.2345176412 33.2545038085 391.3225612604
ellCheck/Parser.hs 37.3721508673 400.2345176412 819.8955249327 380.3764756307
ellCheck/Regex.hs 37.3721508673 780.6109932720 819.8955249327 10.9460856297
ickrun 235.2446964923 969.4797910189 18.3784919135 30.5202089811
icktest 158.0550304558 969.4797910189 77.1896660365 30.5202089811
ravis.yml 80.8653644192 969.4797910189 77.1896660365 30.5202089811
st/shellcheck.hs 0.0000000000 969.4797910189 80.8653644192 30.5202089811
tup.hs 0.0000000000 953.5562037245 253.6231884058 15.9235872945

ack.yaml 0.0000000000 0.0000000000 4.0364433168 954.1153169014
ellcheck.hs 258.9928057554 954.1153169014 741.0071942446 45.8846830986
ellCheck/Analytics.hs 215.1509129379 0.0000000000 784.8490870621 354.4235683904
ellCheck/Analyzer.hs 859.2660191643 354.4235683904 140.7339808357 34.4021342040
ellCheck/AnalyzerLib.hs 859.2660191643 388.8257025944 140.7339808357 565.2896143070
ellCheck/AST.hs 4.0364433168 0.0000000000 119.5280453002 354.4235683904
ellCheck/ASTLib.hs 123.5644886170 0.0000000000 91.5864243209 354.4235683904
ellCheck/Checker.hs 741.6153896827 783.8960113275 117.6506294817 170.2193055739
ellCheck/Checks/Commands.hs 64.8010541480 783.8960113275 428.5844359689 170.2193055739
ellCheck/Checks/ShellSupport.hs 493.3854901169 783.8960113275 248.2298995657 170.2193055739
ellCheck/Data.hs 4.0364433168 783.8960113275 60.7646108312 170.2193055739
ellCheck/Formatter/CheckStyle.hs 4.0364433168 460.6470297565 120.1625737185 75.0889985519
ellCheck/Formatter/Format.hs 44.3862374437 535.7360283084 79.8127795917 90.9919937737
ellCheck/Formatter/GCC.hs 44.3862374437 626.7280220821 79.8127795917 74.4479949057
ellCheck/Formatter/JSON.hs 44.3862374437 701.1760169878 79.8127795917 82.7199943397
ellCheck/Formatter/TTY.hs 4.0364433168 535.7360283084 40.3497941269 248.1599830191
ellCheck/Interface.hs 4.0364433168 354.4235683904 120.1625737185 106.2234613661
ellCheck/Parser.hs 124.1990170353 354.4235683904 735.0670021290 417.4969129841
ellCheck/Regex.hs 124.1990170353 771.9204813746 735.0670021290 11.9755299529
ickrun 241.0071942446 969.4102112676 17.9856115108 30.5897887324
icktest 161.8705035971 969.4102112676 79.1366906475 30.5897887324
ravis.yml 86.3309352518 969.4102112676 75.5395683453 30.5897887324
st/shellcheck.hs 0.0000000000 969.4102112676 86.3309352518 30.5897887324
tup.hs 0.0000000000 954.1153169014 258.9928057554 15.2948943662

ack.yaml 0.0000000000 0.0000000000 3.8975501114 954.6082704369
ellcheck.hs 276.3466042155 954.6082704369 723.6533957845 45.3917295631
ellCheck/Analytics.hs 222.6314021528 0.0000000000 777.3685978472 369.3570960293
ellCheck/Analyzer.hs 859.2305983472 369.3570960293 140.7694016528 33.9823262559
ellCheck/AnalyzerLib.hs 859.2305983472 403.3394222852 140.7694016528 551.2688481517
ellCheck/AST.hs 3.8975501114 0.0000000000 110.8059645210 369.3570960293
ellCheck/ASTLib.hs 114.7035146323 0.0000000000 107.9278875204 369.3570960293
ellCheck/Checker.hs 768.1951511081 742.0834226482 91.0354472391 212.5248477887
ellCheck/Checks/Commands.hs 234.9875315646 742.0834226482 340.6326349992 212.5248477887
ellCheck/Checks/ShellSupport.hs 575.6201665638 742.0834226482 192.5749845443 212.5248477887
ellCheck/Data.hs 180.4663021741 742.0834226482 54.5212293905 212.5248477887
ellCheck/Formatter/CheckStyle.hs 3.8975501114 742.0834226482 97.8286328996 89.1039021890
ellCheck/Formatter/Format.hs 101.7261830110 742.0834226482 78.7401191631 89.1039021890
ellCheck/Formatter/GCC.hs 82.2768498075 831.1873248372 98.1894523666 58.4625531788
ellCheck/Formatter/JSON.hs 82.2768498075 889.6498780160 98.1894523666 64.9583924209
ellCheck/Formatter/TTY.hs 3.8975501114 831.1873248372 78.3792996961 123.4209455997
ellCheck/Interface.hs 3.8975501114 369.3570960293 33.0839058337 372.7263266189
ellCheck/Parser.hs 36.9814559451 369.3570960293 822.2491424022 362.3835912289
ellCheck/Regex.hs 36.9814559451 731.7406872582 822.2491424022 10.3427353900
ickrun 263.5527799462 958.4550271795 12.7938242692 41.5449728205
icktest 207.2599531616 958.4550271795 56.2928267846 41.5449728205
ravis.yml 153.5258912308 958.4550271795 53.7340619308 41.5449728205
st/shellcheck.hs 92.1155347385 958.4550271795 61.4103564923 41.5449728205
tup.hs 0.0000000000 958.4550271795 92.1155347385 41.5449728205
xtnumber 0.0000000000 954.6082704369 276.3466042155 3.8467567426

ack.yaml 0.0000000000 0.0000000000 3.8733953077 951.3581806696
ellcheck.hs 255.4112554113 951.3581806696 744.5887445887 48.6418193304
ellCheck/Analytics.hs 220.9049770839 0.0000000000 779.0950229161 370.1429117548
ellCheck/Analyzer.hs 859.6111804625 370.1429117548 140.3888195375 33.7479833563
ellCheck/AnalyzerLib.hs 859.6111804625 403.8908951111 140.3888195375 547.4672855585
ellCheck/AST.hs 3.8733953077 0.0000000000 109.5113486027 370.1429117548
ellCheck/ASTLib.hs 113.3847439103 0.0000000000 107.5202331735 370.1429117548
ellCheck/Checker.hs 768.9039720186 740.1078384328 90.7072084439 211.2503422368
ellCheck/Checks/Commands.hs 234.1301552037 740.1078384328 341.3980098026 211.2503422368
ellCheck/Checks/ShellSupport.hs 575.5281650063 740.1078384328 193.3758070123 211.2503422368
ellCheck/Data.hs 179.8055083884 740.1078384328 54.3246468153 211.2503422368
ellCheck/Formatter/CheckStyle.hs 3.8733953077 740.1078384328 97.4759004907 88.5695485865
ellCheck/Formatter/Format.hs 101.3492957984 740.1078384328 78.4562125901 88.5695485865
ellCheck/Formatter/GCC.hs 81.9700894069 828.6773870193 97.8354189815 58.1119548870
ellCheck/Formatter/JSON.hs 81.9700894069 886.7893419063 97.8354189815 64.5688387633
ellCheck/Formatter/TTY.hs 3.8733953077 828.6773870193 78.0966940993 122.6807936503
ellCheck/Interface.hs 3.8733953077 370.1429117548 33.0115008573 369.9649266780
ellCheck/Parser.hs 36.8848961650 370.1429117548 822.7262842975 359.7272254901
ellCheck/Regex.hs 36.8848961650 729.8701372449 822.7262842975 10.2377011879
ickrun 237.6743626744 970.3202458323 17.7368927369 29.6797541677
icktest 159.6320346320 970.3202458323 78.0423280423 29.6797541677
ravis.yml 85.1370851371 970.3202458323 74.4949494949 29.6797541677
st/shellcheck.hs 0.0000000000 970.3202458323 85.1370851371 29.6797541677
tup.hs 0.0000000000 951.3581806696 199.8870694523 18.9620651627
xtnumber 199.8870694523 951.3581806696 55.5241859590 18.9620651627

ack.yaml 0.0000000000 0.0000000000 3.8593009152 951.5265974189
ellcheck.hs 255.4112554113 951.5265974189 744.5887445887 48.4734025811
ellCheck/Analytics.hs 222.3858930221 0.0000000000 777.6141069779 369.6987333341
ellCheck/Analyzer.hs 860.2445615875 369.6987333341 139.7554384125 33.7835533985
ellCheck/AnalyzerLib.hs 860.2445615875 403.4822867326 139.7554384125 548.0443106863
ellCheck/AST.hs 3.8593009152 0.0000000000 109.2632960535 369.6987333341
ellCheck/ASTLib.hs 113.1225969687 0.0000000000 109.2632960535 369.6987333341
ellCheck/Checker.hs 769.4687214929 741.1668495492 90.7758400946 210.3597478698
ellCheck/Checks/Commands.hs 234.2902796168 741.1668495492 341.6563212350 210.3597478698
ellCheck/Checks/ShellSupport.hs 575.9466008518 741.1668495492 193.5221206411 210.3597478698
ellCheck/Data.hs 179.9245292305 741.1668495492 54.3657503863 210.3597478698
ellCheck/Formatter/CheckStyle.hs 3.8593009152 741.1668495492 97.5496535260 88.1961549142
ellCheck/Formatter/Format.hs 101.4089544412 741.1668495492 78.5155747892 88.1961549142
ellCheck/Formatter/GCC.hs 82.0150851917 829.3630044634 97.9094440387 57.8669650842
ellCheck/Formatter/JSON.hs 82.0150851917 887.2299695476 97.9094440387 64.2966278713
ellCheck/Formatter/TTY.hs 3.8593009152 829.3630044634 78.1557842765 122.1635929555
ellCheck/Interface.hs 3.8593009152 369.6987333341 32.7640798938 371.4681162150
ellCheck/Parser.hs 36.6233808090 369.6987333341 823.6211807785 361.2769470459
ellCheck/Regex.hs 36.6233808090 730.9756803800 823.6211807785 10.1911691691
ickrun 237.6743626744 970.4230085946 17.7368927369 29.5769914054
icktest 159.6320346320 970.4230085946 78.0423280423 29.5769914054
ravis.yml 85.1370851371 970.4230085946 74.4949494949 29.5769914054
st/shellcheck.hs 0.0000000000 970.4230085946 85.1370851371 29.5769914054
tup.hs 0.0000000000 951.5265974189 199.8870694523 18.8964111757
xtnumber 199.8870694523 951.5265974189 55.5241859590 18.8964111757

ack.yaml 0.0000000000 0.0000000000 3.8580246914 951.6416657925
ellcheck.hs 255.9652928416 951.6416657925 744.0347071584 48.3583342075
ellCheck/Analytics.hs 222.5440904553 0.0000000000 777.4559095447 369.8313079853
ellCheck/Analyzer.hs 860.8105692419 369.8313079853 139.1894307581 33.9138161934
ellCheck/AnalyzerLib.hs 860.8105692419 403.7451241787 139.1894307581 547.8965416138
ellCheck/AST.hs 3.8580246914 0.0000000000 109.2012131247 369.8313079853
ellCheck/ASTLib.hs 113.0592378160 0.0000000000 109.4848526393 369.8313079853
ellCheck/Checker.hs 769.9745977171 741.4652752276 90.8359715249 210.1763905649
ellCheck/Checks/Commands.hs 234.4416447160 741.4652752276 341.8826400799 210.1763905649
ellCheck/Checks/ShellSupport.hs 576.3242847959 741.4652752276 193.6503129212 210.1763905649
ellCheck/Data.hs 180.0398815500 741.4652752276 54.4017631660 210.1763905649
ellCheck/Formatter/CheckStyle.hs 3.8580246914 741.4652752276 97.6142720433 88.1192798969
ellCheck/Formatter/Format.hs 101.4722967347 741.4652752276 78.5675848154 88.1192798969
ellCheck/Formatter/GCC.hs 82.0655806628 829.5845551245 97.9743008873 57.8165261059
ellCheck/Formatter/JSON.hs 82.0655806628 887.4010812304 97.9743008873 64.2405845621
ellCheck/Formatter/TTY.hs 3.8580246914 829.5845551245 78.2075559714 122.0571106680
ellCheck/Interface.hs 3.8580246914 369.8313079853 32.7425873412 371.6339672423
ellCheck/Parser.hs 36.6006120326 369.8313079853 824.2099572094 361.4522147151
ellCheck/Regex.hs 36.6006120326 731.2835227004 824.2099572094 10.1817525272
ickrun 238.1899252832 970.4932198056 17.7753675584 29.5067801944
icktest 159.9783080260 970.4932198056 78.2116172572 29.5067801944
ravis.yml 85.3217642805 970.4932198056 74.6565437455 29.5067801944
st/shellcheck.hs 0.0000000000 970.4932198056 85.3217642805 29.5067801944
tup.hs 0.0000000000 951.6416657925 200.3206639630 18.8515540131
xtnumber 200.3206639630 951.6416657925 55.6446288786 18.8515540131

ack.yaml 0.0000000000 0.0000000000 3.7731780940 952.6548218137
ellcheck.hs 255.9652928417 952.6548218137 744.0347071583 47.3451781863
ellCheck/Analytics.hs 217.1713763491 0.0000000000 782.8286236509 371.5364114075
ellCheck/Analyzer.hs 857.5556468944 371.5364114075 142.4443531056 32.4445762634
ellCheck/AnalyzerLib.hs 857.5556468944 403.9809876709 142.4443531056 548.6738341428
ellCheck/AST.hs 3.7731780940 0.0000000000 106.6990991276 371.5364114075
ellCheck/ASTLib.hs 110.4722772216 0.0000000000 106.6990991276 371.5364114075
ellCheck/Checker.hs 768.7115020564 742.2685457217 88.8441448380 210.3862760920
ellCheck/Checks/Commands.hs 229.3006226828 742.2685457217 334.3859297474 210.3862760920
ellCheck/Checks/ShellSupport.hs 563.6865524302 742.2685457217 205.0249496262 210.3862760920
ellCheck/Data.hs 176.0917667084 742.2685457217 53.2088559744 210.3862760920
ellCheck/Formatter/CheckStyle.hs 3.7731780940 742.2685457217 95.4738126107 88.2072772284
ellCheck/Formatter/Format.hs 99.2469907047 742.2685457217 76.8447760037 88.2072772284
ellCheck/Formatter/GCC.hs 80.2658198692 830.4758229501 95.8259468392 57.8742626196
ellCheck/Formatter/JSON.hs 80.2658198692 888.3500855697 95.8259468392 64.3047362440
ellCheck/Formatter/TTY.hs 3.7731780940 830.4758229501 76.4926417752 122.1789988636
ellCheck/Interface.hs 3.7731780940 371.5364114075 32.4115992374 370.7321343142
ellCheck/Parser.hs 36.1847773314 371.5364114075 821.3708695630 360.7292436750
ellCheck/Regex.hs 36.1847773314 732.2656550825 821.3708695630 10.0028906392
ickrun 238.1899252832 971.1114166999 17.7753675584 28.8885833001
icktest 159.9783080260 971.1114166999 78.2116172572 28.8885833001
ravis.yml 85.3217642806 971.1114166999 74.6565437455 28.8885833001
st/shellcheck.hs 0.0000000000 971.1114166999 85.3217642806 28.8885833001
tup.hs 0.0000000000 952.6548218137 200.3206639630 18.4565948862
xtnumber 200.3206639630 952.6548218137 55.6446288786 18.4565948862

