new coffee 20
Africa/NorthernAfrica/DZA 0.0000000000 0.0000000000 61.1591345537 188.8545047800
Africa/NorthernAfrica/EGY 13.4452010094 188.8545047800 47.7139335443 26.1079054996
Africa/NorthernAfrica/MAR 13.4452010094 214.9624102796 47.7139335443 77.8517968854
Africa/NorthernAfrica/TUN 0.0000000000 188.8545047800 13.4452010094 103.9597023849
America/NorthernAmerica/CAN 61.1591345537 0.0000000000 930.4731928554 38.4907619907
America/NorthernAmerica/MEX 991.6323274091 0.0000000000 8.3676725909 38.4907619907
America/NorthernAmerica/USA 61.1591345537 38.4907619907 938.8408654463 242.6970202428
America/SouthernAmerica/ARG 61.1591345537 281.1877822335 730.9857625890 11.6258949087
America/SouthernAmerica/CHL 792.1448971427 281.1877822335 207.8551028573 11.6258949087
America/SouthernAmerica/COL 61.1591345513 292.8136771422 938.8408654487 0.0005300228
Asia/EasternAsia/CHN 857.6967622139 292.8142071649 142.3032377861 10.2227983205
Asia/EasternAsia/JPN 857.6967622139 303.0370054854 142.3032377861 554.5367288651
Asia/EasternAsia/KOR 857.6967622139 857.5737343505 142.3032377861 87.0947126983
Asia/SouthEasternAsia/IDN 903.1648954400 944.6684470488 1.8049910809 27.0245731606
Asia/SouthEasternAsia/MYS 904.9698865208 944.6684470488 95.0301134792 27.0245731606
Asia/SouthEasternAsia/PHL 999.5107849535 971.6930202094 0.4892150465 28.3069797906
Asia/SouthEasternAsia/SGP 903.1648954400 971.7364018748 96.3458895136 28.2635981252
Asia/SouthEasternAsia/THA 903.1648954400 971.6930202094 96.3458895136 0.0433816654
Asia/WesternAsia/IND 857.6967622139 944.6684470488 45.4681332261 1.9576023820
Asia/WesternAsia/TUR 857.6967622139 946.6260494308 45.4681332261 53.3739505692
AustraliaandNewZealand/NZL 854.9765824058 292.8142071649 2.7201798081 707.1857928351
Europe/EasternEurope/BGR 0.0000000000 292.8142071649 6.8961033700 56.2421734132
Europe/EasternEurope/CZE 6.8961033700 292.8142071649 115.1092671876 56.2421734132
Europe/EasternEurope/HUN 29.2540034495 349.0563805781 92.7513671081 60.0309406746
Europe/EasternEurope/POL 29.2540034495 409.0873212527 92.7513671081 207.4084784957
Europe/EasternEurope/ROU 0.0000000000 564.7371713423 29.2540034495 51.7586284062
Europe/EasternEurope/RUS 0.0000000000 468.9235609370 29.2540034495 95.8136104053
Europe/EasternEurope/SVK 0.0000000000 361.6591321699 29.2540034495 107.2644287672
Europe/EasternEurope/UKR 0.0000000000 349.0563805781 29.2540034495 12.6027515917
Europe/NorthernEurope/DNK 122.0053705576 292.8142071649 132.0244609998 98.9845293656
Europe/NorthernEurope/EST 254.0298315574 292.8142071649 17.1012266707 98.9845293656
Europe/NorthernEurope/FIN 271.1310582281 292.8142071649 162.2221812491 98.9845293656
Europe/NorthernEurope/GBR 287.9677791185 391.7987365305 145.3854603588 224.6970632179
Europe/NorthernEurope/IRL 235.2058137496 595.5764558351 52.7619653689 20.9193439133
Europe/NorthernEurope/LTU 157.5063724719 595.5764558351 77.6994412777 20.9193439133
Europe/NorthernEurope/LVA 122.0053705576 595.5764558351 35.5010019143 20.9193439133
Europe/NorthernEurope/NOR 122.0053705576 539.7224946181 165.9624085609 55.8539612171
Europe/NorthernEurope/SWE 122.0053705576 391.7987365305 165.9624085609 147.9237580875
Europe/SouthernEurope/ESP 433.3532394772 292.8142071649 359.4221644156 112.2952076156
Europe/SouthernEurope/GRC 792.7754038929 292.8142071649 62.2011785130 112.2952076156
Europe/SouthernEurope/HRV 833.8433565461 405.1094147805 21.1332258598 211.3863849680
Europe/SouthernEurope/ITA 433.3532394772 437.3496107678 400.4901170688 179.1461889806
Europe/SouthernEurope/PRT 433.3532394772 405.1094147805 323.5425567051 32.2401959873
Europe/SouthernEurope/SVN 756.8957961823 405.1094147805 76.9475603638 32.2401959873
Europe/WesternEurope/AUS 0.0000000000 616.4957997485 67.4301736450 234.6152544242
Europe/WesternEurope/CHE 67.4301736450 616.4957997485 68.4309961680 234.6152544242
Europe/WesternEurope/DEU 135.8611698130 616.4957997485 719.1154125928 234.6152544242
Europe/WesternEurope/FRA 303.0712644912 851.1110541726 551.9053179146 148.8889458274
Europe/WesternEurope/NLD 0.0000000000 851.1110541726 303.0712644912 148.8889458274

Africa/NorthernAfrica/DZA 0.0000000000 0.0000000000 41.7328248353 192.6228995377
Africa/NorthernAfrica/EGY 0.0000000000 192.6228995377 41.7328248353 20.7855047591
Africa/NorthernAfrica/MAR 0.0000000000 213.4084042968 41.7328248353 74.3565942724
Africa/NorthernAfrica/TUN 0.0000000000 287.7649985692 41.7328248353 33.6015593619
America/NorthernAmerica/CAN 41.7328248353 0.0000000000 912.6591193376 39.9976785576
America/NorthernAmerica/MEX 954.3919441729 0.0000000000 45.6080558271 39.9976785576
America/NorthernAmerica/USA 41.7328248353 39.9976785576 958.2671751647 271.8400799451
America/SouthernAmerica/ARG 41.7328248353 311.8377585027 759.8863618962 9.5287994285
America/SouthernAmerica/CHL 801.6191867316 311.8377585027 198.1164221721 9.5287994285
America/SouthernAmerica/COL 999.7356089037 311.8377585027 0.2643910963 9.5287994285
Asia/EasternAsia/CHN 854.5075557027 321.3665579312 145.4924442973 1.2448670889
Asia/EasternAsia/JPN 854.5075557027 322.6114250201 145.4924442973 513.2915270689
Asia/EasternAsia/KOR 854.5075557027 835.9029520890 145.4924442973 97.4990235740
Asia/SouthEasternAsia/IDN 885.1272458082 933.4019756630 30.3179079970 31.2837204441
Asia/SouthEasternAsia/MYS 915.4451538052 933.4019756630 69.5436461882 31.2837204441
Asia/SouthEasternAsia/PHL 984.9887999934 933.4019756630 15.0112000066 31.2837204441
Asia/SouthEasternAsia/SGP 885.3594785240 964.6856961071 114.6405214760 35.3143038929
Asia/SouthEasternAsia/THA 885.1272458082 964.6856961071 0.2322327157 35.3143038929
Asia/WesternAsia/IND 854.5075557027 933.4019756630 30.6196901055 7.2564432218
Asia/WesternAsia/TUR 854.5075557027 940.6584188849 30.6196901055 59.3415811151
AustraliaandNewZealand/NZL 851.7031786092 321.3665579312 2.8043770935 678.6334420688
Europe/EasternEurope/BGR 0.0000000000 321.3665579312 7.5307149779 52.6775036697
Europe/EasternEurope/CZE 7.5307149779 321.3665579312 101.9327660824 52.6775036697
Europe/EasternEurope/HUN 23.5255940155 374.0440616008 85.9378870448 51.2165828169
Europe/EasternEurope/POL 23.5255940155 425.2606444177 85.9378870448 199.8755814988
Europe/EasternEurope/ROU 0.0000000000 573.3614743421 23.5255940155 51.7747515744
Europe/EasternEurope/RUS 0.0000000000 502.3445512664 23.5255940155 71.0169230757
Europe/EasternEurope/SVK 0.0000000000 389.8624381478 23.5255940155 112.4821131186
Europe/EasternEurope/UKR 0.0000000000 374.0440616008 23.5255940155 15.8183765470
Europe/NorthernEurope/DNK 109.4634810603 321.3665579312 135.2612139457 93.1789438335
Europe/NorthernEurope/EST 244.7246950060 321.3665579312 19.8074174658 93.1789438335
Europe/NorthernEurope/FIN 264.5321124718 321.3665579312 193.1696932613 93.1789438335
Europe/NorthernEurope/GBR 302.3177333936 414.5455017646 155.3840723395 210.5907241519
Europe/NorthernEurope/IRL 244.7800709607 604.8307646061 57.5376624329 20.3054613104
Europe/NorthernEurope/LTU 158.6511121464 604.8307646061 86.1289588143 20.3054613104
Europe/NorthernEurope/LVA 109.4634810603 604.8307646061 49.1876310861 20.3054613104
Europe/NorthernEurope/NOR 109.4634810603 414.5455017646 51.9890746561 190.2852628415
Europe/NorthernEurope/SWE 161.4525557165 414.5455017646 140.8651776772 190.2852628415
Europe/SouthernEurope/ESP 457.7018057331 321.3665579312 338.4472023417 110.5751118103
Europe/SouthernEurope/GRC 796.1490080748 321.3665579312 55.5541705345 110.5751118103
Europe/SouthernEurope/HRV 828.1711626967 431.9416697415 23.5320159126 193.1945561750
Europe/SouthernEurope/ITA 457.7018057331 460.4422545732 370.4693569636 164.6939713433
Europe/SouthernEurope/PRT 457.7018057331 431.9416697415 300.9176478474 28.5005848317
Europe/SouthernEurope/SVN 758.6194535805 431.9416697415 69.5517091161 28.5005848317
Europe/WesternEurope/AUS -0.0000000000 625.1362259165 69.5172804206 241.6523423394
Europe/WesternEurope/CHE 69.5172804206 625.1362259165 52.9250135857 241.6523423394
Europe/WesternEurope/DEU 122.4422940064 625.1362259165 729.2608846029 241.6523423394
Europe/WesternEurope/FRA 283.4831928571 866.7885682559 568.2199857521 133.2114317441
Europe/WesternEurope/NLD -0.0000000000 866.7885682559 283.4831928571 133.2114317441

Africa/NorthernAfrica/DZA 0.0000000000 0.0000000000 56.1460033361 214.6042309529
Africa/NorthernAfrica/EGY 12.5311742551 214.6042309529 43.6148290810 20.2438834772
Africa/NorthernAfrica/MAR 12.5311742551 234.8481144302 43.6148290810 85.9480032595
Africa/NorthernAfrica/TUN 0.0000000000 214.6042309529 12.5311742551 106.1918867367
America/NorthernAmerica/CAN 56.1460033361 0.0000000000 914.6320696379 47.1564273327
America/NorthernAmerica/MEX 970.7780729740 0.0000000000 29.2219270260 47.1564273327
America/NorthernAmerica/USA 56.1460033361 47.1564273327 943.8539966639 264.7100059664
America/SouthernAmerica/ARG 56.1460033361 311.8664332991 752.1209538788 8.9296843905
America/SouthernAmerica/CHL 808.2669572149 311.8664332991 191.5442683507 8.9296843905
America/SouthernAmerica/COL 999.8112255656 311.8664332991 0.1887744344 8.9296843905
Asia/EasternAsia/CHN 852.3829113496 320.7961176896 147.6170886504 5.7023657982
Asia/EasternAsia/JPN 852.3829113496 326.4984834878 147.6170886504 532.3317049663
Asia/EasternAsia/KOR 852.3829113496 858.8301884541 147.6170886504 80.5053639515
Asia/SouthEasternAsia/IDN 891.2756106658 939.3355524056 9.4715851369 33.0268984002
Asia/SouthEasternAsia/MYS 900.7471958027 939.3355524056 54.5496721036 33.0268984002
Asia/SouthEasternAsia/PHL 955.2968679063 939.3355524056 44.7031320937 33.0268984002
Asia/SouthEasternAsia/SGP 897.5071103329 972.3624508058 102.4928896671 27.6375491942
Asia/SouthEasternAsia/THA 891.2756106658 972.3624508058 6.2314996671 27.6375491942
Asia/WesternAsia/IND 852.3829113496 939.3355524056 38.8926993163 6.6021300529
Asia/WesternAsia/TUR 852.3829113496 945.9376824585 38.8926993163 54.0623175415
AustraliaandNewZealand/NZL 849.3540261819 320.7961176896 3.0288851677 679.2038823104
Europe/EasternEurope/BGR 0.0000000000 320.7961176896 12.1011575784 50.4292991358
Europe/EasternEurope/CZE 12.1011575784 320.7961176896 100.8191940992 50.4292991358
Europe/EasternEurope/HUN 27.2033697582 371.2254168254 85.7169819194 61.4246764596
Europe/EasternEurope/POL 27.2033697582 432.6500932850 85.7169819194 203.3746345911
Europe/EasternEurope/ROU 0.0000000000 536.7449765864 27.2033697582 99.2797512898
Europe/EasternEurope/RUS 0.0000000000 508.7367444039 27.2033697582 28.0082321824
Europe/EasternEurope/SVK 0.0000000000 401.4345936969 27.2033697582 107.3021507071
Europe/EasternEurope/UKR 0.0000000000 371.2254168254 27.2033697582 30.2091768715
Europe/NorthernEurope/DNK 112.9203516776 320.7961176896 133.9116879072 96.3400589440
Europe/NorthernEurope/EST 246.8320395848 320.7961176896 19.4221143710 96.3400589440
Europe/NorthernEurope/FIN 266.2541539558 320.7961176896 180.5949149854 96.3400589440
Europe/NorthernEurope/GBR 283.6257556866 417.1361766336 163.2233132546 218.8885512425
Europe/NorthernEurope/IRL 245.2906227380 607.3674176766 38.3351329486 28.6573101996
Europe/NorthernEurope/LTU 157.6893438874 607.3674176766 87.6012788506 28.6573101996
Europe/NorthernEurope/LVA 112.9203516776 607.3674176766 44.7689922098 28.6573101996
Europe/NorthernEurope/NOR 112.9203516776 552.0666805563 170.7054040090 55.3007371203
Europe/NorthernEurope/SWE 112.9203516776 417.1361766336 170.7054040090 134.9305039227
Europe/SouthernEurope/ESP 446.8490689412 320.7961176896 356.7841571719 107.9949547670
Europe/SouthernEurope/GRC 803.6332261131 320.7961176896 45.7208000687 107.9949547670
Europe/SouthernEurope/HRV 828.8813069879 428.7910724567 20.4727191939 207.2336554195
Europe/SouthernEurope/ITA 446.8490689412 458.5294058210 382.0322380467 177.4953220552
Europe/SouthernEurope/PRT 446.8490689412 428.7910724567 310.0449936223 29.7383333643
Europe/SouthernEurope/SVN 756.8940625635 428.7910724567 71.9872444244 29.7383333643
Europe/WesternEurope/AUS 0.0000000000 636.0247278761 72.3819917925 242.9471625470
Europe/WesternEurope/CHE 72.3819917925 636.0247278761 67.0446064868 242.9471625470
Europe/WesternEurope/DEU 139.4265982792 636.0247278761 709.9274279026 242.9471625470
Europe/WesternEurope/FRA 225.1697437977 878.9718904232 624.1842823841 121.0281095768
Europe/WesternEurope/NLD 0.0000000000 878.9718904232 225.1697437977 121.0281095768

Africa/NorthernAfrica/DZA 0.0000000000 0.0000000000 61.1184953453 228.2168029777
Africa/NorthernAfrica/EGY 13.5460076900 228.2168029777 47.5724876553 23.8741233185
Africa/NorthernAfrica/MAR 13.5460076900 252.0909262963 47.5724876553 81.5768693221
Africa/NorthernAfrica/TUN 0.0000000000 228.2168029777 13.5460076900 105.4509926406
America/NorthernAmerica/CAN 61.1184953453 0.0000000000 909.9295685441 47.9963906675
America/NorthernAmerica/MEX 971.0480638893 0.0000000000 28.9519361107 47.9963906675
America/NorthernAmerica/USA 61.1184953453 47.9963906675 938.8815046547 278.0660969472
America/SouthernAmerica/ARG 61.1184953453 326.0624876147 736.0975572547 7.6053080036
America/SouthernAmerica/CHL 797.2160525999 326.0624876147 202.3925348251 7.6053080036
America/SouthernAmerica/COL 999.6085874250 326.0624876147 0.3914125750 7.6053080036
Asia/EasternAsia/CHN 848.8139626292 333.6677956183 151.1860373708 4.9969622784
Asia/EasternAsia/JPN 848.8139626292 338.6647578967 151.1860373708 529.8137492792
Asia/EasternAsia/KOR 848.8139626292 868.4785071759 151.1860373708 76.9059303462
Asia/SouthEasternAsia/IDN 881.4449823403 945.3844375221 10.5751555846 28.9734465399
Asia/SouthEasternAsia/MYS 892.0201379249 945.3844375221 82.1419512107 28.9734465399
Asia/SouthEasternAsia/PHL 974.1620891356 945.3844375221 25.8379108644 28.9734465399
Asia/SouthEasternAsia/SGP 882.5999687457 974.3578840620 117.4000312543 25.6421159380
Asia/SouthEasternAsia/THA 881.4449823403 974.3578840620 1.1549864054 25.6421159380
Asia/WesternAsia/IND 848.8139626292 945.3844375221 32.6310197111 8.4079726995
Asia/WesternAsia/TUR 848.8139626292 953.7924102215 32.6310197111 46.2075897785
AustraliaandNewZealand/NZL 846.3333510640 333.6677956183 2.4806115652 666.3322043817
Europe/EasternEurope/BGR 0.0000000000 333.6677956183 21.5222538316 45.5355029763
Europe/EasternEurope/CZE 21.5222538316 333.6677956183 111.0152801134 45.5355029763
Europe/EasternEurope/HUN 38.5049612163 379.2032985947 94.0325727286 68.2967757323
Europe/EasternEurope/POL 38.5049612163 447.5000743269 94.0325727286 199.0222829034
Europe/EasternEurope/ROU 0.0000000000 509.1741413756 38.5049612163 137.3482158547
Europe/EasternEurope/RUS 0.0000000000 476.6234982686 38.5049612163 32.5506431070
Europe/EasternEurope/SVK 0.0000000000 404.6203883289 38.5049612163 72.0031099397
Europe/EasternEurope/UKR 0.0000000000 379.2032985947 38.5049612163 25.4170897342
Europe/NorthernEurope/DNK 132.5375339449 333.6677956183 129.0816721645 96.4731691562
Europe/NorthernEurope/EST 261.6192061094 333.6677956183 20.9365048288 96.4731691562
Europe/NorthernEurope/FIN 282.5557109382 333.6677956183 162.4125416645 96.4731691562
Europe/NorthernEurope/GBR 299.4744088527 430.1409647746 145.4938437500 216.3813924558
Europe/NorthernEurope/IRL 250.2093852256 609.3467666200 49.2650236272 37.1755906103
Europe/NorthernEurope/LTU 176.6080731765 609.3467666200 73.6013120490 37.1755906103
Europe/NorthernEurope/LVA 132.5375339449 609.3467666200 44.0705392316 37.1755906103
Europe/NorthernEurope/NOR 132.5375339449 553.6220666431 166.9368749078 55.7246999769
Europe/NorthernEurope/SWE 132.5375339449 430.1409647746 166.9368749078 123.4811018685
Europe/SouthernEurope/ESP 444.9682526027 333.6677956183 358.2273306658 108.7248548899
Europe/SouthernEurope/GRC 803.1955832685 333.6677956183 43.1377677955 108.7248548899
Europe/SouthernEurope/HRV 826.2947386870 442.3926505082 20.0386123771 204.1297067222
Europe/SouthernEurope/ITA 444.9682526027 474.3714664587 381.3264860843 172.1508907717
Europe/SouthernEurope/PRT 444.9682526027 442.3926505082 309.9809202190 31.9788159505
Europe/SouthernEurope/SVN 754.9491728217 442.3926505082 71.3455658653 31.9788159505
Europe/WesternEurope/AUS -0.0000000000 646.5223572303 76.9522275386 233.3755686181
Europe/WesternEurope/CHE 76.9522275386 646.5223572303 67.8191482558 233.3755686181
Europe/WesternEurope/DEU 144.7713757944 646.5223572303 701.5619752696 233.3755686181
Europe/WesternEurope/FRA 253.9954679264 879.8979258485 592.3378831377 120.1020741515
Europe/WesternEurope/NLD -0.0000000000 879.8979258485 253.9954679264 120.1020741515

Africa/NorthernAfrica/DZA 0.0000000000 0.0000000000 55.1464531795 235.0098681266
Africa/NorthernAfrica/EGY 12.5933216861 235.0098681266 42.5531314933 19.8608095833
Africa/NorthernAfrica/MAR 12.5933216861 254.8706777098 42.5531314933 94.0091931146
Africa/NorthernAfrica/TUN 0.0000000000 235.0098681266 12.5933216861 113.8700026978
America/NorthernAmerica/CAN 55.1464531795 0.0000000000 924.9721875060 48.3266068288
America/NorthernAmerica/MEX 980.1186406854 0.0000000000 19.8813593146 48.3266068288
America/NorthernAmerica/USA 55.1464531795 48.3266068288 944.8535468205 292.3971003029
America/SouthernAmerica/ARG 55.1464531794 340.7237071317 718.3671527992 8.1561636927
America/SouthernAmerica/CHL 773.5136059786 340.7237071317 214.5135558700 8.1561636927
America/SouthernAmerica/COL 988.0271618486 340.7237071317 11.9728381514 8.1561636927
Asia/EasternAsia/CHN 836.5439086073 348.8798708244 163.4560913927 3.9648743734
Asia/EasternAsia/JPN 836.5439086073 352.8447451978 163.4560913927 519.3529663532
Asia/EasternAsia/KOR 836.5439086073 872.1977115510 163.4560913927 72.1755171124
Asia/SouthEasternAsia/IDN 880.7436305250 944.3732286634 28.3061045429 41.2887389362
Asia/SouthEasternAsia/MYS 909.0497350679 944.3732286634 59.5239216858 41.2887389362
Asia/SouthEasternAsia/PHL 968.5736567537 944.3732286634 31.4263432463 41.2887389362
Asia/SouthEasternAsia/SGP 884.7800354323 985.6619675996 115.2199645677 14.3380324004
Asia/SouthEasternAsia/THA 880.7436305250 985.6619675996 4.0364049073 14.3380324004
Asia/WesternAsia/IND 836.5439086073 944.3732286634 44.1997219176 10.9507629039
Asia/WesternAsia/TUR 836.5439086073 955.3239915674 44.1997219176 44.6760084326
AustraliaandNewZealand/NZL 834.1826487610 348.8798708244 2.3612598463 651.1201291756
Europe/EasternEurope/BGR 0.0000000000 348.8798708244 30.6126122722 43.7583207244
Europe/EasternEurope/CZE 30.6126122722 348.8798708244 100.2221697601 43.7583207244
Europe/EasternEurope/HUN 26.7223881827 392.6381915488 104.1123938497 51.5509283525
Europe/EasternEurope/POL 26.7223881827 444.1891199013 104.1123938497 156.8580108237
Europe/EasternEurope/ROU 26.7223881827 601.0471307250 104.1123938497 53.9837253620
Europe/EasternEurope/RUS 0.0000000000 533.8319007089 26.7223881827 121.1989553781
Europe/EasternEurope/SVK 0.0000000000 435.1543755065 26.7223881827 98.6775252025
Europe/EasternEurope/UKR 0.0000000000 392.6381915488 26.7223881827 42.5161839577
Europe/NorthernEurope/DNK 130.8347820324 348.8798708244 128.5714531901 94.8782882148
Europe/NorthernEurope/EST 259.4062352225 348.8798708244 20.9746309795 94.8782882148
Europe/NorthernEurope/FIN 280.3808662020 348.8798708244 154.5725359660 94.8782882148
Europe/NorthernEurope/GBR 290.4829155004 443.7581590391 144.4704866676 211.2726970479
Europe/NorthernEurope/IRL 251.2963637207 612.6681789316 39.1865517797 42.3626771554
Europe/NorthernEurope/LTU 181.4897910517 612.6681789316 69.8065726690 42.3626771554
Europe/NorthernEurope/LVA 130.8347820324 612.6681789316 50.6550090193 42.3626771554
Europe/NorthernEurope/NOR 130.8347820324 562.3318666627 159.6481334680 50.3363122690
Europe/NorthernEurope/SWE 130.8347820324 443.7581590391 159.6481334680 118.5737076235
Europe/SouthernEurope/ESP 434.9534021680 348.8798708244 312.3967484432 109.1873164543
Europe/SouthernEurope/GRC 747.3501506112 348.8798708244 51.4850317490 109.1873164543
Europe/SouthernEurope/HRV 798.8351823603 348.8798708244 35.3474664008 109.1873164543
Europe/SouthernEurope/ITA 497.3273778773 458.0671872787 336.8552708838 196.9636688083
Europe/SouthernEurope/PRT 434.9534021680 493.5882703670 62.3739757093 161.4425857200
Europe/SouthernEurope/SVN 434.9534021680 458.0671872787 62.3739757093 35.5210830883
Europe/WesternEurope/AUS 0.0000000000 655.0308560870 60.0998529296 221.7957277225
Europe/WesternEurope/CHE 60.0998529296 655.0308560870 74.0899362474 221.7957277225
Europe/WesternEurope/DEU 134.1897891769 655.0308560870 699.9928595841 221.7957277225
Europe/WesternEurope/FRA 291.2578270084 876.8265838096 542.9248217527 123.1734161904
Europe/WesternEurope/NLD 0.0000000000 876.8265838096 291.2578270084 123.1734161904

Africa/NorthernAfrica/DZA 0.0000000000 0.0000000000 50.3151896583 188.3862230135
Africa/NorthernAfrica/EGY 16.9633032015 188.3862230135 33.3518864568 20.8103697211
Africa/NorthernAfrica/MAR 16.9633032015 209.1965927346 33.3518864568 105.3923527543
Africa/NorthernAfrica/TUN 0.0000000000 188.3862230135 16.9633032015 126.2027224754
America/NorthernAmerica/CAN 50.3151896583 0.0000000000 911.3562018511 57.2951263119
America/NorthernAmerica/MEX 961.6713915094 0.0000000000 38.3286084906 57.2951263119
America/NorthernAmerica/USA 50.3151896583 57.2951263119 949.6848103417 249.4212896934
America/SouthernAmerica/ARG 50.3151896583 306.7164160053 597.7489634151 7.8725294835
America/SouthernAmerica/CHL 648.0641530734 306.7164160053 276.1805408234 7.8725294835
America/SouthernAmerica/COL 924.2446938968 306.7164160053 75.7553061032 7.8725294835
Asia/EasternAsia/CHN 847.6567997812 314.5889454888 152.3432002188 6.8851387806
Asia/EasternAsia/JPN 847.6567997812 321.4740842694 152.3432002188 553.2067578472
Asia/EasternAsia/KOR 847.6567997812 874.6808421166 152.3432002188 69.3704953000
Asia/SouthEasternAsia/IDN 887.5371607999 944.0513374165 18.4148776576 40.3959380273
Asia/SouthEasternAsia/MYS 905.9520384576 944.0513374165 64.7443973687 40.3959380273
Asia/SouthEasternAsia/PHL 970.6964358263 944.0513374165 29.3035641737 40.3959380273
Asia/SouthEasternAsia/SGP 894.5712362986 984.4472754439 105.4287637014 15.5527245561
Asia/SouthEasternAsia/THA 887.5371607999 984.4472754439 7.0340754987 15.5527245561
Asia/WesternAsia/IND 847.6567997812 944.0513374165 39.8803610188 7.0298907867
Asia/WesternAsia/TUR 847.6567997812 951.0812282032 39.8803610188 48.9187717968
AustraliaandNewZealand/NZL 844.6102179549 314.5889454888 3.0465818262 685.4110545112
Europe/EasternEurope/BGR 0.0000000000 314.5889454888 39.9001882007 50.1410001223
Europe/EasternEurope/CZE 39.9001882007 314.5889454888 99.1824311946 50.1410001223
Europe/EasternEurope/HUN 35.5708860464 364.7299456111 103.5117333489 52.9179745341
Europe/EasternEurope/POL 35.5708860464 417.6479201452 103.5117333489 148.3534671675
Europe/EasternEurope/ROU 35.5708860464 566.0013873128 103.5117333489 71.6727106486
Europe/EasternEurope/RUS 0.0000000000 507.7993248609 35.5708860464 129.8747731005
Europe/EasternEurope/SVK 0.0000000000 429.6152743344 35.5708860464 78.1840505265
Europe/EasternEurope/UKR 0.0000000000 364.7299456111 35.5708860464 64.8853287233
Europe/NorthernEurope/DNK 139.0826193954 314.5889454888 127.3078700684 99.6427087839
Europe/NorthernEurope/EST 266.3904894638 314.5889454888 26.1709867006 99.6427087839
Europe/NorthernEurope/FIN 292.5614761644 314.5889454888 148.3205425765 99.6427087839
Europe/NorthernEurope/GBR 303.4873988181 414.2316542728 137.3946199228 223.4424436886
Europe/NorthernEurope/IRL 259.3134445982 586.1379848171 44.1739542199 51.5361131443
Europe/NorthernEurope/LTU 184.3733616513 586.1379848171 74.9400829469 51.5361131443
Europe/NorthernEurope/LVA 139.0826193954 586.1379848171 45.2907422559 51.5361131443
Europe/NorthernEurope/NOR 139.0826193954 536.0676081855 164.4047794227 50.0703766317
Europe/NorthernEurope/SWE 139.0826193954 414.2316542728 164.4047794227 121.8359539127
Europe/SouthernEurope/ESP 440.8820187409 314.5889454888 342.1915542753 103.4649727106
Europe/SouthernEurope/GRC 783.0735730162 314.5889454888 61.5366449387 103.4649727106
Europe/SouthernEurope/HRV 827.0875775257 418.0539181994 17.5226404293 219.6201797620
Europe/SouthernEurope/ITA 440.8820187409 452.6750089612 386.2055587848 184.9990890002
Europe/SouthernEurope/PRT 440.8820187409 418.0539181994 315.9177835259 34.6210907618
Europe/SouthernEurope/SVN 756.7998022668 418.0539181994 70.2877752589 34.6210907618
Europe/WesternEurope/AUS 0.0000000000 637.6740979614 77.8994001923 234.0959873249
Europe/WesternEurope/CHE 77.8994001923 637.6740979614 81.9721158119 234.0959873249
Europe/WesternEurope/DEU 159.8715160042 637.6740979614 684.7387019507 234.0959873249
Europe/WesternEurope/FRA 282.6725362801 871.7700852863 561.9376816748 128.2299147137
Europe/WesternEurope/NLD 0.0000000000 871.7700852863 282.6725362801 128.2299147137

Africa/NorthernAfrica/DZA 0.0000000000 0.0000000000 53.1334692789 205.2601604263
Africa/NorthernAfrica/EGY 13.7554094612 205.2601604263 39.3780598177 25.2109451862
Africa/NorthernAfrica/MAR 13.7554094612 230.4711056125 39.3780598177 96.4359475584
Africa/NorthernAfrica/TUN 0.0000000000 205.2601604263 13.7554094612 121.6468927446
America/NorthernAmerica/CAN 53.1334692789 0.0000000000 919.6916559947 53.9752985940
America/NorthernAmerica/MEX 972.8251252736 0.0000000000 27.1748747264 53.9752985940
America/NorthernAmerica/USA 53.1334692789 53.9752985940 946.8665307211 267.0052683863
America/SouthernAmerica/ARG 53.1334692789 320.9805669803 521.4684752199 5.9264861906
America/SouthernAmerica/CHL 574.6019444988 320.9805669803 300.9324855120 5.9264861906
America/SouthernAmerica/COL 875.5344300108 320.9805669803 124.4655699892 5.9264861906
Asia/EasternAsia/CHN 833.7688766662 326.9070531709 166.2311233338 7.9297201891
Asia/EasternAsia/JPN 833.7688766662 334.8367733600 166.2311233338 528.1789490491
Asia/EasternAsia/KOR 833.7688766662 863.0157224091 166.2311233338 66.9684703092
Asia/SouthEasternAsia/IDN 866.7450350642 929.9841927183 14.6961191952 47.3199983791
Asia/SouthEasternAsia/MYS 881.4411542594 929.9841927183 63.6814176910 47.3199983791
Asia/SouthEasternAsia/PHL 945.1225719504 929.9841927183 54.8774280496 47.3199983791
Asia/SouthEasternAsia/SGP 871.9031303628 977.3041910974 128.0968696372 22.6958089026
Asia/SouthEasternAsia/THA 866.7450350642 977.3041910974 5.1580952986 22.6958089026
Asia/WesternAsia/IND 833.7688766662 929.9841927183 32.9761583980 7.8792807347
Asia/WesternAsia/TUR 833.7688766662 937.8634734530 32.9761583980 62.1365265470
AustraliaandNewZealand/NZL 830.7651451268 326.9070531709 3.0037315394 673.0929468291
Europe/EasternEurope/BGR 0.0000000000 326.9070531709 41.1363765569 47.5591783036
Europe/EasternEurope/CZE 41.1363765569 326.9070531709 96.2573868844 47.5591783036
Europe/EasternEurope/HUN 37.4472938254 374.4662314745 99.9464696159 47.2784846309
Europe/EasternEurope/POL 37.4472938254 421.7447161053 99.9464696159 150.9490028646
Europe/EasternEurope/ROU 37.4472938254 572.6937189699 99.9464696159 64.8116179457
Europe/EasternEurope/RUS 0.0000000000 494.1041029503 37.4472938254 143.4012339653
Europe/EasternEurope/SVK 0.0000000000 428.7471757800 37.4472938254 65.3569271703
Europe/EasternEurope/UKR 0.0000000000 374.4662314745 37.4472938254 54.2809443056
Europe/NorthernEurope/DNK 137.3937634413 326.9070531709 132.4279201285 86.7540754242
Europe/NorthernEurope/EST 269.8216835698 326.9070531709 34.6607411969 86.7540754242
Europe/NorthernEurope/FIN 304.4824247667 326.9070531709 144.8824577766 86.7540754242
Europe/NorthernEurope/GBR 308.7454422113 413.6611285951 140.6194403320 223.8442083205
Europe/NorthernEurope/IRL 262.2925653041 584.8116613655 46.4528769072 52.6936755501
Europe/NorthernEurope/LTU 187.4593598975 584.8116613655 74.8332054066 52.6936755501
Europe/NorthernEurope/LVA 137.3937634413 584.8116613655 50.0655964562 52.6936755501
Europe/NorthernEurope/NOR 137.3937634413 413.6611285951 48.1864426874 171.1505327704
Europe/NorthernEurope/SWE 185.5802061287 413.6611285951 123.1652360826 171.1505327704
Europe/SouthernEurope/ESP 449.3648825433 326.9070531709 318.9840939095 105.4302300252
Europe/SouthernEurope/GRC 768.3489764529 326.9070531709 62.4161686739 105.4302300252
Europe/SouthernEurope/HRV 812.2236273725 432.3372831961 18.5415177543 205.1680537195
Europe/SouthernEurope/ITA 449.3648825433 464.3204583559 362.8587448292 173.1848785597
Europe/SouthernEurope/PRT 449.3648825433 432.3372831961 290.3976275856 31.9831751598
Europe/SouthernEurope/SVN 739.7625101289 432.3372831961 72.4611172436 31.9831751598
Europe/WesternEurope/AUS 0.0000000000 637.5053369156 70.8519959276 231.2542291802
Europe/WesternEurope/CHE 70.8519959276 637.5053369156 81.8840536581 231.2542291802
Europe/WesternEurope/DEU 152.7360495857 637.5053369156 678.0290955411 231.2542291802
Europe/WesternEurope/FRA 263.2018815195 868.7595660958 567.5632636073 131.2404339042
Europe/WesternEurope/NLD 0.0000000000 868.7595660958 263.2018815195 131.2404339042

Africa/NorthernAfrica/DZA 0.0000000000 0.0000000000 56.5837831920 231.7491326260
Africa/NorthernAfrica/EGY 6.5558323137 231.7491326260 50.0279508783 17.2021050867
Africa/NorthernAfrica/MAR 6.5558323137 248.9512377127 50.0279508783 76.1445460970
Africa/NorthernAfrica/TUN 0.0000000000 231.7491326260 6.5558323137 93.3466511838
America/NorthernAmerica/CAN 56.5837831920 0.0000000000 903.4908584953 51.5140513373
America/NorthernAmerica/MEX 960.0746416872 0.0000000000 39.9253583128 51.5140513373
America/NorthernAmerica/USA 56.5837831920 51.5140513373 943.4162168080 267.0989082623
America/SouthernAmerica/ARG 56.5837831920 318.6129595995 582.3800253091 6.4828242102
America/SouthernAmerica/CHL 638.9638085011 318.6129595995 307.5935337856 6.4828242102
America/SouthernAmerica/COL 946.5573422867 318.6129595995 53.4426577133 6.4828242102
Asia/EasternAsia/CHN 848.3755639682 325.0957838098 151.6244360318 13.0169466258
Asia/EasternAsia/JPN 848.3755639682 338.1127304356 151.6244360318 509.2356728043
Asia/EasternAsia/KOR 848.3755639682 847.3484032398 151.6244360318 69.3265817693
Asia/SouthEasternAsia/IDN 878.3104381481 916.6749850091 15.7391331463 50.0787852108
Asia/SouthEasternAsia/MYS 894.0495712944 916.6749850091 48.4836353691 50.0787852108
Asia/SouthEasternAsia/PHL 942.5332066635 916.6749850091 57.4667933365 50.0787852108
Asia/SouthEasternAsia/SGP 883.3135589727 966.7537702199 116.6864410273 33.2462297801
Asia/SouthEasternAsia/THA 878.3104381481 966.7537702199 5.0031208246 33.2462297801
Asia/WesternAsia/IND 848.3755639682 916.6749850091 29.9348741799 23.3408758573
Asia/WesternAsia/TUR 848.3755639682 940.0158608665 29.9348741799 59.9841391335
AustraliaandNewZealand/NZL 845.3522238572 325.0957838098 3.0233401110 674.9042161902
Europe/EasternEurope/BGR 0.0000000000 325.0957838098 49.2005776274 49.2947594155
Europe/EasternEurope/CZE 49.2005776274 325.0957838098 100.2817797254 49.2947594155
Europe/EasternEurope/HUN 38.6362645233 374.3905432253 110.8460928294 45.7531726583
Europe/EasternEurope/POL 38.6362645233 420.1437158836 110.8460928294 156.4869265213
Europe/EasternEurope/ROU 38.6362645233 576.6306424049 110.8460928294 63.8477181229
Europe/EasternEurope/RUS 0.0000000000 497.6392519991 38.6362645233 142.8391085287
Europe/EasternEurope/SVK 0.0000000000 432.1768953981 38.6362645233 65.4623566009
Europe/EasternEurope/UKR 0.0000000000 374.3905432253 38.6362645233 57.7863521728
Europe/NorthernEurope/DNK 149.4823573527 325.0957838098 119.9095203800 85.1250201673
Europe/NorthernEurope/EST 269.3918777327 325.0957838098 45.0226946503 85.1250201673
Europe/NorthernEurope/FIN 314.4145723830 325.0957838098 142.6465055575 85.1250201673
Europe/NorthernEurope/GBR 313.7879252097 410.2208039770 143.2731527307 230.2575565508
Europe/NorthernEurope/IRL 261.4811408953 582.6955842921 52.3067843144 57.7827762357
Europe/NorthernEurope/LTU 194.0149115823 582.6955842921 67.4662293130 57.7827762357
Europe/NorthernEurope/LVA 149.4823573527 582.6955842921 44.5325542296 57.7827762357
Europe/NorthernEurope/NOR 149.4823573527 536.2585370300 164.3055678570 46.4370472621
Europe/NorthernEurope/SWE 149.4823573527 410.2208039770 164.3055678570 126.0377330530
Europe/SouthernEurope/ESP 457.0610779405 325.0957838098 325.2229101601 113.3461708807
Europe/SouthernEurope/GRC 782.2839881005 325.0957838098 63.0682357567 113.3461708807
Europe/SouthernEurope/HRV 827.2826860170 438.4419546905 18.0695378402 202.0364058373
Europe/SouthernEurope/ITA 457.0610779405 468.9109808318 370.2216080766 171.5673796960
Europe/SouthernEurope/PRT 457.0610779405 438.4419546905 308.2246827077 30.4690261414
Europe/SouthernEurope/SVN 765.2857606481 438.4419546905 61.9969253689 30.4690261414
Europe/WesternEurope/AUS 0.0000000000 640.4783605278 78.6041075951 222.2450613752
Europe/WesternEurope/CHE 78.6041075951 640.4783605278 90.0072915289 222.2450613752
Europe/WesternEurope/DEU 168.6113991240 640.4783605278 676.7408247332 222.2450613752
Europe/WesternEurope/FRA 297.2912700659 862.7234219030 548.0609537913 137.2765780970
Europe/WesternEurope/NLD 0.0000000000 862.7234219030 297.2912700659 137.2765780970

Africa/NorthernAfrica/DZA 0.0000000000 0.0000000000 58.1101815611 223.6029806026
Africa/NorthernAfrica/EGY 15.8191223645 223.6029806026 42.2910591966 21.5352936617
Africa/NorthernAfrica/MAR 15.8191223645 245.1382742642 42.2910591966 80.1129837869
Africa/NorthernAfrica/TUN 0.0000000000 223.6029806026 15.8191223645 101.6482774486
America/NorthernAmerica/CAN 58.1101815611 0.0000000000 910.7743277892 50.7396752074
America/NorthernAmerica/MEX 968.8845093503 0.0000000000 31.1154906497 50.7396752074
America/NorthernAmerica/USA 58.1101815611 50.7396752074 941.8898184389 267.2297463958
America/SouthernAmerica/ARG 58.1101815611 317.9694216032 583.2018587082 7.2818364480
America/SouthernAmerica/CHL 641.3120402693 317.9694216032 274.9618498469 7.2818364480
America/SouthernAmerica/COL 916.2738901162 317.9694216032 83.7261098838 7.2818364480
Asia/EasternAsia/CHN 848.1730368071 325.2512580512 151.8269631929 12.2493904154
Asia/EasternAsia/JPN 848.1730368071 337.5006484666 151.8269631929 510.8921487184
Asia/EasternAsia/KOR 848.1730368071 848.3927971849 151.8269631929 72.8728817370
Asia/SouthEasternAsia/IDN 888.0570368971 921.2656789220 19.6777014219 40.1870959922
Asia/SouthEasternAsia/MYS 907.7347383190 921.2656789220 64.7129526423 40.1870959922
Asia/SouthEasternAsia/PHL 972.4476909613 921.2656789220 27.5523090387 40.1870959922
Asia/SouthEasternAsia/SGP 891.7285723015 961.4527749142 108.2714276985 38.5472250858
Asia/SouthEasternAsia/THA 888.0570368971 961.4527749142 3.6715354043 38.5472250858
Asia/WesternAsia/IND 848.1730368071 921.2656789220 39.8840000900 25.9250386933
Asia/WesternAsia/TUR 848.1730368071 947.1907176152 39.8840000900 52.8092823848
AustraliaandNewZealand/NZL 845.3037948639 325.2512580512 2.8692419432 674.7487419488
Europe/EasternEurope/BGR 0.0000000000 325.2512580512 45.4396774099 53.1033072940
Europe/EasternEurope/CZE 45.4396774099 325.2512580512 101.0787311968 53.1033072940
Europe/EasternEurope/HUN 36.8258636370 378.3545653452 109.6925449696 44.2895991096
Europe/EasternEurope/POL 36.8258636370 422.6441644548 109.6925449696 151.7921358951
Europe/EasternEurope/ROU 36.8258636370 574.4363003499 109.6925449696 69.9822930847
Europe/EasternEurope/RUS 0.0000000000 501.3853353250 36.8258636370 143.0332581096
Europe/EasternEurope/SVK 0.0000000000 437.6388146370 36.8258636370 63.7465206880
Europe/EasternEurope/UKR 0.0000000000 378.3545653452 36.8258636370 59.2842492918
Europe/NorthernEurope/DNK 146.5184086066 325.2512580512 132.5255289736 82.8035193953
Europe/NorthernEurope/EST 279.0439375803 325.2512580512 39.4613886041 82.8035193953
Europe/NorthernEurope/FIN 318.5053261844 325.2512580512 152.7811632445 82.8035193953
Europe/NorthernEurope/GBR 308.0092433889 408.0547774464 163.2772460400 236.3638159882
Europe/NorthernEurope/IRL 259.2946218949 588.4612072205 48.7146214940 55.9573862141
Europe/NorthernEurope/LTU 189.6030754764 588.4612072205 69.6915464185 55.9573862141
Europe/NorthernEurope/LVA 146.5184086066 588.4612072205 43.0846668698 55.9573862141
Europe/NorthernEurope/NOR 146.5184086066 539.1337963215 161.4908347823 49.3274108991
Europe/NorthernEurope/SWE 146.5184086066 408.0547774464 161.4908347823 131.0790188750
Europe/SouthernEurope/ESP 471.2864894290 325.2512580512 304.3335714095 114.9240969989
Europe/SouthernEurope/GRC 775.6200608384 325.2512580512 69.6837340254 114.9240969989
Europe/SouthernEurope/HRV 826.8414537104 440.1753550501 18.4623411535 204.2432383846
Europe/SouthernEurope/ITA 471.2864894290 471.6040035106 355.5549642814 172.8145899241
Europe/SouthernEurope/PRT 471.2864894290 440.1753550501 289.3697783916 31.4286484605
Europe/SouthernEurope/SVN 760.6562678205 440.1753550501 66.1851858899 31.4286484605
Europe/WesternEurope/AUS 0.0000000000 644.4185934346 74.7811609597 227.1270777403
Europe/WesternEurope/CHE 74.7811609597 644.4185934346 78.9986406305 227.1270777403
Europe/WesternEurope/DEU 153.7798015902 644.4185934346 691.5239932737 227.1270777403
Europe/WesternEurope/FRA 299.5223980696 871.5456711749 545.7813967943 128.4543288251
Europe/WesternEurope/NLD 0.0000000000 871.5456711749 299.5223980696 128.4543288251

Africa/NorthernAfrica/DZA 0.0000000000 0.0000000000 48.9698839515 222.1046520201
Africa/NorthernAfrica/EGY 10.0091721949 222.1046520201 38.9607117566 20.2747118741
Africa/NorthernAfrica/MAR 10.0091721949 242.3793638942 38.9607117566 76.5329324338
Africa/NorthernAfrica/TUN 0.0000000000 222.1046520201 10.0091721949 96.8076443079
America/NorthernAmerica/CAN 48.9698839515 0.0000000000 939.3859220443 49.9616314780
America/NorthernAmerica/MEX 988.3558059958 0.0000000000 11.6441940042 49.9616314780
America/NorthernAmerica/USA 48.9698839515 49.9616314780 951.0301160485 260.1267936078
America/SouthernAmerica/ARG 48.9698839515 310.0884250858 471.9823454827 8.8238712423
America/SouthernAmerica/CHL 520.9522294343 310.0884250858 236.7262101384 8.8238712423
America/SouthernAmerica/COL 757.6784395727 310.0884250858 242.3215604273 8.8238712423
Asia/EasternAsia/CHN 837.0962293444 318.9122963280 162.9037706556 11.9220604587
Asia/EasternAsia/JPN 837.0962293444 330.8343567867 162.9037706556 501.6341920728
Asia/EasternAsia/KOR 837.0962293444 832.4685488595 162.9037706556 73.7523068305
Asia/SouthEasternAsia/IDN 894.8487467358 906.2208556900 18.8339719355 28.2227309856
Asia/SouthEasternAsia/MYS 913.6827186713 906.2208556900 86.3172813287 28.2227309856
Asia/SouthEasternAsia/PHL 962.6621021587 934.4435866756 37.3378978413 65.5564133244
Asia/SouthEasternAsia/SGP 894.8487467358 936.5407388736 67.8133554229 63.4592611264
Asia/SouthEasternAsia/THA 894.8487467358 934.4435866756 67.8133554229 2.0971521980
Asia/WesternAsia/IND 837.0962293444 906.2208556900 57.7525173914 59.7884155330
Asia/WesternAsia/TUR 837.0962293444 966.0092712230 57.7525173914 33.9907287770
AustraliaandNewZealand/NZL 834.1923706909 318.9122963280 2.9038586535 681.0877036720
Europe/EasternEurope/BGR 0.0000000000 318.9122963280 43.1999345796 56.5161803534
Europe/EasternEurope/CZE 43.1999345796 318.9122963280 103.4145668767 56.5161803534
Europe/EasternEurope/HUN 40.9100067712 375.4284766814 105.7044946852 43.7673746482
Europe/EasternEurope/POL 40.9100067712 419.1958513296 105.7044946852 150.7676116788
Europe/EasternEurope/ROU 40.9100067712 569.9634630084 105.7044946852 70.0775124555
Europe/EasternEurope/RUS 0.0000000000 491.7927171151 40.9100067712 148.2482583488
Europe/EasternEurope/SVK 0.0000000000 442.0965636626 40.9100067712 49.6961534525
Europe/EasternEurope/UKR 0.0000000000 375.4284766814 40.9100067712 66.6680869812
Europe/NorthernEurope/DNK 146.6145014563 318.9122963280 122.3524935813 87.9769317800
Europe/NorthernEurope/EST 268.9669950376 318.9122963280 41.1792740695 87.9769317800
Europe/NorthernEurope/FIN 310.1462691072 318.9122963280 152.6201101039 87.9769317800
Europe/NorthernEurope/GBR 322.5826681885 406.8892281081 140.1837110227 233.1517473558
Europe/NorthernEurope/IRL 270.3504451459 593.6224807707 52.2322230426 46.4184946931
Europe/NorthernEurope/LTU 192.6143122267 593.6224807707 77.7361329192 46.4184946931
Europe/NorthernEurope/LVA 146.6145014563 593.6224807707 45.9998107704 46.4184946931
Europe/NorthernEurope/NOR 146.6145014563 542.1290170661 175.9681667322 51.4934637046
Europe/NorthernEurope/SWE 146.6145014563 406.8892281081 175.9681667322 135.2397889581
Europe/SouthernEurope/ESP 462.7663792111 318.9122963280 308.5691547760 115.7369354444
Europe/SouthernEurope/GRC 771.3355339871 318.9122963280 62.8568367038 115.7369354444
Europe/SouthernEurope/HRV 817.4747898973 434.6492317725 16.7175807935 205.3917436914
Europe/SouthernEurope/ITA 462.7663792111 463.2305085684 354.7084106862 176.8104668955
Europe/SouthernEurope/PRT 462.7663792111 434.6492317725 290.0246759687 28.5812767959
Europe/SouthernEurope/SVN 752.7910551798 434.6492317725 64.6837347175 28.5812767959
Europe/WesternEurope/AUS 0.0000000000 640.0409754638 65.8141506968 241.1820765598
Europe/WesternEurope/CHE 65.8141506968 640.0409754638 86.7471496016 241.1820765598
Europe/WesternEurope/DEU 152.5613002984 640.0409754638 681.6310703925 241.1820765598
Europe/WesternEurope/FRA 284.4841154188 881.2230520236 549.7082552720 118.7769479764
Europe/WesternEurope/NLD 0.0000000000 881.2230520236 284.4841154188 118.7769479764

Africa/NorthernAfrica/DZA 0.0000000000 0.0000000000 54.6354738845 209.0815826577
Africa/NorthernAfrica/EGY 12.1082510642 209.0815826577 42.5272228203 17.8027633476
Africa/NorthernAfrica/MAR 12.1082510642 226.8843460053 42.5272228203 84.2894935493
Africa/NorthernAfrica/TUN 0.0000000000 209.0815826577 12.1082510642 102.0922568969
America/NorthernAmerica/CAN 54.6354738845 0.0000000000 928.9072316592 50.1711374457
America/NorthernAmerica/MEX 983.5427055437 0.0000000000 16.4572944563 50.1711374457
America/NorthernAmerica/USA 54.6354738845 50.1711374457 945.3645261155 252.5785403327
America/SouthernAmerica/ARG 54.6354738845 302.7496777784 461.4965932764 8.4241617762
America/SouthernAmerica/CHL 516.1320671609 302.7496777784 241.9933847013 8.4241617762
America/SouthernAmerica/COL 758.1254518623 302.7496777784 241.8745481377 8.4241617762
Asia/EasternAsia/CHN 848.8546271656 311.1738395546 151.1453728344 17.6102534292
Asia/EasternAsia/JPN 848.8546271656 328.7840929839 151.1453728344 501.2080333968
Asia/EasternAsia/KOR 848.8546271656 829.9921263807 151.1453728344 79.8304276642
Asia/SouthEasternAsia/IDN 887.9953349476 909.8225540449 19.1390468012 45.5583383697
Asia/SouthEasternAsia/MYS 907.1343817488 909.8225540449 92.8656182512 45.5583383697
Asia/SouthEasternAsia/PHL 978.4829301119 955.3808924145 21.5170698881 44.6191075855
Asia/SouthEasternAsia/SGP 887.9953349476 957.0798616091 90.4875951642 42.9201383909
Asia/SouthEasternAsia/THA 887.9953349476 955.3808924145 90.4875951642 1.6989691946
Asia/WesternAsia/IND 848.8546271656 909.8225540449 39.1407077820 39.9862910043
Asia/WesternAsia/TUR 848.8546271656 949.8088450492 39.1407077820 50.1911549508
AustraliaandNewZealand/NZL 846.0167050026 311.1738395546 2.8379221630 688.8261604454
Europe/EasternEurope/BGR 0.0000000000 311.1738395546 43.8011759994 56.5279383413
Europe/EasternEurope/CZE 43.8011759994 311.1738395546 118.0184861616 56.5279383413
Europe/EasternEurope/HUN 56.3794985644 367.7017778959 105.4401635966 45.3339480262
Europe/EasternEurope/POL 56.3794985644 413.0357259221 105.4401635966 145.1444720086
Europe/EasternEurope/ROU 56.3794985644 558.1801979307 105.4401635966 70.1333143937
Europe/EasternEurope/RUS 0.0000000000 469.5832348740 56.3794985644 158.7302774504
Europe/EasternEurope/SVK 0.0000000000 415.7374191175 56.3794985644 53.8458157565
Europe/EasternEurope/UKR 0.0000000000 367.7017778959 56.3794985644 48.0356412216
Europe/NorthernEurope/DNK 161.8196621610 311.1738395546 114.8771503394 84.7407539317
Europe/NorthernEurope/EST 276.6968125004 311.1738395546 37.2511799236 84.7407539317
Europe/NorthernEurope/FIN 313.9479924240 311.1738395546 149.0926055534 84.7407539317
Europe/NorthernEurope/GBR 325.1587871258 395.9145934863 137.8818108516 232.3989188381
Europe/NorthernEurope/IRL 281.1324001096 577.2203715501 44.0263870162 51.0931407742
Europe/NorthernEurope/LTU 209.3220842745 577.2203715501 71.8103158351 51.0931407742
Europe/NorthernEurope/LVA 161.8196621610 577.2203715501 47.5024221135 51.0931407742
Europe/NorthernEurope/NOR 161.8196621610 529.7301821852 163.3391249648 47.4901893650
Europe/NorthernEurope/SWE 161.8196621610 395.9145934863 163.3391249648 133.8155886989
Europe/SouthernEurope/ESP 463.0405979774 311.1738395546 323.4070898512 111.5239031880
Europe/SouthernEurope/GRC 786.4476878286 311.1738395546 59.5690171741 111.5239031880
Europe/SouthernEurope/HRV 828.6769724997 422.6977427426 17.3397325029 205.6157695817
Europe/SouthernEurope/ITA 463.0405979774 451.3826609225 365.6363745223 176.9308514018
Europe/SouthernEurope/PRT 463.0405979774 422.6977427426 301.9478529673 28.6849181799
Europe/SouthernEurope/SVN 764.9884509447 422.6977427426 63.6885215550 28.6849181799
Europe/WesternEurope/AUS -0.0000000000 628.3135123244 74.2792996991 249.7012139468
Europe/WesternEurope/CHE 74.2792996991 628.3135123244 75.1261669004 249.7012139468
Europe/WesternEurope/DEU 149.4054665996 628.3135123244 696.6112384031 249.7012139468
Europe/WesternEurope/FRA 287.1948417364 878.0147262711 558.8218632662 121.9852737289
Europe/WesternEurope/NLD -0.0000000000 878.0147262711 287.1948417364 121.9852737289

Africa/NorthernAfrica/DZA 0.0000000000 0.0000000000 68.8476899217 200.9299353926
Africa/NorthernAfrica/EGY 15.8177271473 200.9299353926 53.0299627744 16.2702944430
Africa/NorthernAfrica/MAR 15.8177271473 217.2002298356 53.0299627744 79.9927333804
Africa/NorthernAfrica/TUN 0.0000000000 200.9299353926 15.8177271473 96.2630278234
America/NorthernAmerica/CAN 68.8476899217 0.0000000000 913.3089584692 46.2697646936
America/NorthernAmerica/MEX 982.1566483909 0.0000000000 17.8433516091 46.2697646936
America/NorthernAmerica/USA 68.8476899217 46.2697646936 931.1523100783 242.9015304651
America/SouthernAmerica/ARG 68.8476899217 289.1712951587 555.3721767793 8.0216680573
America/SouthernAmerica/CHL 624.2198667010 289.1712951587 276.1124920649 8.0216680573
America/SouthernAmerica/COL 900.3323587658 289.1712951587 99.6676412342 8.0216680573
Asia/EasternAsia/CHN 852.9314268548 297.1929632160 147.0685731452 20.3551450976
Asia/EasternAsia/JPN 852.9314268548 317.5481083137 147.0685731452 449.6166624453
Asia/EasternAsia/KOR 852.9314268548 767.1647707590 147.0685731452 85.9634638755
Asia/SouthEasternAsia/IDN 885.3362227957 853.1282346344 53.8046464820 90.2328755387
Asia/SouthEasternAsia/MYS 939.1408692778 853.1282346344 60.8591307222 90.2328755387
Asia/SouthEasternAsia/PHL 956.4504302184 943.3611101731 43.5495697816 56.6388898269
Asia/SouthEasternAsia/SGP 885.3362227957 945.9149165146 71.1142074227 54.0850834854
Asia/SouthEasternAsia/THA 885.3362227957 943.3611101731 71.1142074227 2.5538063415
Asia/WesternAsia/IND 852.9314268548 853.1282346344 32.4047959409 63.9004995403
Asia/WesternAsia/TUR 852.9314268548 917.0287341747 32.4047959409 82.9712658253
AustraliaandNewZealand/NZL 850.0641208502 297.1929632160 2.8673060046 702.8070367840
Europe/EasternEurope/BGR 0.0000000000 297.1929632160 44.0416763674 61.6598868399
Europe/EasternEurope/CZE 44.0416763674 297.1929632160 121.1094665944 61.6598868399
Europe/EasternEurope/HUN 71.0787288987 358.8528500560 94.0724140631 52.2432239366
Europe/EasternEurope/POL 71.0787288987 411.0960739926 94.0724140631 138.4545259031
Europe/EasternEurope/ROU 71.0787288987 549.5505998957 94.0724140631 74.7324876517
Europe/EasternEurope/RUS 0.0000000000 475.2856879597 71.0787288987 148.9973995876
Europe/EasternEurope/SVK 0.0000000000 402.5599234915 71.0787288987 72.7257644682
Europe/EasternEurope/UKR 0.0000000000 358.8528500560 71.0787288987 43.7070734356
Europe/NorthernEurope/DNK 165.1511429618 297.1929632160 109.9427856355 85.2522638137
Europe/NorthernEurope/EST 275.0939285973 297.1929632160 41.1257332942 85.2522638137
Europe/NorthernEurope/FIN 316.2196618915 297.1929632160 139.1700945695 85.2522638137
Europe/NorthernEurope/GBR 318.0460544723 382.4452270297 137.3437019887 241.8378605177
Europe/NorthernEurope/IRL 278.4278357983 570.3047458721 39.6182186740 53.9783416753
Europe/NorthernEurope/LTU 208.9173191211 570.3047458721 69.5105166772 53.9783416753
Europe/NorthernEurope/LVA 165.1511429618 570.3047458721 43.7661761592 53.9783416753
Europe/NorthernEurope/NOR 165.1511429618 519.3640817529 152.8949115105 50.9406641193
Europe/NorthernEurope/SWE 165.1511429618 382.4452270297 152.8949115105 136.9188547231
Europe/SouthernEurope/ESP 455.3897564611 297.1929632160 328.1866881221 116.6425033967
Europe/SouthernEurope/GRC 783.5764445831 297.1929632160 66.4876762670 116.6425033967
Europe/SouthernEurope/HRV 832.3589087717 413.8354666127 17.7052120785 210.4476209347
Europe/SouthernEurope/ITA 455.3897564611 444.5620629166 376.9691523106 179.7210246308
Europe/SouthernEurope/PRT 455.3897564611 413.8354666127 310.2095440576 30.7265963039
Europe/SouthernEurope/SVN 765.5993005187 413.8354666127 66.7596082530 30.7265963039
Europe/WesternEurope/AUS -0.0000000000 624.2830875474 95.4439569145 250.8036559030
Europe/WesternEurope/CHE 95.4439569145 624.2830875474 80.8402177140 250.8036559030
Europe/WesternEurope/DEU 176.2841746285 624.2830875474 673.7799462217 250.8036559030
Europe/WesternEurope/FRA 288.4132031772 875.0867434504 561.6509176730 124.9132565496
Europe/WesternEurope/NLD -0.0000000000 875.0867434504 288.4132031772 124.9132565496

Africa/NorthernAfrica/DZA 0.0000000000 0.0000000000 84.6586309235 185.8413140005
Africa/NorthernAfrica/EGY 20.4783321209 185.8413140005 64.1802988026 45.5614214884
Africa/NorthernAfrica/MAR 20.4783321209 231.4027354890 64.1802988026 62.6611918516
Africa/NorthernAfrica/TUN 0.0000000000 185.8413140005 20.4783321209 108.2226133400
America/NorthernAmerica/CAN 84.6586309235 0.0000000000 895.5290211520 45.5409583632
America/NorthernAmerica/MEX 980.1876520755 0.0000000000 19.8123479245 45.5409583632
America/NorthernAmerica/USA 84.6586309235 45.5409583632 915.3413690765 240.5632203930
America/SouthernAmerica/ARG 84.6586309235 286.1041787561 522.0735002672 7.9597485844
America/SouthernAmerica/CHL 606.7321311907 286.1041787561 260.6740971291 7.9597485844
America/SouthernAmerica/COL 867.4062283198 286.1041787561 132.5937716802 7.9597485844
Asia/EasternAsia/CHN 855.0747631300 294.0639273406 144.9252368700 23.3177765574
Asia/EasternAsia/JPN 855.0747631300 317.3817038980 144.9252368700 452.2433210515
Asia/EasternAsia/KOR 855.0747631300 769.6250249495 144.9252368700 103.2394773209
Asia/SouthEasternAsia/IDN 897.7226592571 872.8645022704 15.4617454273 61.6940314122
Asia/SouthEasternAsia/MYS 913.1844046845 872.8645022704 86.8155953155 61.6940314122
Asia/SouthEasternAsia/PHL 967.0428349189 934.5585336826 32.9571650811 65.4414663174
Asia/SouthEasternAsia/SGP 897.7226592571 961.1818914021 69.3201756618 38.8181085979
Asia/SouthEasternAsia/THA 897.7226592571 934.5585336826 69.3201756618 26.6233577195
Asia/WesternAsia/IND 855.0747631300 872.8645022704 42.6478961271 71.2338101300
Asia/WesternAsia/TUR 855.0747631300 944.0983124004 42.6478961271 55.9016875996
AustraliaandNewZealand/NZL 852.4932454699 294.0639273406 2.5815176601 705.9360726594
Europe/EasternEurope/BGR 0.0000000000 294.0639273406 65.9044445306 67.3806355962
Europe/EasternEurope/CZE 65.9044445306 294.0639273406 111.8789539054 67.3806355962
Europe/EasternEurope/HUN 84.2165797411 361.4445629368 93.5668186949 47.9299492743
Europe/EasternEurope/POL 84.2165797411 409.3745122111 93.5668186949 149.4273164908
Europe/EasternEurope/ROU 84.2165797411 558.8018287019 93.5668186949 74.8935315502
Europe/EasternEurope/RUS 0.0000000000 483.8816315307 84.2165797411 149.8137287214
Europe/EasternEurope/SVK 0.0000000000 406.0972831226 84.2165797411 77.7843484080
Europe/EasternEurope/UKR 0.0000000000 361.4445629368 84.2165797411 44.6527201858
Europe/NorthernEurope/DNK 177.7833984360 294.0639273406 104.5198639555 91.7511115690
Europe/NorthernEurope/EST 282.3032623915 294.0639273406 35.7824444553 91.7511115690
Europe/NorthernEurope/FIN 318.0857068468 294.0639273406 136.5842689815 91.7511115690
Europe/NorthernEurope/GBR 322.1730378470 385.8150389095 132.4969379813 247.8803213426
Europe/NorthernEurope/IRL 288.7572214766 583.1532138806 33.4158163704 50.5421463715
Europe/NorthernEurope/LTU 216.2075173563 583.1532138806 72.5497041204 50.5421463715
Europe/NorthernEurope/LVA 177.7833984360 583.1532138806 38.4241189203 50.5421463715
Europe/NorthernEurope/NOR 177.7833984360 532.1849335134 144.3896394111 50.9682803672
Europe/NorthernEurope/SWE 177.7833984360 385.8150389095 144.3896394111 146.3698946039
Europe/SouthernEurope/ESP 454.6699758283 294.0639273406 327.8487741243 120.7497359051
Europe/SouthernEurope/GRC 782.5187499527 294.0639273406 69.9744955172 120.7497359051
Europe/SouthernEurope/HRV 837.0695112105 414.8136632457 15.4237342594 218.8816970064
Europe/SouthernEurope/ITA 454.6699758283 446.9920967508 382.3995353821 186.7032635013
Europe/SouthernEurope/PRT 454.6699758283 414.8136632457 320.3797385220 32.1784335051
Europe/SouthernEurope/SVN 775.0497143504 414.8136632457 62.0197968601 32.1784335051
Europe/WesternEurope/AUS 0.0000000000 633.6953602521 91.7791049138 255.0948917966
Europe/WesternEurope/CHE 91.7791049138 633.6953602521 85.5701846655 255.0948917966
Europe/WesternEurope/DEU 177.3492895792 633.6953602521 675.1439558907 255.0948917966
Europe/WesternEurope/FRA 209.9600508529 888.7902520487 642.5331946170 111.2097479513
Europe/WesternEurope/NLD 0.0000000000 888.7902520487 209.9600508529 111.2097479513

Africa/NorthernAfrica/DZA 0.0000000000 0.0000000000 74.5640680266 174.1149601743
Africa/NorthernAfrica/EGY 12.7404799216 174.1149601743 61.8235881050 49.6732478802
Africa/NorthernAfrica/MAR 12.7404799216 223.7882080545 61.8235881050 69.2516743746
Africa/NorthernAfrica/TUN 0.0000000000 174.1149601743 12.7404799216 118.9249222548
America/NorthernAmerica/CAN 74.5640680266 0.0000000000 907.5004079950 48.2147230942
America/NorthernAmerica/MEX 982.0644760216 0.0000000000 17.9355239784 48.2147230942
America/NorthernAmerica/USA 74.5640680266 48.2147230942 925.4359319734 233.9548202172
America/SouthernAmerica/ARG 74.5640680266 282.1695433114 333.8845938496 10.8703391177
America/SouthernAmerica/CHL 408.4486618762 282.1695433114 162.0721222739 10.8703391177
America/SouthernAmerica/COL 570.5207841501 282.1695433114 429.4792158499 10.8703391177
Asia/EasternAsia/CHN 859.1803110605 293.0398824291 140.8196889395 20.2129611402
Asia/EasternAsia/JPN 859.1803110605 313.2528435693 140.8196889395 457.6820334493
Asia/EasternAsia/KOR 859.1803110605 770.9348770185 140.8196889395 109.6985689533
Asia/SouthEasternAsia/IDN 905.1481584942 880.6334459718 23.7958852631 58.7701068461
Asia/SouthEasternAsia/MYS 928.9440437573 880.6334459718 71.0559562427 58.7701068461
Asia/SouthEasternAsia/PHL 956.4860599291 939.4035528179 43.5139400709 60.5964471821
Asia/SouthEasternAsia/SGP 905.1481584942 951.8689086089 51.3379014349 48.1310913911
Asia/SouthEasternAsia/THA 905.1481584942 939.4035528179 51.3379014349 12.4653557910
Asia/WesternAsia/IND 859.1803110605 880.6334459718 45.9678474337 65.6246192370
Asia/WesternAsia/TUR 859.1803110605 946.2580652088 45.9678474337 53.7419347912
AustraliaandNewZealand/NZL 856.1361834897 293.0398824291 3.0441275708 706.9601175709
Europe/EasternEurope/BGR 0.0000000000 293.0398824291 52.2957065019 83.5715380794
Europe/EasternEurope/CZE 52.2957065019 293.0398824291 90.0368754558 83.5715380794
Europe/EasternEurope/HUN 142.3325819577 293.0398824291 59.8066471765 83.5715380794
Europe/EasternEurope/POL 101.6192753583 376.6114205084 100.5199537759 185.9841917117
Europe/EasternEurope/ROU 101.6192753583 562.5956122201 100.5199537759 73.4594320531
Europe/EasternEurope/RUS 0.0000000000 499.8415485499 101.6192753583 136.2134957233
Europe/EasternEurope/SVK 0.0000000000 376.6114205084 69.8507264585 123.2301280414
Europe/EasternEurope/UKR 69.8507264585 376.6114205084 31.7685488998 123.2301280414
Europe/NorthernEurope/DNK 202.1392291342 293.0398824291 100.6525405633 91.1058686440
Europe/NorthernEurope/EST 302.7917696975 293.0398824291 37.0261661087 91.1058686440
Europe/NorthernEurope/FIN 339.8179358062 293.0398824291 137.8135957235 91.1058686440
Europe/NorthernEurope/GBR 343.7096906122 384.1457510731 133.9218409175 251.9092932001
Europe/NorthernEurope/IRL 305.0930350108 581.9081306940 38.6166556013 54.1469135792
Europe/NorthernEurope/LTU 231.2820645339 581.9081306940 73.8109704770 54.1469135792
Europe/NorthernEurope/LVA 202.1392291342 581.9081306940 29.1428353997 54.1469135792
Europe/NorthernEurope/NOR 202.1392291342 528.7519799304 141.5704614779 53.1561507637
Europe/NorthernEurope/SWE 202.1392291342 384.1457510731 141.5704614779 144.6062288573
Europe/SouthernEurope/ESP 477.6315315297 293.0398824291 306.2477278115 117.8577350465
Europe/SouthernEurope/GRC 783.8792593412 293.0398824291 72.2569241485 117.8577350465
Europe/SouthernEurope/HRV 842.1506982501 410.8976174755 13.9854852396 225.1574267977
Europe/SouthernEurope/ITA 477.6315315297 447.4285000450 364.5191667204 188.6265442282
Europe/SouthernEurope/PRT 477.6315315297 410.8976174755 310.0966768831 36.5308825694
Europe/SouthernEurope/SVN 787.7282084128 410.8976174755 54.4224898373 36.5308825694
Europe/WesternEurope/AUS 0.0000000000 636.0550442732 82.8965284579 237.2852973881
Europe/WesternEurope/CHE 82.8965284579 636.0550442732 98.9018695213 237.2852973881
Europe/WesternEurope/DEU 181.7983979792 636.0550442732 674.3377855105 237.2852973881
Europe/WesternEurope/FRA 220.7445317209 873.3403416613 635.3916517688 126.6596583387
Europe/WesternEurope/NLD 0.0000000000 873.3403416613 220.7445317209 126.6596583387

Africa/NorthernAfrica/DZA 0.0000000000 0.0000000000 55.9920109438 181.1491073917
Africa/NorthernAfrica/EGY 11.9960751230 181.1491073917 43.9959358208 41.3508284600
Africa/NorthernAfrica/MAR 11.9960751230 222.4999358517 43.9959358208 72.6648145917
Africa/NorthernAfrica/TUN 0.0000000000 181.1491073917 11.9960751230 114.0156430517
America/NorthernAmerica/CAN 55.9920109438 0.0000000000 899.8626650089 50.7888927066
America/NorthernAmerica/MEX 955.8546759528 0.0000000000 44.1453240472 50.7888927066
America/NorthernAmerica/USA 55.9920109438 50.7888927066 944.0079890562 234.1011373320
America/SouthernAmerica/ARG 55.9920109438 284.8900300386 372.5414986073 10.2747204048
America/SouthernAmerica/CHL 428.5335095511 284.8900300386 207.4002440474 10.2747204048
America/SouthernAmerica/COL 635.9337535985 284.8900300386 364.0662464015 10.2747204048
Asia/EasternAsia/CHN 851.2169130331 295.1647504434 148.7830869669 22.2829359438
Asia/EasternAsia/JPN 851.2169130331 317.4476863872 148.7830869669 444.7481810402
Asia/EasternAsia/KOR 851.2169130331 762.1958674274 148.7830869669 117.5644103282
Asia/SouthEasternAsia/IDN 897.7736450554 879.7602777556 24.4198011402 67.1785209867
Asia/SouthEasternAsia/MYS 922.1934461956 879.7602777556 77.8065538044 67.1785209867
Asia/SouthEasternAsia/PHL 961.3654366952 946.9387987423 38.6345633048 53.0612012577
Asia/SouthEasternAsia/SGP 897.7736450554 966.8877407298 63.5917916398 33.1122592702
Asia/SouthEasternAsia/THA 897.7736450554 946.9387987423 63.5917916398 19.9489419875
Asia/WesternAsia/IND 851.2169130331 879.7602777556 46.5567320223 60.6710497653
Asia/WesternAsia/TUR 851.2169130331 940.4313275210 46.5567320223 59.5686724790
AustraliaandNewZealand/NZL 848.3376938263 295.1647504434 2.8792192068 704.8352495566
Europe/EasternEurope/BGR 0.0000000000 295.1647504434 51.2498567198 73.3485126878
Europe/EasternEurope/CZE 51.2498567198 295.1647504434 89.7992341222 73.3485126878
Europe/EasternEurope/HUN 141.0490908420 295.1647504434 56.3241223816 73.3485126878
Europe/EasternEurope/POL 103.4298647214 368.5132631312 93.9433485022 184.8815629480
Europe/EasternEurope/ROU 103.4298647214 553.3948260792 93.9433485022 72.0733797273
Europe/EasternEurope/RUS 0.0000000000 473.9218054836 103.4298647214 151.5464003230
Europe/EasternEurope/SVK 0.0000000000 368.5132631312 66.2803905259 105.4085423524
Europe/EasternEurope/UKR 66.2803905259 368.5132631312 37.1494741956 105.4085423524
Europe/NorthernEurope/DNK 197.3732132236 295.1647504434 111.6808792170 87.6744956200
Europe/NorthernEurope/EST 309.0540924406 295.1647504434 27.3969839971 87.6744956200
Europe/NorthernEurope/FIN 336.4510764377 295.1647504434 158.0142878383 87.6744956200
Europe/NorthernEurope/GBR 361.6768042886 382.8392460633 132.7885599875 242.6289597432
Europe/NorthernEurope/IRL 326.9302870579 577.0740334224 34.7465172307 48.3941723842
Europe/NorthernEurope/LTU 236.0123309470 577.0740334224 90.9179561110 48.3941723842
Europe/NorthernEurope/LVA 197.3732132236 577.0740334224 38.6391177233 48.3941723842
Europe/NorthernEurope/NOR 197.3732132236 526.3342843694 164.3035910650 50.7397490530
Europe/NorthernEurope/SWE 197.3732132236 382.8392460633 164.3035910650 143.4950383061
Europe/SouthernEurope/ESP 494.4653642760 295.1647504434 296.2828950918 116.4465817365
Europe/SouthernEurope/GRC 790.7482593678 295.1647504434 57.5894344585 116.4465817365
Europe/SouthernEurope/HRV 835.7874859268 411.6113321799 12.5502078996 213.8568736266
Europe/SouthernEurope/ITA 494.4653642760 445.7414449634 341.3221216507 179.7267608431
Europe/SouthernEurope/PRT 494.4653642760 411.6113321799 289.1409327384 34.1301127835
Europe/SouthernEurope/SVN 783.6062970145 411.6113321799 52.1811889123 34.1301127835
Europe/WesternEurope/AUS 0.0000000000 625.4682058065 72.9529808893 248.0409366671
Europe/WesternEurope/CHE 72.9529808893 625.4682058065 105.9910214610 248.0409366671
Europe/WesternEurope/DEU 178.9440023502 625.4682058065 669.3936914761 248.0409366671
Europe/WesternEurope/FRA 222.7109892601 873.5091424737 625.6267045662 126.4908575263
Europe/WesternEurope/NLD 0.0000000000 873.5091424737 222.7109892601 126.4908575263

Africa/NorthernAfrica/DZA 0.0000000000 0.0000000000 51.3853476513 188.0941926054
Africa/NorthernAfrica/EGY 0.0000000000 188.0941926054 51.3853476513 32.1987733277
Africa/NorthernAfrica/MAR 0.0000000000 220.2929659330 51.3853476513 57.3460932722
Africa/NorthernAfrica/TUN 0.0000000000 277.6390592052 51.3853476513 39.2643337804
America/NorthernAmerica/CAN 51.3853476513 0.0000000000 906.8096824072 50.2662444896
America/NorthernAmerica/MEX 958.1950300586 0.0000000000 41.8049699414 50.2662444896
America/NorthernAmerica/USA 51.3853476513 50.2662444896 948.6146523487 255.8384928357
America/SouthernAmerica/ARG 51.3853476513 306.1047373253 320.8143449828 10.7986556603
America/SouthernAmerica/CHL 372.1996926342 306.1047373253 135.9472890236 10.7986556603
America/SouthernAmerica/COL 508.1469816578 306.1047373253 491.8530183422 10.7986556603
Asia/EasternAsia/CHN 845.0962385072 316.9033929856 154.9037614928 25.9269098349
Asia/EasternAsia/JPN 845.0962385072 342.8303028205 154.9037614928 411.1507934873
Asia/EasternAsia/KOR 845.0962385072 753.9810963078 154.9037614928 123.5208711917
Asia/SouthEasternAsia/IDN 890.0751969864 877.5019674995 24.0950807433 63.0519209397
Asia/SouthEasternAsia/MYS 914.1702777297 877.5019674995 85.8297222703 63.0519209397
Asia/SouthEasternAsia/PHL 970.9123832343 940.5538884392 29.0876167657 59.4461115608
Asia/SouthEasternAsia/SGP 936.9205925676 940.5538884392 33.9917906667 59.4461115608
Asia/SouthEasternAsia/THA 890.0751969864 940.5538884392 46.8453955812 59.4461115608
Asia/WesternAsia/IND 845.0962385072 877.5019674995 44.9789584792 65.6482302618
Asia/WesternAsia/TUR 845.0962385072 943.1501977614 44.9789584792 56.8498022386
AustraliaandNewZealand/NZL 842.3105726584 316.9033929856 2.7856658487 683.0966070144
Europe/EasternEurope/BGR 0.0000000000 316.9033929856 45.6466617527 64.5704371830
Europe/EasternEurope/CZE 45.6466617527 316.9033929856 99.6480600452 64.5704371830
Europe/EasternEurope/HUN 145.2947217979 316.9033929856 54.0552744190 64.5704371830
Europe/EasternEurope/POL 108.1240630287 381.4738301686 91.2259331882 188.8983183764
Europe/EasternEurope/ROU 108.1240630287 570.3721485450 91.2259331882 64.0615029904
Europe/EasternEurope/RUS 0.0000000000 486.6036008407 108.1240630287 147.8300506947
Europe/EasternEurope/SVK 0.0000000000 381.4738301686 70.5590316832 105.1297706721
Europe/EasternEurope/UKR 70.5590316832 381.4738301686 37.5650313455 105.1297706721
Europe/NorthernEurope/DNK 199.3499962169 316.9033929856 103.5305930814 83.2728830319
Europe/NorthernEurope/EST 302.8805892983 316.9033929856 18.9871052795 83.2728830319
Europe/NorthernEurope/FIN 321.8676945778 316.9033929856 162.8922951337 83.2728830319
Europe/NorthernEurope/GBR 358.3742836365 400.1762760176 126.3857060749 234.2573755178
Europe/NorthernEurope/IRL 316.7214663130 592.4937601613 41.6528173235 41.9398913741
Europe/NorthernEurope/LTU 240.6471150206 592.4937601613 76.0743512924 41.9398913741
Europe/NorthernEurope/LVA 199.3499962169 592.4937601613 41.2971188037 41.9398913741
Europe/NorthernEurope/NOR 199.3499962169 536.9439365159 159.0242874197 55.5498236454
Europe/NorthernEurope/SWE 199.3499962169 400.1762760176 159.0242874197 136.7676604983
Europe/SouthernEurope/ESP 484.7599897115 316.9033929856 300.7433081765 109.6164970361
Europe/SouthernEurope/GRC 785.5032978879 316.9033929856 56.8072747705 109.6164970361
Europe/SouthernEurope/HRV 831.1896151067 426.5198900217 11.1209575518 207.9137615137
Europe/SouthernEurope/ITA 484.7599897115 458.3586172325 346.4296253952 176.0750343029
Europe/SouthernEurope/PRT 484.7599897115 426.5198900217 294.9535008072 31.8387272107
Europe/SouthernEurope/SVN 779.7134905187 426.5198900217 51.4761245880 31.8387272107
Europe/WesternEurope/AUS -0.0000000000 634.4336515354 67.4299673949 245.9346037942
Europe/WesternEurope/CHE 67.4299673949 634.4336515354 112.2801869592 245.9346037942
Europe/WesternEurope/DEU 179.7101543541 634.4336515354 662.6004183043 245.9346037942
Europe/WesternEurope/FRA 229.6901185562 880.3682553296 612.6204541023 119.6317446704
Europe/WesternEurope/NLD -0.0000000000 880.3682553296 229.6901185562 119.6317446704

Africa/NorthernAfrica/DZA 0.0000000000 0.0000000000 65.6014432561 175.6601863925
Africa/NorthernAfrica/EGY 16.0431381641 175.6601863925 49.5583050920 56.3138405883
Africa/NorthernAfrica/MAR 16.0431381641 231.9740269807 49.5583050920 79.0780546412
Africa/NorthernAfrica/TUN 0.0000000000 175.6601863925 16.0431381641 135.3918952295
America/NorthernAmerica/CAN 65.6014432561 0.0000000000 903.1836831098 53.1538697787
America/NorthernAmerica/MEX 968.7851263659 0.0000000000 31.2148736341 53.1538697787
America/NorthernAmerica/USA 65.6014432561 53.1538697787 934.3985567439 245.7112764700
America/SouthernAmerica/ARG 65.6014432561 298.8651462487 328.2117464338 12.1869353732
America/SouthernAmerica/CHL 393.8131896899 298.8651462487 117.1758979451 12.1869353732
America/SouthernAmerica/COL 510.9890876350 298.8651462487 489.0109123650 12.1869353732
Asia/EasternAsia/CHN 847.3646423182 311.0520816219 152.6353576818 37.6038949821
Asia/EasternAsia/JPN 847.3646423182 348.6559766040 152.6353576818 378.4832937017
Asia/EasternAsia/KOR 847.3646423182 727.1392703057 152.6353576818 106.3263051517
Asia/SouthEasternAsia/IDN 892.6376673426 833.4655754574 42.2251404176 94.3908596788
Asia/SouthEasternAsia/MYS 934.8628077602 833.4655754574 65.1371922398 94.3908596788
Asia/SouthEasternAsia/PHL 966.9743591425 927.8564351362 33.0256408575 72.1435648638
Asia/SouthEasternAsia/SGP 892.6376673426 959.3681565712 74.3366917999 40.6318434288
Asia/SouthEasternAsia/THA 892.6376673426 927.8564351362 74.3366917999 31.5117214350
Asia/WesternAsia/IND 847.3646423182 833.4655754574 45.2730250243 93.9846355145
Asia/WesternAsia/TUR 847.3646423182 927.4502109719 45.2730250243 72.5497890281
AustraliaandNewZealand/NZL 844.2429138363 311.0520816219 3.1217284819 688.9479183781
Europe/EasternEurope/BGR 0.0000000000 311.0520816219 59.3444987505 65.0003567969
Europe/EasternEurope/CZE 59.3444987505 311.0520816219 95.6346551428 65.0003567969
Europe/EasternEurope/HUN 154.9791538932 311.0520816219 56.6853448653 65.0003567969
Europe/EasternEurope/POL 115.6932374259 376.0524384189 95.9712613326 189.9423002643
Europe/EasternEurope/ROU 115.6932374259 565.9947386832 95.9712613326 66.5198876157
Europe/EasternEurope/RUS 0.0000000000 482.7483803873 115.6932374259 149.7662459116
Europe/EasternEurope/SVK 0.0000000000 376.0524384189 74.3326310181 106.6959419684
Europe/EasternEurope/UKR 74.3326310181 376.0524384189 41.3606064078 106.6959419684
Europe/NorthernEurope/DNK 211.6644987585 311.0520816219 101.8933420291 78.4649287367
Europe/NorthernEurope/EST 313.5578407876 311.0520816219 17.1772863679 78.4649287367
Europe/NorthernEurope/FIN 330.7351271556 311.0520816219 150.1048940841 78.4649287367
Europe/NorthernEurope/GBR 362.3688392806 389.5170103586 118.4711819591 242.9976159403
Europe/NorthernEurope/IRL 322.4134479793 582.6913802002 39.9553913013 49.8232460987
Europe/NorthernEurope/LTU 249.3926247923 582.6913802002 73.0208231869 49.8232460987
Europe/NorthernEurope/LVA 211.6644987585 582.6913802002 37.7281260338 49.8232460987
Europe/NorthernEurope/NOR 211.6644987585 531.3568412327 150.7043405220 51.3345389675
Europe/NorthernEurope/SWE 211.6644987585 389.5170103586 150.7043405220 141.8398308741
Europe/SouthernEurope/ESP 480.8400212396 311.0520816219 301.9693898038 106.3284483195
Europe/SouthernEurope/GRC 782.8094110434 311.0520816219 61.4335027929 106.3284483195
Europe/SouthernEurope/HRV 833.0361575359 417.3805299414 11.2067563004 215.1340963574
Europe/SouthernEurope/ITA 480.8400212396 449.1341950878 352.1961362963 183.3804312111
Europe/SouthernEurope/PRT 480.8400212396 417.3805299414 295.6938778555 31.7536651464
Europe/SouthernEurope/SVN 776.5338990951 417.3805299414 56.5022584408 31.7536651464
Europe/WesternEurope/AUS -0.0000000000 632.5146262989 70.5086162980 239.0949064081
Europe/WesternEurope/CHE 70.5086162980 632.5146262989 115.5461962241 239.0949064081
Europe/WesternEurope/DEU 186.0548125221 632.5146262989 658.1881013142 239.0949064081
Europe/WesternEurope/FRA 223.1391806937 871.6095327070 621.1037331426 128.3904672930
Europe/WesternEurope/NLD -0.0000000000 871.6095327070 223.1391806937 128.3904672930

Africa/NorthernAfrica/DZA 0.0000000000 0.0000000000 74.5571670497 166.1134784839
Africa/NorthernAfrica/EGY 17.3600335099 166.1134784839 57.1971335399 51.8382615748
Africa/NorthernAfrica/MAR 17.3600335099 217.9517400587 57.1971335399 73.8923268313
Africa/NorthernAfrica/TUN 0.0000000000 166.1134784839 17.3600335099 125.7305884061
America/NorthernAmerica/CAN 74.5571670497 0.0000000000 884.6502725976 52.2702011087
America/NorthernAmerica/MEX 959.2074396473 0.0000000000 40.7925603527 52.2702011087
America/NorthernAmerica/USA 74.5571670497 52.2702011087 925.4428329503 231.1029780099
America/SouthernAmerica/ARG 74.5571670497 283.3731791186 469.0674794806 8.4708877714
America/SouthernAmerica/CHL 543.6246465304 283.3731791186 217.4908792764 8.4708877714
America/SouthernAmerica/COL 761.1155258068 283.3731791186 238.8844741932 8.4708877714
Asia/EasternAsia/CHN 844.2813365588 291.8440668900 155.7186634412 35.8822887539
Asia/EasternAsia/JPN 844.2813365588 327.7263556439 155.7186634412 398.9104823178
Asia/EasternAsia/KOR 844.2813365588 726.6368379617 155.7186634412 104.5011947537
Asia/SouthEasternAsia/IDN 895.4552101656 831.1380327154 16.5299639937 92.0241855256
Asia/SouthEasternAsia/MYS 911.9851741593 831.1380327154 88.0148258407 92.0241855256
Asia/SouthEasternAsia/PHL 935.4339432857 923.1622182410 64.5660567143 33.7169452474
Asia/SouthEasternAsia/SGP 935.4339432857 956.8791634885 64.5660567143 43.1208365115
Asia/SouthEasternAsia/THA 895.4552101656 923.1622182410 39.9787331201 76.8377817590
Asia/WesternAsia/IND 844.2813365588 831.1380327154 51.1738736068 95.0040649224
Asia/WesternAsia/TUR 844.2813365588 926.1420976378 51.1738736068 73.8579023622
AustraliaandNewZealand/NZL 840.9811796973 291.8440668900 3.3001568615 708.1559331100
Europe/EasternEurope/BGR 0.0000000000 291.8440668900 64.2361062892 64.9673191154
Europe/EasternEurope/CZE 64.2361062892 291.8440668900 107.4655454565 64.9673191154
Europe/EasternEurope/HUN 171.7016517457 291.8440668900 57.1897988407 64.9673191154
Europe/EasternEurope/POL 133.1958096187 356.8113860054 95.6956409676 183.6665223384
Europe/EasternEurope/ROU 133.1958096187 540.4779083438 95.6956409676 78.1833609194
Europe/EasternEurope/RUS 0.0000000000 466.3964136977 133.1958096187 152.2648555654
Europe/EasternEurope/SVK 0.0000000000 356.8113860054 82.4238212288 109.5850276923
Europe/EasternEurope/UKR 82.4238212288 356.8113860054 50.7719883900 109.5850276923
Europe/NorthernEurope/DNK 228.8914505864 291.8440668900 100.8578240336 79.4085117946
Europe/NorthernEurope/EST 329.7492746199 291.8440668900 18.0949868847 79.4085117946
Europe/NorthernEurope/FIN 347.8442615046 291.8440668900 131.5956852047 79.4085117946
Europe/NorthernEurope/GBR 369.8652797897 371.2525786845 109.5746669196 247.4086905786
Europe/NorthernEurope/IRL 333.4737233635 560.1646715864 36.3915564261 58.4965976768
Europe/NorthernEurope/LTU 261.7174108605 560.1646715864 71.7563125030 58.4965976768
Europe/NorthernEurope/LVA 228.8914505864 560.1646715864 32.8259602742 58.4965976768
Europe/NorthernEurope/NOR 228.8914505864 506.1745547724 140.9738292033 53.9901168139
Europe/NorthernEurope/SWE 228.8914505864 371.2525786845 140.9738292033 134.9219760879
Europe/SouthernEurope/ESP 479.4399467093 291.8440668900 293.2370987771 108.0040135725
Europe/SouthernEurope/GRC 772.6770454864 291.8440668900 68.3041342109 108.0040135725
Europe/SouthernEurope/HRV 828.1798673032 399.8480804625 12.8013123942 218.8131888007
Europe/SouthernEurope/ITA 479.4399467093 433.4566309469 348.7399205938 185.2046383162
Europe/SouthernEurope/PRT 479.4399467093 399.8480804625 287.5598303620 33.6085504844
Europe/SouthernEurope/SVN 766.9997770713 399.8480804625 61.1800902318 33.6085504844
Europe/WesternEurope/AUS 0.0000000000 618.6612692632 80.8636051385 223.9300254957
Europe/WesternEurope/CHE 80.8636051385 618.6612692632 125.1939837916 223.9300254957
Europe/WesternEurope/DEU 206.0575889302 618.6612692632 634.9235907671 223.9300254957
Europe/WesternEurope/FRA 198.6732174730 842.5912947589 642.3079622243 157.4087052411
Europe/WesternEurope/NLD 0.0000000000 842.5912947589 198.6732174730 157.4087052411

Africa/NorthernAfrica/DZA 0.0000000000 0.0000000000 63.8441983193 173.2573191107
Africa/NorthernAfrica/EGY 15.3331609094 173.2573191107 48.5110374099 46.7310995850
Africa/NorthernAfrica/MAR 15.3331609094 219.9884186957 48.5110374099 72.7916450935
Africa/NorthernAfrica/TUN 0.0000000000 173.2573191107 15.3331609094 119.5227446785
America/NorthernAmerica/CAN 63.8441983193 0.0000000000 848.0457948581 55.4172284493
America/NorthernAmerica/MEX 911.8899931774 0.0000000000 88.1100068226 55.4172284493
America/NorthernAmerica/USA 63.8441983193 55.4172284493 936.1558016807 231.3301176640
America/SouthernAmerica/ARG 63.8441983193 286.7473461134 468.6689108651 6.0327176758
America/SouthernAmerica/CHL 532.5131091844 286.7473461134 247.8469595361 6.0327176758
America/SouthernAmerica/COL 780.3600687205 286.7473461134 219.6399312795 6.0327176758
Asia/EasternAsia/CHN 854.9272646504 292.7800637892 145.0727353496 46.5379780697
Asia/EasternAsia/JPN 854.9272646504 339.3180418589 145.0727353496 358.0494035640
Asia/EasternAsia/KOR 854.9272646504 697.3674454229 145.0727353496 130.9028723871
Asia/SouthEasternAsia/IDN 906.7091220411 828.2703178100 93.2908779589 18.0549221549
Asia/SouthEasternAsia/MYS 950.7453057253 846.3252399648 49.2546942747 153.6747600352
Asia/SouthEasternAsia/PHL 906.7091220411 982.3118421125 44.0361836842 17.6881578875
Asia/SouthEasternAsia/SGP 906.7091220411 932.4873071102 44.0361836842 49.8245350023
Asia/SouthEasternAsia/THA 906.7091220411 846.3252399648 44.0361836842 86.1620671453
Asia/WesternAsia/IND 854.9272646504 828.2703178100 51.7818573907 95.7994756140
Asia/WesternAsia/TUR 854.9272646504 924.0697934239 51.7818573907 75.9302065761
AustraliaandNewZealand/NZL 851.7108069667 292.7800637892 3.2164576837 707.2199362108
Europe/EasternEurope/BGR 0.0000000000 292.7800637892 46.4408343940 86.0350718158
Europe/EasternEurope/CZE 46.4408343940 292.7800637892 124.6182566779 86.0350718158
Europe/EasternEurope/HUN 171.0590910719 292.7800637892 53.1417269773 86.0350718158
Europe/EasternEurope/POL 134.5823539367 378.8151356050 89.6184641124 162.9363093770
Europe/EasternEurope/ROU 134.5823539367 541.7514449820 89.6184641124 77.3209039007
Europe/EasternEurope/RUS 0.0000000000 466.1068080404 134.5823539367 152.9655408423
Europe/EasternEurope/SVK 0.0000000000 378.8151356050 90.2021723882 87.2916724354
Europe/EasternEurope/UKR 90.2021723882 378.8151356050 44.3801815486 87.2916724354
Europe/NorthernEurope/DNK 224.2008180492 292.7800637892 95.6881633052 75.3951005149
Europe/NorthernEurope/EST 319.8889813543 292.7800637892 21.1191588554 75.3951005149
Europe/NorthernEurope/FIN 341.0081402097 292.7800637892 141.7899978116 75.3951005149
Europe/NorthernEurope/GBR 363.1993657347 368.1751643041 119.5987722866 250.8971845786
Europe/NorthernEurope/IRL 325.9240555823 558.0490141669 37.2753101524 61.0233347158
Europe/NorthernEurope/LTU 258.5662249988 558.0490141669 67.3578305835 61.0233347158
Europe/NorthernEurope/LVA 224.2008180492 558.0490141669 34.3654069497 61.0233347158
Europe/NorthernEurope/NOR 224.2008180492 504.7316950018 138.9985476855 53.3173191650
Europe/NorthernEurope/SWE 224.2008180492 368.1751643041 138.9985476855 136.5565306977
Europe/SouthernEurope/ESP 482.7981380212 292.7800637892 307.1991831115 123.2552399323
Europe/SouthernEurope/GRC 789.9973211328 292.7800637892 61.7134858339 123.2552399323
Europe/SouthernEurope/HRV 839.0120344413 416.0353037215 12.6987725254 203.0370451612
Europe/SouthernEurope/ITA 482.7981380212 446.3890440326 356.2138964200 172.6833048501
Europe/SouthernEurope/PRT 482.7981380212 416.0353037215 296.7172708110 30.3537403111
Europe/SouthernEurope/SVN 779.5154088322 416.0353037215 59.4966256091 30.3537403111
Europe/WesternEurope/AUS -0.0000000000 619.0723488827 78.4322758441 220.9047937000
Europe/WesternEurope/CHE 78.4322758441 619.0723488827 118.2243189967 220.9047937000
Europe/WesternEurope/DEU 196.6565948408 619.0723488827 655.0542121259 220.9047937000
Europe/WesternEurope/FRA 254.1328587802 839.9771425828 597.5779481864 160.0228574172
Europe/WesternEurope/NLD -0.0000000000 839.9771425828 254.1328587802 160.0228574172

Africa/NorthernAfrica/DZA 0.0000000000 0.0000000000 65.4665048439 166.6386650435
Africa/NorthernAfrica/EGY 15.0404581184 166.6386650435 50.4260467255 60.1803822720
Africa/NorthernAfrica/MAR 15.0404581184 226.8190473155 50.4260467255 70.5806030781
Africa/NorthernAfrica/TUN 0.0000000000 166.6386650435 15.0404581184 130.7609853501
America/NorthernAmerica/CAN 65.4665048439 0.0000000000 155.7851245860 291.1352959404
America/NorthernAmerica/MEX 221.2516294299 0.0000000000 19.6791816509 291.1352959404
America/NorthernAmerica/USA 240.9308110808 0.0000000000 759.0691889192 291.1352959404
America/SouthernAmerica/ARG 65.4665048439 291.1352959404 548.6654362615 6.2643544532
America/SouthernAmerica/CHL 614.1319411054 291.1352959404 295.5569896339 6.2643544532
America/SouthernAmerica/COL 909.6889307394 291.1352959404 90.3110692606 6.2643544532
Asia/EasternAsia/CHN 838.7029062959 297.3996503936 161.2970937041 51.9773955762
Asia/EasternAsia/JPN 838.7029062959 349.3770459698 161.2970937041 359.0157120959
Asia/EasternAsia/KOR 838.7029062959 708.3927580658 161.2970937041 124.2146251558
Asia/SouthEasternAsia/IDN 897.0642838165 832.6073832216 12.9569476605 89.0154621440
Asia/SouthEasternAsia/MYS 910.0212314770 832.6073832216 89.9787685230 89.0154621440
Asia/SouthEasternAsia/PHL 951.7939595728 921.6228453656 48.2060404272 25.3899072886
Asia/SouthEasternAsia/SGP 951.7939595728 947.0127526542 48.2060404272 52.9872473458
Asia/SouthEasternAsia/THA 897.0642838165 921.6228453656 54.7296757563 78.3771546344
Asia/WesternAsia/IND 838.7029062959 832.6073832216 58.3613775206 75.2696758940
Asia/WesternAsia/TUR 838.7029062959 907.8770591155 58.3613775206 92.1229408845
AustraliaandNewZealand/NZL 835.2431920417 297.3996503936 3.4597142541 702.6003496064
Europe/EasternEurope/BGR 0.0000000000 297.3996503936 42.9135486689 100.2094506185
Europe/EasternEurope/CZE 42.9135486689 297.3996503936 190.9671013471 100.2094506185
Europe/EasternEurope/HUN 151.4010407859 397.6091010121 82.4796092300 44.9376134072
Europe/EasternEurope/POL 151.4010407859 442.5467144193 82.4796092300 203.0066867793
Europe/EasternEurope/ROU 0.0000000000 600.0730316769 151.4010407859 45.4803695216
Europe/EasternEurope/RUS 0.0000000000 462.2382767828 135.8182658429 137.8347548941
Europe/EasternEurope/SVK 0.0000000000 397.6091010121 135.8182658429 64.6291757706
Europe/EasternEurope/UKR 135.8182658429 397.6091010121 15.5827749430 202.4639306648
Europe/NorthernEurope/DNK 233.8806500159 297.3996503936 88.2522167076 76.2859399194
Europe/NorthernEurope/EST 322.1328667235 297.3996503936 17.6764137347 76.2859399194
Europe/NorthernEurope/FIN 339.8092804582 297.3996503936 143.1376627015 76.2859399194
Europe/NorthernEurope/GBR 356.2783850187 373.6855903130 126.6685581411 271.8678108856
Europe/NorthernEurope/IRL 306.3226631479 590.8728422703 49.9557218708 54.6805589283
Europe/NorthernEurope/LTU 233.8806500159 590.8728422703 72.4420131319 54.6805589283
Europe/NorthernEurope/LVA 233.8806500159 550.0664865984 42.6918291530 40.8063556718
Europe/NorthernEurope/NOR 233.8806500159 373.6855903130 42.6918291530 176.3808962854
Europe/NorthernEurope/SWE 276.5724791690 373.6855903130 79.7059058497 217.1872519573
Europe/SouthernEurope/ESP 482.9469431597 297.3996503936 292.3637650267 126.5864624331
Europe/SouthernEurope/GRC 775.3107081864 297.3996503936 59.9324838554 126.5864624331
Europe/SouthernEurope/HRV 824.2499431458 423.9861128267 10.9932488960 221.5672883719
Europe/SouthernEurope/ITA 482.9469431597 454.7023668975 341.3029999861 190.8510343010
Europe/SouthernEurope/PRT 482.9469431597 423.9861128267 280.9041800427 30.7162540708
Europe/SouthernEurope/SVN 763.8511232025 423.9861128267 60.3988199433 30.7162540708
Europe/WesternEurope/AUS -0.0000000000 645.5534011986 77.4356048191 202.7017835016
Europe/WesternEurope/CHE 77.4356048191 645.5534011986 142.2138152286 202.7017835016
Europe/WesternEurope/DEU 219.6494200477 645.5534011986 615.5937719941 202.7017835016
Europe/WesternEurope/FRA 258.2854956158 848.2551847001 576.9576964259 151.7448152999
Europe/WesternEurope/NLD -0.0000000000 848.2551847001 258.2854956158 151.7448152999

