new shellcheck 53
ellcheck.hs 958.2528024739 194.7455585667 41.7471975261 761.2780925789
ellCheck/Analytics.hs 0.0000000000 201.0757201262 404.3293390027 754.9479310194
ellCheck/AST.hs 0.0000000000 0.0000000000 404.3293390027 201.0757201262
ellCheck/Parser.hs 404.3293390027 0.0000000000 534.9826053344 956.0236511456
ellCheck/Simple.hs 939.3119443371 0.0000000000 18.9408581368 956.0236511456
kefile 958.2528024739 0.0000000000 41.7471975261 194.7455585667
oncheck.hs 0.0000000000 956.0236511456 268.9075630252 43.9763488544
st/quackCheck.hs 268.9075630252 956.0236511456 546.2184873950 43.9763488544
st/runQuack 815.1260504202 956.0236511456 184.8739495798 43.9763488544

ellcheck.hs 961.4973262032 195.4134366925 38.5026737968 763.8888888889
ellCheck/Analytics.hs 0.0000000000 193.6658244972 416.7557932264 765.6365010842
ellCheck/AST.hs 0.0000000000 0.0000000000 416.7557932264 193.6658244972
ellCheck/Parser.hs 416.7557932264 0.0000000000 527.2727272727 959.3023255814
ellCheck/Simple.hs 944.0285204991 0.0000000000 17.4688057041 959.3023255814
kefile 961.4973262032 0.0000000000 38.5026737968 195.4134366925
oncheck.hs 0.0000000000 959.3023255814 268.9075630252 40.6976744186
st/quackCheck.hs 268.9075630252 959.3023255814 546.2184873950 40.6976744186
st/runQuack 815.1260504202 959.3023255814 184.8739495798 40.6976744186

ellcheck.hs 962.2113365990 195.5610296222 37.7886634010 764.4658430685
ellCheck/Analytics.hs 0.0000000000 188.0218605436 421.6235129461 772.0050121471
ellCheck/AST.hs 0.0000000000 0.0000000000 421.6235129461 188.0218605436
ellCheck/Parser.hs 421.6235129461 0.0000000000 523.4429671099 960.0268726906
ellCheck/Simple.hs 945.0664800560 0.0000000000 17.1448565430 960.0268726906
kefile 962.2113365990 0.0000000000 37.7886634010 195.5610296222
oncheck.hs 0.0000000000 960.0268726906 268.9075630252 39.9731273094
st/quackCheck.hs 268.9075630252 960.0268726906 546.2184873950 39.9731273094
st/runQuack 815.1260504202 960.0268726906 184.8739495798 39.9731273094

ellcheck.hs 962.9248197734 195.7087364409 37.0751802266 765.0432424509
ellCheck/Analytics.hs 0.0000000000 181.3899736148 429.1108822520 779.3620052770
ellCheck/AST.hs 0.0000000000 0.0000000000 429.1108822520 181.3899736148
ellCheck/Parser.hs 429.1108822520 0.0000000000 516.9927909372 960.7519788918
ellCheck/Simple.hs 946.1036731892 0.0000000000 16.8211465843 960.7519788918
kefile 962.9248197734 0.0000000000 37.0751802266 195.7087364409
oncheck.hs 0.0000000000 960.7519788918 268.9075630252 39.2480211082
st/quackCheck.hs 268.9075630252 960.7519788918 546.2184873950 39.2480211082
st/runQuack 815.1260504202 960.7519788918 184.8739495798 39.2480211082

ellcheck.hs 963.4641407307 195.8205359831 36.5358592693 765.4802770250
ellCheck/Analytics.hs 0.0000000000 176.8254028604 434.0324763194 784.4754101477
ellCheck/AST.hs 0.0000000000 0.0000000000 434.0324763194 176.8254028604
ellCheck/Parser.hs 434.0324763194 0.0000000000 512.8552097429 961.3008130081
ellCheck/Simple.hs 946.8876860622 0.0000000000 16.5764546685 961.3008130081
kefile 963.4641407307 0.0000000000 36.5358592693 195.8205359831
oncheck.hs 0.0000000000 961.3008130081 268.9075630252 38.6991869919
st/quackCheck.hs 268.9075630252 961.3008130081 546.2184873950 38.6991869919
st/runQuack 815.1260504202 961.3008130081 184.8739495798 38.6991869919

ellcheck.hs 966.0590823382 196.3602499804 33.9409176618 767.5900681051
ellCheck/Analytics.hs 0.0000000000 156.0303669878 458.2023884349 807.9199510977
ellCheck/AST.hs 0.0000000000 0.0000000000 458.2023884349 156.0303669878
ellCheck/Parser.hs 458.2023884349 0.0000000000 492.4575738529 963.9503180854
ellCheck/Simple.hs 950.6599622879 0.0000000000 15.3991200503 963.9503180854
kefile 966.0590823382 0.0000000000 33.9409176618 196.3602499804
oncheck.hs 0.0000000000 963.9503180854 268.9075630252 36.0496819146
st/quackCheck.hs 268.9075630252 963.9503180854 546.2184873950 36.0496819146
st/runQuack 815.1260504202 963.9503180854 184.8739495798 36.0496819146

ellcheck.hs 967.1150971599 210.6865420953 32.8849028401 754.9601091749
ellCheck/Analytics.hs 0.0000000000 144.0265930466 475.0373692078 821.6200582236
ellCheck/AST.hs 0.0000000000 0.0000000000 475.0373692078 144.0265930466
ellCheck/Parser.hs 475.0373692078 0.0000000000 477.4289985052 965.6466512702
ellCheck/Simple.hs 952.4663677130 0.0000000000 14.6487294469 965.6466512702
kefile 967.1150971599 0.0000000000 32.8849028401 210.6865420953
oncheck.hs 0.0000000000 965.6466512702 268.9075630252 34.3533487298
st/quackCheck.hs 268.9075630252 965.6466512702 546.2184873950 34.3533487298
st/runQuack 815.1260504202 965.6466512702 184.8739495798 34.3533487298

ellcheck.hs 971.3018523350 211.6120721384 28.6981476650 758.2765918292
ellCheck/Analytics.hs 0.0000000000 163.1448524267 507.1745369163 806.7438115410
ellCheck/AST.hs 0.0000000000 0.0000000000 507.1745369163 163.1448524267
ellCheck/Parser.hs 507.1745369163 0.0000000000 451.3435950952 969.8886639676
ellCheck/Simple.hs 958.5181320115 0.0000000000 12.7837203235 969.8886639676
kefile 971.3018523350 0.0000000000 28.6981476650 211.6120721384
oncheck.hs 0.0000000000 969.8886639676 268.9075630252 30.1113360324
st/quackCheck.hs 268.9075630252 969.8886639676 546.2184873950 30.1113360324
st/runQuack 815.1260504202 969.8886639676 184.8739495798 30.1113360324

ellcheck.hs 972.3964868256 211.8553960659 27.6035131744 759.1485025696
ellCheck/Analytics.hs 0.0000000000 155.0421082722 520.2007528231 815.9617903632
ellCheck/AST.hs 0.0000000000 0.0000000000 520.2007528231 155.0421082722
ellCheck/Parser.hs 520.2007528231 0.0000000000 439.8996235885 971.0038986355
ellCheck/Simple.hs 960.1003764115 0.0000000000 12.2961104141 971.0038986355
kefile 972.3964868256 0.0000000000 27.6035131744 211.8553960659
oncheck.hs 0.0000000000 971.0038986355 268.9075630252 28.9961013645
st/quackCheck.hs 268.9075630252 971.0038986355 546.2184873950 28.9961013645
st/runQuack 815.1260504202 971.0038986355 184.8739495798 28.9961013645

ellcheck.hs 973.0930634411 204.9875695774 26.9069365589 766.4752601588
ellCheck/Analytics.hs 0.0000000000 152.3953538591 520.8590471489 788.2200779661
ellCheck/AST.hs 0.0000000000 0.0000000000 520.8590471489 152.3953538591
ellCheck/Data.hs 0.0000000000 940.6154318252 520.8590471489 30.8473979111
ellCheck/Parser.hs 520.8590471489 0.0000000000 440.1382374722 971.4628297362
ellCheck/Simple.hs 960.9972846211 0.0000000000 12.0957788200 971.4628297362
kefile 973.0930634411 0.0000000000 26.9069365589 204.9875695774
oncheck.hs 0.0000000000 971.4628297362 268.9075630252 28.5371702638
st/quackCheck.hs 268.9075630252 971.4628297362 546.2184873950 28.5371702638
st/runQuack 815.1260504202 971.4628297362 184.8739495798 28.5371702638

ellcheck.hs 973.6263736264 206.9490586932 26.3736263736 764.8117386489
ellCheck/Analytics.hs 0.0000000000 154.2477456099 523.0769230769 787.1171724504
ellCheck/AST.hs 0.0000000000 0.0000000000 523.0769230769 154.2477456099
ellCheck/Data.hs 0.0000000000 941.3649180602 523.0769230769 30.3958792819
ellCheck/Parser.hs 523.0769230769 0.0000000000 438.5836385836 971.7607973422
ellCheck/Simple.hs 961.6605616606 0.0000000000 11.9658119658 971.7607973422
kefile 973.6263736264 0.0000000000 26.3736263736 206.9490586932
oncheck.hs 0.0000000000 971.7607973422 268.9075630252 28.2392026578
st/quackCheck.hs 268.9075630252 971.7607973422 546.2184873950 28.2392026578
st/runQuack 815.1260504202 971.7607973422 184.8739495798 28.2392026578

ellcheck.hs 938.1726585757 0.0000000000 61.8273414243 976.0840411265
ellCheck/Analytics.hs 0.0000000000 81.0028249898 901.4981859214 450.9951403106
ellCheck/AST.hs 0.0000000000 0.0000000000 938.1726585757 81.0028249898
ellCheck/Data.hs 901.4981859214 81.0028249898 36.6744726543 450.9951403106
ellCheck/Parser.hs 0.0000000000 531.9979653003 913.0070829701 444.0860758262
ellCheck/Simple.hs 913.0070829701 531.9979653003 25.1655756056 444.0860758262
kefile 0.0000000000 976.0840411265 186.9158878505 23.9159588735
st/quackCheck.hs 186.9158878505 976.0840411265 607.4766355140 23.9159588735
st/runQuack 794.3925233645 976.0840411265 205.6074766355 23.9159588735

ellcheck.hs 939.8663697105 0.0000000000 60.1336302895 975.8748098240
ellCheck/Analytics.hs 0.0000000000 78.6249846778 904.7400508425 457.8749107705
ellCheck/AST.hs 0.0000000000 0.0000000000 939.8663697105 78.6249846778
ellCheck/Data.hs 904.7400508425 78.6249846778 35.1263188680 457.8749107705
ellCheck/Parser.hs 0.0000000000 536.4998954482 915.1330441918 439.3749143757
ellCheck/Simple.hs 915.1330441918 536.4998954482 24.7333255187 439.3749143757
kefile 0.0000000000 975.8748098240 216.2162162162 24.1251901760
st/quackCheck.hs 216.2162162162 975.8748098240 585.5855855856 24.1251901760
st/runQuack 801.8018018018 975.8748098240 198.1981981982 24.1251901760

ellcheck.hs 0.0000000000 976.5560165975 752.0891364903 23.4439834025
ellCheck/Analytics.hs 0.0000000000 75.7122537096 909.1989022693 459.1155849949
ellCheck/AST.hs 0.0000000000 0.0000000000 942.6386233270 75.7122537096
ellCheck/Data.hs 909.1989022693 75.7122537096 33.4397210576 459.1155849949
ellCheck/Parser.hs 0.0000000000 534.8278387045 911.1703683380 441.7281778930
ellCheck/Simple.hs 911.1703683380 534.8278387045 31.4682549890 441.7281778930
kefile 942.6386233270 0.0000000000 57.3613766730 976.5560165975
st/quackCheck.hs 752.0891364903 976.5560165975 181.0584958217 23.4439834025
st/runQuack 933.1476323120 976.5560165975 61.2813370474 23.4439834025
tup.hs 994.4289693593 976.5560165975 5.5710306407 23.4439834025

ellcheck.hs 0.0000000000 978.1515854602 771.7948717949 21.8484145398
ellCheck/Analytics.hs 0.0000000000 72.5698843353 910.0599299644 482.7028000547
ellCheck/AST.hs 0.0000000000 0.0000000000 940.5020755090 72.5698843353
ellCheck/Data.hs 910.0599299644 72.5698843353 30.4421455446 482.7028000547
ellCheck/Parser.hs 0.0000000000 555.2726843901 909.8683180666 422.8789010701
ellCheck/Simple.hs 909.8683180666 555.2726843901 30.6337574424 422.8789010701
kefile 940.5020755090 0.0000000000 59.4979244910 978.1515854602
st/quackCheck.hs 771.7948717949 978.1515854602 166.6666666667 21.8484145398
st/runQuack 938.4615384615 978.1515854602 56.4102564103 21.8484145398
tup.hs 994.8717948718 978.1515854602 5.1282051282 21.8484145398

ellcheck.hs 0.0000000000 979.1166143042 771.7948717949 20.8833856958
ellCheck/Analytics.hs 0.0000000000 69.5590150246 915.2398529144 502.5883761638
ellCheck/AST.hs 0.0000000000 0.0000000000 943.1861079653 69.5590150246
ellCheck/Data.hs 915.2398529144 69.5590150246 27.9462550508 502.5883761638
ellCheck/Parser.hs 0.0000000000 572.1473911884 912.7607496438 406.9692231158
ellCheck/Simple.hs 912.7607496438 572.1473911884 30.4253583215 406.9692231158
kefile 943.1861079653 0.0000000000 56.8138920347 979.1166143042
st/quackCheck.hs 771.7948717949 979.1166143042 166.6666666667 20.8833856958
st/runQuack 938.4615384615 979.1166143042 56.4102564103 20.8833856958
tup.hs 994.8717948718 979.1166143042 5.1282051282 20.8833856958

ellcheck.hs 0.0000000000 979.8609873463 771.7948717949 20.1390126537
ellCheck/Analytics.hs 0.0000000000 67.1215146229 916.3691390275 518.3063025236
ellCheck/AST.hs 0.0000000000 0.0000000000 945.2528192070 67.1215146229
ellCheck/Data.hs 916.3691390275 67.1215146229 28.8836801795 518.3063025236
ellCheck/Parser.hs 0.0000000000 585.4278171465 914.9794258576 394.4331701998
ellCheck/Simple.hs 914.9794258576 585.4278171465 30.2733933494 394.4331701998
kefile 945.2528192070 0.0000000000 54.7471807930 979.8609873463
st/quackCheck.hs 771.7948717949 979.8609873463 166.6666666667 20.1390126537
st/runQuack 938.4615384615 979.8609873463 56.4102564103 20.1390126537
tup.hs 994.8717948718 979.8609873463 5.1282051282 20.1390126537

ellcheck.hs 0.0000000000 992.3424991298 943.5736677116 7.6575008702
ellCheck/Analytics.hs 0.0000000000 65.4089853157 918.7460812768 531.9073384523
ellCheck/AST.hs 0.0000000000 0.0000000000 947.2115047352 65.4089853157
ellCheck/Data.hs 918.7460812768 65.4089853157 28.4654234584 531.9073384523
ellCheck/Parser.hs 0.0000000000 597.3163237680 915.4909334138 395.0261753618
ellCheck/Simple.hs 915.4909334138 597.3163237680 31.7205713214 395.0261753618
kefile 947.2115047352 0.0000000000 52.7884952648 992.3424991298
st/shellcheck.hs 943.5736677116 992.3424991298 50.1567398119 7.6575008702
tup.hs 993.7304075235 992.3424991298 6.2695924765 7.6575008702

ellcheck.hs 948.0855467403 0.0000000000 51.9144532597 996.9050894085
ellCheck/Analytics.hs 0.0000000000 64.1994545480 920.3320330907 538.9852511774
ellCheck/AST.hs 0.0000000000 0.0000000000 948.0855467403 64.1994545480
ellCheck/Data.hs 920.3320330907 64.1994545480 27.7535136495 538.9852511774
ellCheck/Parser.hs 0.0000000000 603.1847057254 916.6428201786 393.7203836831
ellCheck/Simple.hs 916.6428201786 603.1847057254 31.4427265616 393.7203836831
st/shellcheck.hs 0.0000000000 996.9050894085 888.8888888889 3.0949105915
tup.hs 888.8888888889 996.9050894085 111.1111111111 3.0949105915

ellcheck.hs 948.6698499318 0.0000000000 51.3301500682 996.9398163890
ellCheck/Analytics.hs 0.0000000000 63.4399955063 921.4308146367 543.0033513677
ellCheck/AST.hs 0.0000000000 0.0000000000 948.6698499318 63.4399955063
ellCheck/Data.hs 921.4308146367 63.4399955063 27.2390352951 543.0033513677
ellCheck/Parser.hs 0.0000000000 606.4433468740 917.3232555329 390.4964695149
ellCheck/Simple.hs 917.3232555329 606.4433468740 31.3465943988 390.4964695149
st/shellcheck.hs 0.0000000000 996.9398163890 888.8888888889 3.0601836110
tup.hs 888.8888888889 996.9398163890 111.1111111111 3.0601836110

ellcheck.hs 942.2558922559 0.0000000000 57.7441077441 996.9788519637
ellCheck/Analytics.hs 0.0000000000 63.5914686709 911.1552892762 545.0697314649
ellCheck/AST.hs 0.0000000000 0.0000000000 942.2558922559 63.5914686709
ellCheck/Data.hs 911.1552892762 139.1456888740 31.1006029797 469.5155112618
ellCheck/Options.hs 911.1552892762 63.5914686709 31.1006029797 75.5542202031
ellCheck/Parser.hs 0.0000000000 608.6612001358 908.9743767955 388.3176518279
ellCheck/Simple.hs 908.9743767955 608.6612001358 33.2815154604 388.3176518279
st/shellcheck.hs 0.0000000000 996.9788519637 888.8888888889 3.0211480363
tup.hs 888.8888888889 996.9788519637 111.1111111111 3.0211480363

ellcheck.hs 941.6303253942 0.0000000000 58.3696746058 996.9899665552
ellCheck/Analytics.hs 0.0000000000 63.3996113395 910.7220826692 546.4442691646
ellCheck/AST.hs 0.0000000000 0.0000000000 941.6303253942 63.3996113395
ellCheck/Data.hs 910.7220826692 139.1443615208 30.9082427250 470.6995189834
ellCheck/Options.hs 910.7220826692 63.3996113395 30.9082427250 75.7447501812
ellCheck/Parser.hs 0.0000000000 609.8438805042 908.3709056440 387.1460860510
ellCheck/Simple.hs 908.3709056440 609.8438805042 33.2594197502 387.1460860510
st/shellcheck.hs 0.0000000000 996.9899665552 888.8888888889 3.0100334448
tup.hs 888.8888888889 996.9899665552 111.1111111111 3.0100334448

ellcheck.hs 942.0965058236 0.0000000000 57.9034941764 997.0139349701
ellCheck/Analytics.hs 0.0000000000 62.8636479661 911.4814005829 547.2835234700
ellCheck/AST.hs 0.0000000000 0.0000000000 942.0965058236 62.8636479661
ellCheck/Data.hs 911.4814005829 138.7247304273 30.6151052407 471.4224410088
ellCheck/Options.hs 911.4814005829 62.8636479661 30.6151052407 75.8610824612
ellCheck/Parser.hs 0.0000000000 610.1471714362 909.0781030251 386.8667635340
ellCheck/Simple.hs 909.0781030251 610.1471714362 33.0184027986 386.8667635340
st/shellcheck.hs 0.0000000000 997.0139349701 888.8888888889 2.9860650299
tup.hs 888.8888888889 997.0139349701 111.1111111111 2.9860650299

ellcheck.hs 942.8195859349 0.0000000000 57.1804140651 997.0511140236
ellCheck/Analytics.hs 0.0000000000 62.0333300290 912.5990914318 547.5266748498
ellCheck/AST.hs 0.0000000000 0.0000000000 942.8195859349 62.0333300290
ellCheck/Data.hs 912.5990914318 137.9281166419 30.2204945032 471.6318882370
ellCheck/Options.hs 912.5990914318 62.0333300290 30.2204945032 75.8947866128
ellCheck/Parser.hs 0.0000000000 609.5600048788 910.2648289318 387.4911091448
ellCheck/Simple.hs 910.2648289318 609.5600048788 32.5547570031 387.4911091448
st/shellcheck.hs 0.0000000000 997.0511140236 888.8888888889 2.9488859764
tup.hs 888.8888888889 997.0511140236 111.1111111111 2.9488859764

ellcheck.hs 942.9227488929 0.0000000000 57.0772511071 997.0564186427
ellCheck/Analytics.hs 0.0000000000 61.9149663342 912.8040905633 548.3897018174
ellCheck/AST.hs 0.0000000000 0.0000000000 942.9227488929 61.9149663342
ellCheck/Data.hs 912.8040905633 137.9293804475 30.1186583296 472.3752877041
ellCheck/Options.hs 912.8040905633 61.9149663342 30.1186583296 76.0144141133
ellCheck/Parser.hs 0.0000000000 610.3046681516 910.3644297607 386.7517504911
ellCheck/Simple.hs 910.3644297607 610.3046681516 32.5583191322 386.7517504911
st/shellcheck.hs 0.0000000000 997.0564186427 888.8888888889 2.9435813573
tup.hs 888.8888888889 997.0564186427 111.1111111111 2.9435813573

ellcheck.hs 943.0628272251 0.0000000000 56.9371727749 990.4391508670
ellCheck/Analytics.hs 0.0000000000 62.3749846920 912.7575947881 540.0677049228
ellCheck/AST.hs 0.0000000000 0.0000000000 943.0628272251 62.3749846920
ellCheck/Data.hs 912.7575947881 137.2358546813 30.3052324371 465.2068349335
ellCheck/Options.hs 912.7575947881 62.3749846920 30.3052324371 74.8608699893
ellCheck/Parser.hs 0.0000000000 602.4426896148 910.9034659779 387.9964612522
ellCheck/Simple.hs 910.9034659779 602.4426896148 32.1593612473 387.9964612522
st/shellcheck.hs 0.0000000000 990.4391508670 271.1864406780 9.5608491330
tup.hs 271.1864406780 990.4391508670 728.8135593220 9.5608491330

ellcheck.hs 943.5766656041 0.0000000000 56.4233343959 990.6837201958
ellCheck/Analytics.hs 0.0000000000 60.7463159512 914.6887470754 552.0718906969
ellCheck/AST.hs 0.0000000000 0.0000000000 943.5766656041 60.7463159512
ellCheck/Data.hs 914.6887470754 137.2711324834 28.8879185286 475.5470741647
ellCheck/Options.hs 914.6887470754 60.7463159512 28.8879185286 76.5248165323
ellCheck/Parser.hs 0.0000000000 612.8182066481 911.3997819674 377.8655135477
ellCheck/Simple.hs 911.3997819674 612.8182066481 32.1768836366 377.8655135477
st/shellcheck.hs 0.0000000000 990.6837201958 271.1864406780 9.3162798042
tup.hs 271.1864406780 990.6837201958 728.8135593220 9.3162798042

ellcheck.hs 944.0404679102 0.0000000000 55.9595320898 990.7595927956
ellCheck/Analytics.hs 0.0000000000 59.8901897186 919.0569408082 557.9243989571
ellCheck/AST.hs 0.0000000000 0.0000000000 944.0404679102 59.8901897186
ellCheck/Data.hs 919.0569408082 147.6535783185 24.9835271020 470.1610103571
ellCheck/Options.hs 919.0569408082 59.8901897186 24.9835271020 87.7633886000
ellCheck/Parser.hs 0.0000000000 617.8145886756 910.4447217212 372.9450041200
ellCheck/Simple.hs 910.4447217212 617.8145886756 33.5957461890 372.9450041200
st/shellcheck.hs 0.0000000000 990.7595927956 271.1864406780 9.2404072044
tup.hs 271.1864406780 990.7595927956 728.8135593220 9.2404072044

ellcheck.hs 945.1162790698 0.0000000000 54.8837209302 990.9356275926
ellCheck/Analytics.hs 0.0000000000 59.0074856982 562.8030296718 907.3823282844
ellCheck/AST.hs 0.0000000000 0.0000000000 945.1162790698 59.0074856982
ellCheck/Data.hs 622.9421924984 930.6249657907 322.1740865713 35.7648481919
ellCheck/Options.hs 562.8030296718 930.6249657907 60.1391628266 35.7648481919
ellCheck/Parser.hs 562.8030296718 59.0074856982 382.3132493980 871.6174800925
ellCheck/Regex.hs 0.0000000000 966.3898139826 444.3924226090 24.5458136100
ellCheck/Simple.hs 444.3924226090 966.3898139826 500.7238564608 24.5458136100
st/shellcheck.hs 0.0000000000 990.9356275926 271.1864406780 9.0643724074
tup.hs 271.1864406780 990.9356275926 728.8135593220 9.0643724074

ellcheck.hs 945.7388105457 0.0000000000 54.2611894543 991.0375208871
ellCheck/Analytics.hs 0.0000000000 58.4663950734 565.1019347186 908.3172091761
ellCheck/AST.hs 0.0000000000 0.0000000000 945.7388105457 58.4663950734
ellCheck/Data.hs 624.9773983319 931.2650490577 320.7614122138 35.5185551919
ellCheck/Options.hs 565.1019347186 931.2650490577 59.8754636132 35.5185551919
ellCheck/Parser.hs 565.1019347186 58.4663950734 380.6368758270 872.7986539843
ellCheck/Regex.hs 0.0000000000 966.7836042495 444.6851360844 24.2539166376
ellCheck/Simple.hs 444.6851360844 966.7836042495 501.0536744613 24.2539166376
st/shellcheck.hs 0.0000000000 991.0375208871 271.1864406780 8.9624791129
tup.hs 271.1864406780 991.0375208871 728.8135593220 8.9624791129

ellcheck.hs 945.5730745907 0.0000000000 54.4269254093 991.1344853494
ellCheck/Analytics.hs 0.0000000000 58.1618120311 565.7557584150 908.3413048352
ellCheck/AST.hs 0.0000000000 0.0000000000 945.5730745907 58.1618120311
ellCheck/Data.hs 625.5023025325 931.2930227328 320.0707720582 35.2100941334
ellCheck/Options.hs 565.7557584150 931.2930227328 59.7465441175 35.2100941334
ellCheck/Parser.hs 565.7557584150 58.1618120311 379.8173161757 873.1312107018
ellCheck/Regex.hs 0.0000000000 966.5031168663 445.3344157750 24.6313684831
ellCheck/Simple.hs 445.3344157750 966.5031168663 500.2386588157 24.6313684831
st/shellcheck.hs 0.0000000000 991.1344853494 271.1864406780 8.8655146506
tup.hs 271.1864406780 991.1344853494 728.8135593220 8.8655146506

ellcheck.hs 946.7674970344 0.0000000000 53.2325029656 991.3273555784
ellCheck/Analytics.hs 0.0000000000 56.8247160754 574.6155392131 910.4375275038
ellCheck/AST.hs 0.0000000000 0.0000000000 946.7674970344 56.8247160754
ellCheck/Data.hs 633.1562966232 932.1086904566 313.6112004112 35.1535531227
ellCheck/Options.hs 574.6155392131 932.1086904566 58.5407574101 35.1535531227
ellCheck/Parser.hs 574.6155392131 56.8247160754 372.1519578213 875.2839743811
ellCheck/Regex.hs 0.0000000000 967.2622435793 445.8969502162 24.0651119992
ellCheck/Simple.hs 445.8969502162 967.2622435793 500.8705468182 24.0651119992
st/shellcheck.hs 0.0000000000 991.3273555784 271.1864406780 8.6726444216
tup.hs 271.1864406780 991.3273555784 728.8135593220 8.6726444216

ellcheck.hs 961.6099893730 0.0000000000 38.3900106270 991.9620503360
ellCheck/Analytics.hs 0.0000000000 82.4922163700 795.6796907982 570.1829108231
ellCheck/Analyzer.hs 937.5233331283 504.9675764784 24.0866562447 147.7075507146
ellCheck/AST.hs 0.0000000000 0.0000000000 578.2438806529 82.4922163700
ellCheck/ASTLib.hs 578.2438806529 0.0000000000 383.3661087201 82.4922163700
ellCheck/Checker.hs 795.6796907982 504.9675764784 141.8436423301 147.7075507146
ellCheck/Data.hs 795.6796907982 435.0844342049 165.9302985748 69.8831422736
ellCheck/Formatter/CheckStyle.hs 795.6796907982 164.2872578947 95.1488425394 113.5601061946
ellCheck/Formatter/Format.hs 890.8285333376 164.2872578947 70.7814560354 113.5601061946
ellCheck/Formatter/GCC.hs 795.6796907982 277.8473640893 80.0021082414 88.9421810755
ellCheck/Formatter/JSON.hs 875.6817990396 277.8473640893 85.9281903334 88.9421810755
ellCheck/Formatter/TTY.hs 795.6796907982 366.7895451648 165.9302985748 68.2948890401
ellCheck/Interface.hs 795.6796907982 82.4922163700 165.9302985748 81.7950415248
ellCheck/Parser.hs 0.0000000000 652.6751271930 930.5401997325 339.2869231430
ellCheck/Regex.hs 930.5401997325 652.6751271930 31.0697896405 339.2869231430
st/shellcheck.hs 0.0000000000 991.9620503360 295.0819672131 8.0379496640
tup.hs 295.0819672131 991.9620503360 704.9180327869 8.0379496640

ellcheck.hs 961.9986850756 0.0000000000 38.0013149244 992.0427863292
ellCheck/Analytics.hs 0.0000000000 82.0374365403 797.0714988568 567.8888995553
ellCheck/Analyzer.hs 938.0576419148 502.8130557095 23.9410431608 147.1132803862
ellCheck/AST.hs 0.0000000000 0.0000000000 580.3793719878 82.0374365403
ellCheck/ASTLib.hs 580.3793719878 0.0000000000 381.6193130878 82.0374365403
ellCheck/Checker.hs 797.0714988568 502.8130557095 140.9861430580 147.1132803862
ellCheck/Data.hs 797.0714988568 433.2110735913 164.9271862188 69.6019821182
ellCheck/Formatter/CheckStyle.hs 797.0714988568 163.5033928832 94.5736312583 113.1032209421
ellCheck/Formatter/Format.hs 891.6451301151 163.5033928832 70.3535549605 113.1032209421
ellCheck/Formatter/GCC.hs 797.0714988568 276.6066138253 79.5184647841 88.5843408777
ellCheck/Formatter/JSON.hs 876.5899636409 276.6066138253 85.4087214347 88.5843408777
ellCheck/Formatter/TTY.hs 797.0714988568 365.1909547030 164.9271862188 68.0201188882
ellCheck/Interface.hs 797.0714988568 82.0374365403 164.9271862188 81.4659563429
ellCheck/Parser.hs 0.0000000000 649.9263360957 931.4953577645 342.1164502336
ellCheck/Regex.hs 931.4953577645 649.9263360957 30.5033273112 342.1164502336
st/shellcheck.hs 0.0000000000 992.0427863292 295.0819672131 7.9572136708
tup.hs 295.0819672131 992.0427863292 704.9180327869 7.9572136708

ellcheck.hs 963.5045778230 0.0000000000 36.4954221770 992.3028391167
ellCheck/Analytics.hs 0.0000000000 80.9348230928 804.3092379278 575.4492114397
ellCheck/Analyzer.hs 940.7623864094 506.5770084139 22.7421914136 149.8070261186
ellCheck/AST.hs 0.0000000000 0.0000000000 569.0601470961 80.9348230928
ellCheck/ASTLib.hs 569.0601470961 0.0000000000 394.4444307269 80.9348230928
ellCheck/Checker.hs 804.3092379278 506.5770084139 136.4531484816 149.8070261186
ellCheck/Data.hs 804.3092379278 432.8624400064 159.1953398952 73.7145684076
ellCheck/Formatter/CheckStyle.hs 804.3092379278 162.5756891786 91.2868382616 113.3460567987
ellCheck/Formatter/Format.hs 895.5960761894 162.5756891786 67.9085016336 113.3460567987
ellCheck/Formatter/GCC.hs 804.3092379278 275.9217459773 76.7548960209 88.7745339962
ellCheck/Formatter/JSON.hs 881.0641339487 275.9217459773 82.4404438743 88.7745339962
ellCheck/Formatter/TTY.hs 804.3092379278 364.6962799735 159.1953398952 68.1661600328
ellCheck/Interface.hs 804.3092379278 80.9348230928 159.1953398952 81.6408660858
ellCheck/Parser.hs 0.0000000000 656.3840345325 933.4537527837 335.9188045842
ellCheck/Regex.hs 933.4537527837 656.3840345325 30.0508250393 335.9188045842
st/shellcheck.hs 0.0000000000 992.3028391167 295.0819672131 7.6971608833
tup.hs 295.0819672131 992.3028391167 704.9180327869 7.6971608833

ellcheck.hs 963.5277671877 0.0000000000 36.4722328123 992.3076923077
ellCheck/Analytics.hs 0.0000000000 80.8818456669 804.3648186147 575.2034169998
ellCheck/Analyzer.hs 940.7902031058 506.3422243568 22.7375640819 149.7430383099
ellCheck/AST.hs 0.0000000000 0.0000000000 569.0738430801 80.8818456669
ellCheck/ASTLib.hs 569.0738430801 0.0000000000 394.4539241076 80.8818456669
ellCheck/Checker.hs 804.3648186147 506.3422243568 136.4253844911 149.7430383099
ellCheck/Data.hs 804.3648186147 432.6591420138 159.1629485730 73.6830823429
ellCheck/Formatter/CheckStyle.hs 804.3648186147 162.4878400897 91.2682642167 113.2976427424
ellCheck/Formatter/Format.hs 895.6330828314 162.4878400897 67.8946843563 113.2976427424
ellCheck/Formatter/GCC.hs 804.3648186147 275.7854828321 76.7392787763 88.7366152947
ellCheck/Formatter/JSON.hs 881.1040973910 275.7854828321 82.4236697967 88.7366152947
ellCheck/Formatter/TTY.hs 804.3648186147 364.5220981268 159.1629485730 68.1370438870
ellCheck/Interface.hs 804.3648186147 80.8818456669 159.1629485730 81.6059944228
ellCheck/Parser.hs 0.0000000000 656.0852626666 933.5230099378 336.2224296411
ellCheck/Regex.hs 933.5230099378 656.0852626666 30.0047572499 336.2224296411
st/shellcheck.hs 0.0000000000 992.3076923077 295.0819672131 7.6923076923
tup.hs 295.0819672131 992.3076923077 704.9180327869 7.6923076923

ellcheck.hs 0.0000000000 989.8914264320 802.5974025974 10.1085735680
ellCheck/Analytics.hs 0.0000000000 80.2509381523 799.2775635377 574.7421557639
ellCheck/Analyzer.hs 937.9344001509 509.1860235278 23.1094727689 145.8070703884
ellCheck/AST.hs 0.0000000000 0.0000000000 567.6068181484 80.2509381523
ellCheck/ASTLib.hs 567.6068181484 0.0000000000 393.4370547714 80.2509381523
ellCheck/Checker.hs 799.2775635377 509.1860235278 138.6568366132 145.8070703884
ellCheck/Data.hs 799.2775635377 436.6682213240 161.7663093821 72.5178022038
ellCheck/Formatter/CheckStyle.hs 799.2775635377 169.7409919357 92.7611004849 110.3196352674
ellCheck/Formatter/Format.hs 892.0386640226 169.7409919357 69.0052088973 110.3196352674
ellCheck/Formatter/GCC.hs 799.2775635377 280.0606272031 77.9944705950 86.4041898598
ellCheck/Formatter/JSON.hs 877.2720341326 280.0606272031 83.7718387872 86.4041898598
ellCheck/Formatter/TTY.hs 799.2775635377 366.4648170629 161.7663093821 70.2034042611
ellCheck/Interface.hs 799.2775635377 80.2509381523 161.7663093821 89.4900537834
ellCheck/Parser.hs 0.0000000000 654.9930939162 931.2325081142 334.8983325158
ellCheck/Regex.hs 931.2325081142 654.9930939162 29.8113648056 334.8983325158
ickrun 961.0438729198 0.0000000000 38.9561270802 989.8914264320
icktest 802.5974025974 989.8914264320 38.9610389610 10.1085735680
st/shellcheck.hs 841.5584415584 989.8914264320 46.7532467532 10.1085735680
tup.hs 888.3116883117 989.8914264320 111.6883116883 10.1085735680

ellcheck.hs 0.0000000000 990.8028834203 817.4603174603 9.1971165797
ellCheck/Analytics.hs 0.0000000000 79.9055437758 800.8892914273 577.4403859266
ellCheck/Analyzer.hs 938.3321882169 510.8543418632 22.9071494649 146.4915878391
ellCheck/AST.hs 0.0000000000 0.0000000000 567.7222625467 79.9055437758
ellCheck/ASTLib.hs 567.7222625467 0.0000000000 393.5170751351 79.9055437758
ellCheck/Checker.hs 800.8892914273 510.8543418632 137.4428967896 146.4915878391
ellCheck/Data.hs 800.8892914273 437.9960918269 160.3500462546 72.8582500364
ellCheck/Formatter/CheckStyle.hs 800.8892914273 169.8157246717 91.9489775726 110.8375505872
ellCheck/Formatter/Format.hs 892.8382689999 169.8157246717 68.4010686820 110.8375505872
ellCheck/Formatter/GCC.hs 800.8892914273 280.6532752590 77.3116294442 86.8098298306
ellCheck/Formatter/JSON.hs 878.2009208715 280.6532752590 83.0384168104 86.8098298306
ellCheck/Formatter/TTY.hs 800.8892914273 367.4631050895 160.3500462546 70.5329867373
ellCheck/Interface.hs 800.8892914273 79.9055437758 160.3500462546 89.9101808959
ellCheck/Parser.hs 0.0000000000 657.3459297023 931.4219096033 333.4569537180
ellCheck/Regex.hs 931.4219096033 657.3459297023 29.8174280785 333.4569537180
ickrun 961.2393376819 0.0000000000 38.7606623181 990.8028834203
icktest 817.4603174603 990.8028834203 39.6825396825 9.1971165797
st/shellcheck.hs 857.1428571429 990.8028834203 47.6190476190 9.1971165797
tup.hs 904.7619047619 990.8028834203 95.2380952381 9.1971165797

ellcheck.hs 0.0000000000 990.8551655957 817.4603174603 9.1448344043
ellCheck/Analytics.hs 0.0000000000 79.4329345360 801.0745694556 574.0250576664
ellCheck/Analyzer.hs 938.5492623364 507.8328433448 22.9124488135 145.6251488576
ellCheck/AST.hs 0.0000000000 0.0000000000 567.8535996274 79.4329345360
ellCheck/ASTLib.hs 567.8535996274 0.0000000000 393.6081115225 79.4329345360
ellCheck/Checker.hs 801.0745694556 507.8328433448 137.4746928808 145.6251488576
ellCheck/Data.hs 801.0745694556 435.4055206325 160.3871416943 72.4273227123
ellCheck/Formatter/CheckStyle.hs 801.0745694556 168.8113327767 91.9702490834 110.1819909346
ellCheck/Formatter/Format.hs 893.0448185391 168.8113327767 68.4168926108 110.1819909346
ellCheck/Formatter/GCC.hs 801.0745694556 278.9933237113 77.3295147455 86.2963845082
ellCheck/Formatter/JSON.hs 878.4040842011 278.9933237113 83.0576269488 86.2963845082
ellCheck/Formatter/TTY.hs 801.0745694556 365.2897082195 160.3871416943 70.1158124129
ellCheck/Interface.hs 801.0745694556 79.4329345360 160.3871416943 89.3783982407
ellCheck/Parser.hs 0.0000000000 653.4579922024 932.1600209053 337.3971733933
ellCheck/Regex.hs 932.1600209053 653.4579922024 29.3016902446 337.3971733933
ickrun 961.4617111499 0.0000000000 38.5382888501 990.8551655957
icktest 817.4603174603 990.8551655957 39.6825396825 9.1448344043
st/shellcheck.hs 857.1428571429 990.8551655957 47.6190476190 9.1448344043
tup.hs 904.7619047619 990.8551655957 95.2380952381 9.1448344043

ack.yaml 0.0000000000 0.0000000000 1000.0000000000 4.2698548249
ellcheck.hs 0.0000000000 990.9723069416 817.4603174603 9.0276930584
ellCheck/Analytics.hs 0.0000000000 83.1654616146 803.2341849744 573.1981464346
ellCheck/Analyzer.hs 939.1436711896 510.9482393564 22.6515810359 145.4153686928
ellCheck/AST.hs 0.0000000000 4.2698548249 570.5827139409 78.8956067896
ellCheck/ASTLib.hs 570.5827139409 4.2698548249 391.2125382847 78.8956067896
ellCheck/Checker.hs 803.2341849744 510.9482393564 135.9094862153 145.4153686928
ellCheck/Data.hs 803.2341849744 438.6252517526 158.5610672512 72.3229876038
ellCheck/Formatter/CheckStyle.hs 803.2341849744 172.4151058916 90.9231294727 110.0232683760
ellCheck/Formatter/Format.hs 894.1573144471 172.4151058916 67.6379377785 110.0232683760
ellCheck/Formatter/GCC.hs 803.2341849744 282.4383742677 76.4490859961 86.1720703365
ellCheck/Formatter/JSON.hs 879.6832709705 282.4383742677 82.1119812551 86.1720703365
ellCheck/Formatter/TTY.hs 803.2341849744 368.6104446042 158.5610672512 70.0148071484
ellCheck/Interface.hs 803.2341849744 83.1654616146 158.5610672512 89.2496442771
ellCheck/Parser.hs 0.0000000000 656.3636080492 932.6278450314 334.6086988924
ellCheck/Regex.hs 932.6278450314 656.3636080492 29.1674071941 334.6086988924
ickrun 961.7952522255 4.2698548249 38.2047477745 986.7024521166
icktest 817.4603174603 990.9723069416 39.6825396825 9.0276930584
st/shellcheck.hs 857.1428571429 990.9723069416 47.6190476190 9.0276930584
tup.hs 904.7619047619 990.9723069416 95.2380952381 9.0276930584

ack.yaml 0.0000000000 0.0000000000 1000.0000000000 4.1041275797
ellcheck.hs 0.0000000000 990.1500938086 796.3917525773 9.8499061914
ellCheck/Analytics.hs 0.0000000000 80.1879212702 566.6197981155 575.3152143701
ellCheck/Analyzer.hs 566.6197981155 644.8600998144 396.6338586808 10.6430358260
ellCheck/AnalyzerLib.hs 566.6197981155 458.0156930919 396.6338586808 186.8444067225
ellCheck/AST.hs 0.0000000000 4.1041275797 573.3285765252 76.0837936905
ellCheck/ASTLib.hs 573.3285765252 4.1041275797 389.9250802711 76.0837936905
ellCheck/Checker.hs 912.9761254142 80.1879212702 50.2775313821 377.8277718217
ellCheck/Checks/Commands.hs 739.1772515009 80.1879212702 173.7988739134 377.8277718217
ellCheck/Data.hs 566.6197981155 394.1383359854 172.5574533854 63.8773571065
ellCheck/Formatter/CheckStyle.hs 566.6197981155 159.0152981251 98.9490292140 97.1751283642
ellCheck/Formatter/Format.hs 665.5688273295 159.0152981251 73.6084241714 97.1751283642
ellCheck/Formatter/GCC.hs 566.6197981155 256.1904264893 83.1973435965 76.1091914461
ellCheck/Formatter/JSON.hs 649.8171417120 256.1904264893 89.3601097889 76.1091914461
ellCheck/Formatter/TTY.hs 566.6197981155 332.2996179354 172.5574533854 61.8387180500
ellCheck/Interface.hs 566.6197981155 80.1879212702 172.5574533854 78.8273768549
ellCheck/Parser.hs 0.0000000000 655.5031356403 935.2215387375 334.6469581683
ellCheck/Regex.hs 935.2215387375 655.5031356403 28.0321180588 334.6469581683
ickrun 963.2536567963 4.1041275797 36.7463432037 986.0459662289
icktest 796.3917525773 990.1500938086 54.1237113402 9.8499061914
st/shellcheck.hs 850.5154639175 990.1500938086 56.7010309278 9.8499061914
tup.hs 907.2164948454 990.1500938086 92.7835051546 9.8499061914

ack.yaml 0.0000000000 0.0000000000 1000.0000000000 4.0969214562
ellcheck.hs 0.0000000000 990.1673885052 796.3917525773 9.8326114948
ellCheck/Analytics.hs 0.0000000000 80.0419666694 567.9132781801 576.0887349698
ellCheck/Analyzer.hs 567.9132781801 645.4733560796 395.4058101390 10.6573455596
ellCheck/AnalyzerLib.hs 567.9132781801 458.3777340339 395.4058101390 187.0956220457
ellCheck/AST.hs 0.0000000000 4.0969214562 573.3675213675 75.9450452133
ellCheck/ASTLib.hs 573.3675213675 4.0969214562 389.9515669516 75.9450452133
ellCheck/Checker.hs 913.1972250620 80.0419666694 50.1218632571 378.3357673645
ellCheck/Checks/Commands.hs 739.9364631858 80.0419666694 173.2607618762 378.3357673645
ellCheck/Data.hs 567.9132781801 394.4144927889 172.0231850057 63.9632412451
ellCheck/Formatter/CheckStyle.hs 567.9132781801 158.9753282059 98.6426655277 97.3057818941
ellCheck/Formatter/Format.hs 666.5559437078 158.9753282059 73.3805194780 97.3057818941
ellCheck/Formatter/GCC.hs 567.9132781801 256.2811101000 82.9397499135 76.2115214835
ellCheck/Formatter/JSON.hs 650.8530280936 256.2811101000 89.0834350922 76.2115214835
ellCheck/Formatter/TTY.hs 567.9132781801 332.4926315835 172.0231850057 61.9218612053
ellCheck/Interface.hs 567.9132781801 80.0419666694 172.0231850057 78.9333615365
ellCheck/Parser.hs 0.0000000000 656.1307016392 935.2850661054 334.0366868660
ellCheck/Regex.hs 935.2850661054 656.1307016392 28.0340222137 334.0366868660
ickrun 963.3190883191 4.0969214562 36.6809116809 986.0704670490
icktest 796.3917525773 990.1673885052 54.1237113402 9.8326114948
st/shellcheck.hs 850.5154639175 990.1673885052 56.7010309278 9.8326114948
tup.hs 907.2164948454 990.1673885052 92.7835051546 9.8326114948

ack.yaml 0.0000000000 0.0000000000 1000.0000000000 4.0504571230
ellcheck.hs 0.0000000000 990.2789029048 796.3917525773 9.7210970952
ellCheck/Analytics.hs 0.0000000000 81.8631970313 567.7413289488 570.7468407160
ellCheck/Analyzer.hs 567.7413289488 642.0893586558 395.9995769418 10.5206790915
ellCheck/AnalyzerLib.hs 567.7413289488 457.3929923821 395.9995769418 184.6963662737
ellCheck/AST.hs 0.0000000000 4.0504571230 559.2076861341 77.8127399083
ellCheck/ASTLib.hs 559.2076861341 4.0504571230 404.5332197566 77.8127399083
ellCheck/Checker.hs 913.8172238170 81.8631970313 49.9236820736 375.5297953508
ellCheck/Checks/Commands.hs 741.2415326984 81.8631970313 172.5756911186 375.5297953508
ellCheck/Data.hs 567.7413289488 394.6935238865 173.5002037496 62.6994684955
ellCheck/Formatter/CheckStyle.hs 567.7413289488 159.2370092172 96.1284912667 98.7183120993
ellCheck/Formatter/Format.hs 663.8698202155 159.2370092172 77.3717124829 98.7183120993
ellCheck/Formatter/GCC.hs 567.7413289488 257.9553213165 82.1843070393 76.0397809414
ellCheck/Formatter/JSON.hs 649.9256359881 257.9553213165 91.3158967103 76.0397809414
ellCheck/Formatter/TTY.hs 567.7413289488 333.9951022579 173.5002037496 60.6984216286
ellCheck/Interface.hs 567.7413289488 81.8631970313 173.5002037496 77.3738121860
ellCheck/Parser.hs 0.0000000000 652.6100377473 936.3229569322 337.6688651575
ellCheck/Regex.hs 936.3229569322 652.6100377473 27.4179489585 337.6688651575
ickrun 963.7409058906 4.0504571230 36.2590941094 986.2284457817
icktest 796.3917525773 990.2789029048 54.1237113402 9.7210970952
st/shellcheck.hs 850.5154639175 990.2789029048 56.7010309278 9.7210970952
tup.hs 907.2164948454 990.2789029048 92.7835051546 9.7210970952

ack.yaml 0.0000000000 0.0000000000 1000.0000000000 4.0257648953
ellcheck.hs 0.0000000000 990.3381642512 796.3917525773 9.6618357488
ellCheck/Analytics.hs 0.0000000000 83.0166684005 568.7879210698 568.4481333815
ellCheck/Analyzer.hs 568.7879210698 640.9864951759 395.1770935074 10.4783066061
ellCheck/AnalyzerLib.hs 568.7879210698 457.0340014241 395.1770935074 183.9524937517
ellCheck/AST.hs 0.0000000000 4.0257648953 547.5088300318 78.9909035052
ellCheck/ASTLib.hs 547.5088300318 4.0257648953 416.4561845455 78.9909035052
ellCheck/Checker.hs 914.1450230222 83.0166684005 49.8199915550 374.0173330237
ellCheck/Checks/Commands.hs 741.9277682641 83.0166684005 172.2172547581 374.0173330237
ellCheck/Data.hs 568.7879210698 394.5870577221 173.1398471943 62.4469437020
ellCheck/Formatter/CheckStyle.hs 568.7879210698 160.0788542455 95.9288342563 98.3207198712
ellCheck/Formatter/Format.hs 664.7167553261 160.0788542455 77.2110129380 98.3207198712
ellCheck/Formatter/GCC.hs 568.7879210698 258.3995741167 82.0136118289 75.7335274684
ellCheck/Formatter/JSON.hs 650.8015328987 258.3995741167 91.1262353654 75.7335274684
ellCheck/Formatter/TTY.hs 568.7879210698 334.1331015851 173.1398471943 60.4539561370
ellCheck/Interface.hs 568.7879210698 83.0166684005 173.1398471943 77.0621858450
ellCheck/Parser.hs 0.0000000000 651.4648017820 936.8110705047 338.8733624692
ellCheck/Regex.hs 936.8110705047 651.4648017820 27.1539440726 338.8733624692
ickrun 963.9650145773 4.0257648953 36.0349854227 986.3123993559
icktest 796.3917525773 990.3381642512 54.1237113402 9.6618357488
st/shellcheck.hs 850.5154639175 990.3381642512 56.7010309278 9.6618357488
tup.hs 907.2164948454 990.3381642512 92.7835051546 9.6618357488

ack.yaml 0.0000000000 0.0000000000 1000.0000000000 3.9886039886
ellcheck.hs 0.0000000000 990.4273504274 796.3917525773 9.5726495726
ellCheck/Analytics.hs 0.0000000000 82.8138877881 571.3939851437 570.8037792379
ellCheck/Analyzer.hs 571.3939851437 643.1761344790 392.9082329709 10.4415325470
ellCheck/AnalyzerLib.hs 571.3939851437 455.5185912032 392.9082329709 187.6575432759
ellCheck/AST.hs 0.0000000000 3.9886039886 547.9318450756 78.8252837995
ellCheck/ASTLib.hs 547.9318450756 3.9886039886 416.3703730390 78.8252837995
ellCheck/Checker.hs 914.7682618957 82.8138877881 49.5339562189 372.7047034150
ellCheck/Checks/Commands.hs 743.5397712625 82.8138877881 171.2284906332 372.7047034150
ellCheck/Data.hs 571.3939851437 393.2908076845 172.1457861188 62.2277835187
ellCheck/Formatter/CheckStyle.hs 571.3939851437 159.6056206410 95.3780706874 97.9756591571
ellCheck/Formatter/Format.hs 666.7720558311 159.6056206410 76.7677154313 97.9756591571
ellCheck/Formatter/GCC.hs 571.3939851437 257.5812797980 81.5427407931 75.4677374588
ellCheck/Formatter/JSON.hs 652.9367259368 257.5812797980 90.6030453257 75.4677374588
ellCheck/Formatter/TTY.hs 571.3939851437 333.0490172568 172.1457861188 60.2417904276
ellCheck/Interface.hs 571.3939851437 82.8138877881 172.1457861188 76.7917328528
ellCheck/Parser.hs 0.0000000000 653.6176670261 937.2340856763 336.8096834013
ellCheck/Regex.hs 937.2340856763 653.6176670261 27.0681324383 336.8096834013
ickrun 964.3022181146 3.9886039886 35.6977818854 986.4387464387
icktest 796.3917525773 990.4273504274 54.1237113402 9.5726495726
st/shellcheck.hs 850.5154639175 990.4273504274 56.7010309278 9.5726495726
tup.hs 907.2164948454 990.4273504274 92.7835051546 9.5726495726

ack.yaml 0.0000000000 0.0000000000 1000.0000000000 3.9378937894
ellcheck.hs 0.0000000000 988.1863186319 755.5012224939 11.8136813681
ellCheck/Analytics.hs 0.0000000000 81.9639864804 562.3364783031 573.8241794318
ellCheck/Analyzer.hs 562.3364783031 645.7210750450 402.3411623005 10.0670908672
ellCheck/AnalyzerLib.hs 562.3364783031 458.9206111754 402.3411623005 186.8004638696
ellCheck/AST.hs 0.0000000000 3.9378937894 546.5064660519 78.0260926910
ellCheck/ASTLib.hs 546.5064660519 3.9378937894 418.1711745516 78.0260926910
ellCheck/Checker.hs 916.3250676861 81.9639864804 48.3525729174 376.9566246950
ellCheck/Checks/Commands.hs 730.3765928247 81.9639864804 185.9484748614 376.9566246950
ellCheck/Data.hs 562.3364783031 395.9829154004 168.0401145217 62.9376957750
ellCheck/Formatter/CheckStyle.hs 562.3364783031 159.6317812666 93.1033066944 99.0933933479
ellCheck/Formatter/Format.hs 655.4397849975 159.6317812666 74.9368078272 99.0933933479
ellCheck/Formatter/GCC.hs 562.3364783031 258.7251746145 79.5979489839 76.3286948761
ellCheck/Formatter/JSON.hs 641.9344272870 258.7251746145 88.4421655377 76.3286948761
ellCheck/Formatter/TTY.hs 562.3364783031 335.0538694905 168.0401145217 60.9290459098
ellCheck/Interface.hs 562.3364783031 81.9639864804 168.0401145217 77.6677947862
ellCheck/Parser.hs 0.0000000000 655.7881659122 937.5989699901 332.3981527196
ellCheck/Regex.hs 937.5989699901 655.7881659122 27.0786706134 332.3981527196
ickrun 964.6776406036 3.9378937894 35.3223593964 984.2484248425
icktest 755.5012224939 988.1863186319 51.3447432763 11.8136813681
ravis.yml 806.8459657702 988.1863186319 51.3447432763 11.8136813681
st/shellcheck.hs 858.1907090465 988.1863186319 53.7897310513 11.8136813681
tup.hs 911.9804400978 988.1863186319 88.0195599022 11.8136813681

ack.yaml 0.0000000000 0.0000000000 1000.0000000000 3.9264078977
ellcheck.hs 0.0000000000 988.2207763069 755.5012224939 11.7792236931
ellCheck/Analytics.hs 0.0000000000 82.6467017445 563.0507158103 573.0186234519
ellCheck/Analyzer.hs 563.0507158103 645.6123668903 401.7315955642 10.0529583062
ellCheck/AnalyzerLib.hs 563.0507158103 459.0741405423 401.7315955642 186.5382263479
ellCheck/AST.hs 0.0000000000 3.9264078977 544.3823381759 78.7202938468
ellCheck/ASTLib.hs 544.3823381759 3.9264078977 420.3999731986 78.7202938468
ellCheck/Checker.hs 916.5029949937 82.6467017445 48.2793163809 376.4274387979
ellCheck/Checks/Commands.hs 730.8362412574 82.6467017445 185.6667537363 376.4274387979
ellCheck/Data.hs 563.0507158103 396.2247990734 167.7855254471 62.8493414689
ellCheck/Formatter/CheckStyle.hs 563.0507158103 160.2054635572 92.9622505855 98.9542823128
ellCheck/Formatter/Format.hs 656.0129663958 160.2054635572 74.8232748615 98.9542823128
ellCheck/Formatter/GCC.hs 563.0507158103 259.1597458699 79.4773541591 76.2215417815
ellCheck/Formatter/JSON.hs 642.5280699694 259.1597458699 88.3081712879 76.2215417815
ellCheck/Formatter/TTY.hs 563.0507158103 335.3812876514 167.7855254471 60.8435114220
ellCheck/Interface.hs 563.0507158103 82.6467017445 167.7855254471 77.5587618127
ellCheck/Parser.hs 0.0000000000 655.6653251964 937.7953935738 332.5554511105
ellCheck/Regex.hs 937.7953935738 655.6653251964 26.9869178007 332.5554511105
ickrun 964.7823113745 3.9264078977 35.2176886255 984.2943684092
icktest 755.5012224939 988.2207763069 51.3447432763 11.7792236931
ravis.yml 806.8459657702 988.2207763069 51.3447432763 11.7792236931
st/shellcheck.hs 858.1907090465 988.2207763069 53.7897310513 11.7792236931
tup.hs 911.9804400978 988.2207763069 88.0195599022 11.7792236931

ack.yaml 0.0000000000 0.0000000000 1000.0000000000 3.8512323944
ellcheck.hs 0.0000000000 988.1161971831 750.0000000000 11.8838028169
ellCheck/Analytics.hs 113.8390466449 3.8512323944 551.6171451396 504.2791300733
ellCheck/Analyzer.hs 665.4561917845 3.8512323944 299.9993699818 17.4850353855
ellCheck/AnalyzerLib.hs 224.7719973802 508.1303624676 440.6841944044 152.9992455563
ellCheck/AST.hs 0.0000000000 3.8512323944 113.8390466449 372.1355509079
ellCheck/ASTLib.hs 0.0000000000 375.9867833023 113.8390466449 285.1428247216
ellCheck/Checker.hs 113.8390466449 508.1303624676 110.9329507353 152.9992455563
ellCheck/Checks/Commands.hs 665.4561917845 21.3362677799 299.9993699818 263.4676922868
ellCheck/Checks/ShellSupport.hs 665.4561917845 284.8039600667 299.9993699818 152.5966724557
ellCheck/Data.hs 665.4561917845 437.4006325224 50.0887047572 223.7289755015
ellCheck/Formatter/CheckStyle.hs 715.5448965417 437.4006325224 106.2544376861 92.0027813658
ellCheck/Formatter/Format.hs 715.5448965417 529.4034138882 106.2544376861 74.0510191481
ellCheck/Formatter/GCC.hs 821.7993342278 437.4006325224 81.8446344339 78.6570634013
ellCheck/Formatter/JSON.hs 821.7993342278 516.0576959237 81.8446344339 87.3967371125
ellCheck/Formatter/TTY.hs 715.5448965417 603.4544330363 188.0990721201 57.6751749876
ellCheck/Interface.hs 903.6439686617 437.4006325224 61.8115931046 223.7289755015
ellCheck/Parser.hs 0.0000000000 661.1296080239 965.4555617664 317.8688034733
ellCheck/Regex.hs 0.0000000000 978.9984114972 965.4555617664 9.1177856859
ickrun 965.4555617664 3.8512323944 34.5444382337 984.2649647887
icktest 750.0000000000 988.1161971831 53.3980582524 11.8838028169
ravis.yml 803.3980582524 988.1161971831 50.9708737864 11.8838028169
st/shellcheck.hs 854.3689320388 988.1161971831 58.2524271845 11.8838028169
tup.hs 912.6213592233 988.1161971831 87.3786407767 11.8838028169

ack.yaml 0.0000000000 0.0000000000 1000.0000000000 3.7206335707
ellcheck.hs 0.0000000000 987.4561496758 732.2274881517 12.5438503242
ellCheck/Analytics.hs 121.1849003279 3.7206335707 554.2614651840 518.0345845438
ellCheck/Analyzer.hs 675.4463655119 3.7206335707 291.1626684194 17.7622019067
ellCheck/AnalyzerLib.hs 231.7940962308 521.7552181146 443.6522692810 148.6400603560
ellCheck/AST.hs 0.0000000000 3.7206335707 121.1849003279 337.7233398506
ellCheck/ASTLib.hs 0.0000000000 341.4439734213 121.1849003279 328.9513050492
ellCheck/Checker.hs 121.1849003279 521.7552181146 110.6091959029 148.6400603560
ellCheck/Checks/Commands.hs 675.4463655119 21.4828354775 291.1626684194 268.8013221887
ellCheck/Checks/ShellSupport.hs 675.4463655119 290.2841576662 291.1626684194 151.9655052021
ellCheck/Data.hs 675.4463655119 442.2496628684 54.9078388542 228.1456156022
ellCheck/Formatter/CheckStyle.hs 730.3542043660 442.2496628684 100.4483904019 93.8190109026
ellCheck/Formatter/Format.hs 730.3542043660 536.0686737710 100.4483904019 75.5128624338
ellCheck/Formatter/GCC.hs 830.8025947679 442.2496628684 77.3724088231 80.2098347383
ellCheck/Formatter/JSON.hs 830.8025947679 522.4594976067 77.3724088231 89.1220385981
ellCheck/Formatter/TTY.hs 730.3542043660 611.5815362048 177.8207992250 58.8137422657
ellCheck/Interface.hs 908.1750035910 442.2496628684 58.4340303402 228.1456156022
ellCheck/Parser.hs 0.0000000000 670.3952784705 966.6090339313 308.2627894514
ellCheck/Regex.hs 0.0000000000 978.6580679219 966.6090339313 8.7980817539
ickrun 966.6090339313 3.7206335707 33.3909660687 983.7355161050
icktest 732.2274881517 987.4561496758 52.1327014218 12.5438503242
ravis.yml 784.3601895735 987.4561496758 49.7630331754 12.5438503242
st/shellcheck.hs 834.1232227488 987.4561496758 56.8720379147 12.5438503242
tup.hs 890.9952606635 987.4561496758 85.3080568720 12.5438503242
xtnumber 976.3033175355 987.4561496758 23.6966824645 12.5438503242

ack.yaml 0.0000000000 0.0000000000 1000.0000000000 3.6849863129
ellcheck.hs 0.0000000000 987.5763318593 752.7352297593 12.4236681407
ellCheck/Analytics.hs 120.2803778419 3.6849863129 553.9518318959 520.5804615338
ellCheck/Analyzer.hs 674.2322097378 3.6849863129 288.9566613162 17.7208379793
ellCheck/AnalyzerLib.hs 230.8277828913 524.2654478467 443.4044268465 147.2982320879
ellCheck/AST.hs 0.0000000000 3.6849863129 120.2803778419 337.0030105430
ellCheck/ASTLib.hs 0.0000000000 340.6879968560 120.2803778419 330.8756830786
ellCheck/Checker.hs 120.2803778419 524.2654478467 110.5474050494 147.2982320879
ellCheck/Checks/Commands.hs 674.2322097378 21.4058242923 288.9566613162 269.7505336856
ellCheck/Checks/ShellSupport.hs 674.2322097378 291.1563579779 288.9566613162 152.7930030219
ellCheck/Data.hs 674.2322097378 443.9493609998 54.4918271340 227.6143189347
ellCheck/Formatter/CheckStyle.hs 728.7240368719 443.9493609998 99.6873386368 93.6005288262
ellCheck/Formatter/Format.hs 728.7240368719 537.5498898260 99.6873386368 75.3370110064
ellCheck/Formatter/GCC.hs 828.4113755087 443.9493609998 76.7861932743 80.0230451839
ellCheck/Formatter/JSON.hs 828.4113755087 523.9724061837 76.7861932743 88.9144946487
ellCheck/Formatter/TTY.hs 728.7240368719 612.8869008324 176.4735319111 58.6767791022
ellCheck/Interface.hs 905.1975687830 443.9493609998 57.9913022711 227.6143189347
ellCheck/Parser.hs 0.0000000000 671.5636799346 963.1888710540 307.2679227120
ellCheck/Regex.hs 0.0000000000 978.8316026466 963.1888710540 8.7447292127
ickrun 963.1888710540 3.6849863129 36.8111289460 983.8913455464
icktest 752.7352297593 987.5763318593 48.1400437637 12.4236681407
ravis.yml 800.8752735230 987.5763318593 45.9518599562 12.4236681407
st/shellcheck.hs 846.8271334792 987.5763318593 52.5164113786 12.4236681407
tup.hs 899.3435448578 987.5763318593 78.7746170678 12.4236681407
xtnumber 978.1181619256 987.5763318593 21.8818380744 12.4236681407

ack.yaml 0.0000000000 0.0000000000 1000.0000000000 3.6722274683
ellcheck.hs 0.0000000000 987.6193473927 752.7352297593 12.3806526073
ellCheck/Analytics.hs 121.2414468255 3.6722274683 553.4593319372 519.4292223175
ellCheck/Analyzer.hs 674.7007787627 3.6722274683 288.6176260145 17.6802259589
ellCheck/AnalyzerLib.hs 231.6905678919 523.1014497857 443.0102108708 146.9188493781
ellCheck/AST.hs 0.0000000000 3.6722274683 121.2414468255 333.1740358478
ellCheck/ASTLib.hs 0.0000000000 336.8462633160 121.2414468255 333.1740358478
ellCheck/Checker.hs 121.2414468255 523.1014497857 110.4491210664 146.9188493781
ellCheck/Checks/Commands.hs 674.7007787627 21.3524534272 288.6176260145 269.1323284855
ellCheck/Checks/ShellSupport.hs 674.7007787627 290.4847819127 288.6176260145 152.4428371568
ellCheck/Data.hs 674.7007787627 442.9276190695 54.4278914110 227.0926800944
ellCheck/Formatter/CheckStyle.hs 729.1286701737 442.9276190695 99.5703746368 93.3860182824
ellCheck/Formatter/Format.hs 729.1286701737 536.3136373519 99.5703746368 75.1643561785
ellCheck/Formatter/GCC.hs 828.6990448105 442.9276190695 76.6960993824 79.8396510605
ellCheck/Formatter/JSON.hs 828.6990448105 522.7672701299 76.6960993824 88.7107234005
ellCheck/Formatter/TTY.hs 729.1286701737 611.4779935304 176.2664740192 58.5423056334
ellCheck/Interface.hs 905.3951441929 442.9276190695 57.9232605842 227.0926800944
ellCheck/Parser.hs 0.0000000000 670.0202991638 963.3184047771 308.8857684421
ellCheck/Regex.hs 0.0000000000 978.9060676059 963.3184047771 8.7132797868
ickrun 963.3184047771 3.6722274683 36.6815952229 983.9471199245
icktest 752.7352297593 987.6193473927 48.1400437637 12.3806526073
ravis.yml 800.8752735230 987.6193473927 45.9518599562 12.3806526073
st/shellcheck.hs 846.8271334792 987.6193473927 52.5164113786 12.3806526073
tup.hs 899.3435448578 987.6193473927 78.7746170678 12.3806526073
xtnumber 978.1181619256 987.6193473927 21.8818380744 12.3806526073

ack.yaml 0.0000000000 0.0000000000 1000.0000000000 3.6714570440
ellcheck.hs 0.0000000000 987.6219448232 752.1929824561 12.3780551768
ellCheck/Analytics.hs 121.4331725385 3.6714570440 553.3005643680 519.6588517062
ellCheck/Analyzer.hs 674.7337369064 3.6714570440 288.6990989145 17.6715282546
ellCheck/AnalyzerLib.hs 232.2150237101 523.3303087501 442.5187131964 146.3614131766
ellCheck/AST.hs 0.0000000000 3.6714570440 121.4331725385 332.5782126847
ellCheck/ASTLib.hs 0.0000000000 336.2496697286 121.4331725385 333.4420521981
ellCheck/Checker.hs 121.4331725385 523.3303087501 110.7818511716 146.3614131766
ellCheck/Checks/Commands.hs 674.7337369064 21.3429852985 288.6990989145 268.9999300971
ellCheck/Checks/ShellSupport.hs 674.7337369064 290.3429153956 288.6990989145 152.3678436171
ellCheck/Data.hs 674.7337369064 442.7107590127 54.4432556776 226.9809629141
ellCheck/Formatter/CheckStyle.hs 729.1769925841 442.7107590127 99.5984820233 93.3400774681
ellCheck/Formatter/Format.hs 729.1769925841 536.0508364808 99.5984820233 75.1273794256
ellCheck/Formatter/GCC.hs 828.7754746074 442.7107590127 76.7177496666 79.8003743181
ellCheck/Formatter/JSON.hs 828.7754746074 522.5111333308 76.7177496666 88.6670825756
ellCheck/Formatter/TTY.hs 729.1769925841 611.1782159064 176.3162316900 58.5135060203
ellCheck/Interface.hs 905.4932242741 442.7107590127 57.9396115468 226.9809629141
ellCheck/Parser.hs 0.0000000000 669.6917219268 963.4328358209 309.2198058308
ellCheck/Regex.hs 0.0000000000 978.9115277576 963.4328358209 8.7104170657
ickrun 963.4328358209 3.6714570440 36.5671641791 983.9504877793
icktest 752.1929824561 987.6219448232 48.2456140351 12.3780551768
ravis.yml 800.4385964912 987.6219448232 46.0526315789 12.3780551768
st/shellcheck.hs 846.4912280702 987.6219448232 52.6315789474 12.3780551768
tup.hs 899.1228070175 987.6219448232 78.9473684211 12.3780551768
xtnumber 978.0701754386 987.6219448232 21.9298245614 12.3780551768

ack.yaml 0.0000000000 0.0000000000 1000.0000000000 3.5945363048
ellcheck.hs 0.0000000000 987.8812776009 752.1929824561 12.1187223991
ellCheck/Analytics.hs 118.6059647958 3.5945363048 558.9229273667 520.3746766099
ellCheck/Analyzer.hs 677.5288921625 3.5945363048 286.6822931463 17.3981519779
ellCheck/AnalyzerLib.hs 226.4786824848 523.9692129147 451.0502096777 148.1009849391
ellCheck/AST.hs 0.0000000000 3.5945363048 118.6059647958 334.2378307745
ellCheck/ASTLib.hs 0.0000000000 337.8323670793 118.6059647958 334.2378307745
ellCheck/Checker.hs 118.6059647958 523.9692129147 107.8727176890 148.1009849391
ellCheck/Checks/Commands.hs 677.5288921625 20.9926882827 286.6822931463 264.8385356628
ellCheck/Checks/ShellSupport.hs 677.5288921625 285.8312239455 286.6822931463 162.3827517933
ellCheck/Data.hs 677.5288921625 448.2139757388 53.9695508687 223.8562221150
ellCheck/Formatter/CheckStyle.hs 731.4984430312 448.2139757388 98.7318865320 92.0551082597
ellCheck/Formatter/Format.hs 731.4984430312 540.2690839985 98.7318865320 74.0931359163
ellCheck/Formatter/GCC.hs 830.2303295632 448.2139757388 76.0502369233 78.7017998729
ellCheck/Formatter/JSON.hs 830.2303295632 526.9157756116 76.0502369233 87.4464443032
ellCheck/Formatter/TTY.hs 731.4984430312 614.3622199148 174.7821234554 57.7079779390
ellCheck/Interface.hs 906.2805664865 448.2139757388 57.9306188223 223.8562221150
ellCheck/Parser.hs 0.0000000000 672.0701978538 964.2111853088 307.2900388096
ellCheck/Regex.hs 0.0000000000 979.3602366634 964.2111853088 8.5210409375
ickrun 964.2111853088 3.5945363048 35.7888146912 984.2867412961
icktest 752.1929824561 987.8812776009 48.2456140351 12.1187223991
ravis.yml 800.4385964912 987.8812776009 46.0526315789 12.1187223991
st/shellcheck.hs 846.4912280702 987.8812776009 52.6315789474 12.1187223991
tup.hs 899.1228070175 987.8812776009 78.9473684211 12.1187223991
xtnumber 978.0701754386 987.8812776009 21.9298245614 12.1187223991

