new names 21
Amber 0.0000000000 0.0000000000 113.6464333186 87.8228582043
Anne 0.0000000000 87.8228582043 113.6464333186 125.2361834482
Anouk 0.0000000000 213.0590416525 113.6464333186 66.5563364866
Bas 0.0000000000 279.6153781391 113.6464333186 86.6413847755
Bram 0.0000000000 366.2567629146 113.6464333186 287.4918676642
Charlotte 0.0000000000 653.7486305788 113.6464333186 82.7031400130
Cornelis 0.0000000000 736.4517705917 113.6464333186 71.6760546779
Daan 113.6464333186 0.0000000000 189.2445724413 177.6131099729
Daniël 302.8910057599 0.0000000000 106.9619087838 130.8958473894
David 176.9678111696 713.7017903345 125.9231945902 94.4260349352
Dylan 176.9678111696 634.1851293364 125.9231945902 79.5166609981
Eline 113.6464333186 634.1851293364 63.3213778511 173.9426959333
Emma 113.6464333186 479.8633458722 189.2445724413 154.3217834642
Eva 113.6464333186 355.9649997195 189.2445724413 123.8983461527
Femke 113.6464333186 288.2838746859 189.2445724413 67.6811250336
Fleur 113.6464333186 177.6131099729 189.2445724413 110.6707647129
Floris 302.8910057599 130.8958473894 106.9619087838 138.1206181869
Gijs 409.8529145436 0.0000000000 140.7571406270 134.0238093807
Ilse 550.6100551706 0.0000000000 124.7044055014 78.5030255418
Iris 490.4209748351 134.0238093807 60.1890803354 134.9926561955
Jan 409.8529145436 134.0238093807 80.5680602915 134.9926561955
Jasper 550.6100551706 78.5030255418 124.7044055014 98.6074589123
Jelle 550.6100551706 177.1104844541 124.7044055014 91.9059811221
Jesse 302.8910057599 269.0164655763 282.7659565074 85.6849178015
Johanna 585.6569622672 269.0164655763 89.6574984048 85.6849178015
Johannes 302.8910057599 354.7013833778 188.1022018465 48.0909652618
Joris 490.9932076064 354.7013833778 184.3212530657 48.0909652618
Julia 675.3144606720 0.0000000000 153.2578944760 179.4472539963
Koen 828.5723551480 0.0000000000 171.4276448520 76.5586698345
Lars 675.3144606720 287.3708755177 153.2578944760 115.4214731219
Lieke 675.3144606720 179.4472539963 153.2578944760 107.9236215214
Lisa 828.5723551480 76.5586698345 171.4276448520 162.4918706692
Lotte 828.5723551480 239.0505405037 171.4276448520 163.7418081359
Lucas 302.8910057599 402.7923486396 180.5520391586 168.4333230591
Luuk 302.8910057599 571.2256716987 160.9632178179 167.0624942998
Maria 930.0900361544 402.7923486396 69.9099638456 168.4333230591
Maud 793.0947534670 402.7923486396 136.9952826874 168.4333230591
Max 615.1421182236 402.7923486396 177.9526352434 168.4333230591
Merel 483.4430449185 499.4270165609 131.6990733051 71.7986551378
Mohamed 483.4430449185 402.7923486396 131.6990733051 96.6346679213
Naomi 463.8542235778 571.2256716987 93.4079652283 116.5284411002
Nick 302.8910057599 738.2881659985 160.9632178179 69.8396592712
Niels 557.2621888061 571.2256716987 70.2239738587 116.5284411002
Nikki 627.4861626648 571.2256716987 70.5599737336 116.5284411002
Nina 463.8542235778 687.7541127989 234.1919128207 54.0009849001
Pieter 463.8542235778 741.7550976990 124.4697571918 66.3727275707
Robin 588.3239807696 741.7550976990 109.7221556288 66.3727275707
Roos 698.0461363985 571.2256716987 75.0339650110 236.9021535709
Ruben 773.0801014095 571.2256716987 83.9587097480 236.9021535709
Sanne 857.0388111575 571.2256716987 142.9611888425 105.1681236662
Sarah 857.0388111575 676.3937953649 142.9611888425 131.7340299048
Sophie 0.0000000000 808.1278252697 219.0400424291 168.7776932373
Stijn 878.0164412623 808.1278252697 121.9835587377 168.7776932373
Sven 770.3526915937 808.1278252697 107.6637496685 168.7776932373
Tessa 710.6868204720 808.1278252697 59.6658711217 168.7776932373
Thijs 568.0190930788 808.1278252697 142.6677273933 168.7776932373
Thomas 429.3290904269 808.1278252697 138.6900026518 168.7776932373
Tim 285.6006364360 808.1278252697 143.7284539910 168.7776932373
Tom 219.0400424291 808.1278252697 66.5605940069 168.7776932373
Vera 0.0000000000 976.9055185069 515.5038759690 23.0944814931
Willem 515.5038759690 976.9055185069 484.4961240310 23.0944814931

Amber 0.0000000000 0.0000000000 238.0487804878 44.3109112917
Anne 238.0487804878 0.0000000000 344.3902439024 44.3109112917
Anouk 582.4390243902 0.0000000000 203.9024390244 44.3109112917
Bas 786.3414634146 0.0000000000 213.6585365854 44.3109112917
Bram 0.0000000000 44.3109112917 178.2130912566 180.9614386996
Charlotte 0.0000000000 225.2723499914 292.9826759949 33.8686246995
Cornelis 960.2956886787 44.3109112917 39.7043113213 180.9614386996
Daan 793.1682386983 44.3109112917 167.1274499804 180.9614386996
Daniël 726.9174401563 44.3109112917 66.2507985420 180.9614386996
David 655.8190222089 44.3109112917 71.0984179475 180.9614386996
Dylan 535.0902151098 133.5806076292 120.7288070991 91.6917423621
Eline 535.0902151098 44.3109112917 120.7288070991 89.2696963375
Emma 382.9673013845 44.3109112917 152.1229137253 180.9614386996
Eva 258.5450699764 44.3109112917 124.4222314081 180.9614386996
Femke 178.2130912566 44.3109112917 80.3319787199 180.9614386996
Fleur 0.0000000000 259.1409746908 179.8331921663 122.6994912359
Floris 0.0000000000 381.8404659267 145.6542446374 99.6142493192
Gijs 179.8331921663 259.1409746908 113.1494838285 122.6994912359
Ilse 0.0000000000 481.4547152459 52.1090616591 144.8934535552
Iris 52.1090616591 481.4547152459 93.5451829784 144.8934535552
Jan 145.6542446374 381.8404659267 63.9911368522 244.5077028744
Jasper 209.6453814897 381.8404659267 83.3372945052 123.8911798047
Jelle 209.6453814897 505.7316457314 83.3372945052 120.6165230697
Jesse 292.9826759949 225.2723499914 198.1430986543 138.5973941232
Johanna 491.1257746492 225.2723499914 37.7301870429 204.4734549449
Johannes 376.5666133925 543.6438645410 114.5591612567 82.7043042601
Joris 292.9826759949 543.6438645410 83.5839373976 82.7043042601
Julia 292.9826759949 416.2012517729 198.1430986543 127.4426127681
Koen 292.9826759949 363.8697441146 198.1430986543 52.3315076584
Lars 528.8559616921 225.2723499914 114.2937829722 204.4734549449
Lieke 643.1497446643 225.2723499914 105.9092969626 204.4734549449
Lisa 491.1257746492 429.7458049362 257.9332669777 100.7499658240
Lotte 491.1257746492 530.4957707602 257.9332669777 95.8523980409
Lucas 0.0000000000 626.3481688011 165.8733168121 182.0906296031
Luuk 0.0000000000 808.4387984042 178.3473908635 143.0178516460
Maria 574.7605153471 744.2593141998 174.2985262798 64.1794842044
Maud 574.7605153471 626.3481688011 174.2985262798 117.9111453987
Max 440.1791942360 626.3481688011 134.5813211111 182.0906296031
Merel 324.1706669088 726.3634653565 116.0085273272 82.0753330477
Mohamed 324.1706669088 626.3481688011 116.0085273272 100.0152965554
Naomi 239.5930213698 626.3481688011 84.5776455390 182.0906296031
Nick 165.8733168121 626.3481688011 73.7197045577 182.0906296031
Niels 178.3473908635 808.4387984042 45.2109051937 191.5612015958
Nikki 0.0000000000 951.4566500502 178.3473908635 48.5433499498
Nina 223.5582960572 808.4387984042 66.9040301072 191.5612015958
Pieter 290.4623261645 808.4387984042 90.0163314170 103.5465954572
Robin 290.4623261645 911.9853938614 90.0163314170 88.0146061386
Roos 380.4786575815 808.4387984042 87.7861970801 191.5612015958
Ruben 468.2648546616 808.4387984042 109.8848009640 191.5612015958
Sanne 578.1496556256 808.4387984042 170.9093860012 98.6210693862
Sarah 578.1496556256 907.0598677904 170.9093860012 92.9401322096
Sophie 749.0590416269 225.2723499914 174.5969327566 176.2330915560
Stijn 923.6559743835 225.2723499914 76.3440256165 313.2257831703
Sven 819.0965025619 828.8972449808 104.5594718215 171.1027550192
Tessa 749.0590416269 828.8972449808 70.0374609351 171.1027550192
Thijs 749.0590416269 686.0276614868 174.5969327566 142.8695834940
Thomas 749.0590416269 543.6448568123 174.5969327566 142.3828046746
Tim 749.0590416269 401.5054415474 174.5969327566 142.1394152649
Tom 923.6559743835 538.4981331616 76.3440256165 157.2083778649
Vera 923.6559743835 695.7065110266 76.3440256165 142.9167071499
Willem 923.6559743835 838.6232181765 76.3440256165 161.3767818235

Amber 0.0000000000 0.0000000000 115.7766000815 98.8355695233
Anne 115.7766000815 0.0000000000 156.9506726457 98.8355695233
Anouk 272.7272727273 0.0000000000 104.3620057073 98.8355695233
Bas 377.0892784346 0.0000000000 98.2470444354 98.8355695233
Bram 475.3363228700 0.0000000000 340.3995108031 98.8355695233
Charlotte 815.7358336731 0.0000000000 112.5152874032 98.8355695233
Cornelis 928.2511210762 0.0000000000 71.7488789238 98.8355695233
Daan 0.0000000000 98.8355695233 189.8483849703 183.3675812885
Daniël 0.0000000000 282.2031508119 164.2558447894 76.1676058988
David 870.7902279344 192.4700791175 129.2097720656 89.7330716944
Dylan 870.7902279344 98.8355695233 129.2097720656 93.6345095941
Eline 815.8073462044 98.8355695233 54.9828817300 183.3675812885
Emma 678.1386692573 98.8355695233 137.6686769471 183.3675812885
Eva 556.1189663411 98.8355695233 122.0197029162 183.3675812885
Femke 471.3184449036 98.8355695233 84.8005214375 183.3675812885
Fleur 357.3347016249 98.8355695233 113.9837432788 183.3675812885
Floris 189.8483849703 203.4847447032 167.4863166545 78.7184061087
Gijs 189.8483849703 98.8355695233 167.4863166545 104.6491751798
Ilse 0.0000000000 358.3707567107 63.4853878634 120.9284392354
Iris 63.4853878634 358.3707567107 100.7704569260 120.9284392354
Jan 164.2558447894 282.2031508119 70.2775948220 197.0960451342
Jasper 234.5334396114 282.2031508119 106.1377165201 107.1590148303
Jelle 234.5334396114 389.3621656421 106.1377165201 89.9370303040
Jesse 0.0000000000 479.2991959461 160.0080369543 147.4941366189
Johanna 222.2486847196 565.3946105771 118.4224714119 61.3987219879
Johannes 222.2486847196 479.2991959461 118.4224714119 86.0954146310
Joris 160.0080369543 479.2991959461 62.2406477653 147.4941366189
Julia 0.0000000000 626.7933325650 230.9083731297 99.9192291727
Koen 230.9083731297 626.7933325650 109.7627830018 99.9192291727
Lars 0.0000000000 726.7125617377 340.6711561315 71.0642727768
Lieke 0.0000000000 797.7768345144 340.6711561315 62.0023856442
Lisa 0.0000000000 859.7792201586 340.6711561315 71.6604495618
Lotte 0.0000000000 931.4396697204 340.6711561315 68.5603302796
Lucas 340.6711561315 282.2031508119 171.1844264614 184.3729427501
Luuk 511.8555825929 282.2031508119 158.4307874591 166.2576358747
Maria 340.6711561315 934.1487468602 171.1844264614 65.8512531398
Maud 340.6711561315 812.7984026463 171.1844264614 121.3503442139
Max 340.6711561315 672.4690946454 171.1844264614 140.3293080009
Merel 437.9801688532 548.5307099150 73.8754137397 123.9383847303
Mohamed 340.6711561315 548.5307099150 97.3090127217 123.9383847303
Naomi 340.6711561315 466.5760935620 171.1844264614 81.9546163530
Nick 511.8555825929 448.4607866866 99.8146575422 110.2757901962
Niels 873.6498863338 361.3734536094 126.3501136662 87.0873330772
Nikki 873.6498863338 282.2031508119 126.3501136662 79.1703027975
Nina 785.8064739754 282.2031508119 87.8434123584 166.2576358747
Pieter 670.2863700520 366.7174490482 115.5201039234 81.7433376384
Robin 670.2863700520 282.2031508119 115.5201039234 84.5142982363
Roos 611.6702401352 448.4607866866 157.6020908561 110.2757901962
Ruben 511.8555825929 558.7365768827 257.4167483983 86.7202812699
Sanne 511.8555825929 645.4568581526 126.8797306313 137.2821061626
Sarah 638.7353132243 645.4568581526 130.5370177670 137.2821061626
Sophie 769.2723309913 448.4607866866 147.0787794933 172.7847925213
Stijn 769.2723309913 621.2455792079 147.0787794933 161.4933851073
Sven 916.3511104846 448.4607866866 83.6488895154 223.0060218158
Tessa 916.3511104846 671.4668085024 83.6488895154 111.2721558128
Thijs 511.8555825929 782.7389643152 172.3165224777 150.1680428732
Thomas 511.8555825929 932.9070071884 256.2758191387 67.0929928116
Tim 788.5670996289 782.7389643152 211.4329003711 150.1680428732
Tom 684.1721050707 782.7389643152 104.3949945582 150.1680428732
Vera 768.1314017317 932.9070071884 109.3966506868 67.0929928116
Willem 877.5280524184 932.9070071884 122.4719475816 67.0929928116

Amber 0.0000000000 0.0000000000 135.4709418838 94.3360556564
Anne 135.4709418838 0.0000000000 172.7454909820 94.3360556564
Anouk 308.2164328657 0.0000000000 131.8637274549 94.3360556564
Bas 440.0801603206 0.0000000000 96.9939879760 94.3360556564
Bram 537.0741482966 0.0000000000 254.9098196393 94.3360556564
Charlotte 791.9839679359 0.0000000000 125.8517034068 94.3360556564
Cornelis 917.8356713427 0.0000000000 82.1643286573 94.3360556564
Daan 0.0000000000 94.3360556564 178.6672168352 183.2652752571
Daniël 0.0000000000 277.6013309135 75.4485068462 182.0347353348
David 873.7644173228 184.8051042357 126.2355826772 92.7962266778
Dylan 873.7644173228 94.3360556564 126.2355826772 90.4690485793
Eline 811.4481217472 94.3360556564 62.3162955756 183.2652752571
Emma 668.9822498687 94.3360556564 142.4658718786 183.2652752571
Eva 548.7578854142 94.3360556564 120.2243644545 183.2652752571
Femke 462.5970908885 94.3360556564 86.1607945257 183.2652752571
Fleur 350.1873101235 94.3360556564 112.4097807649 183.2652752571
Floris 178.6672168352 196.8875356192 171.5200932884 80.7137952943
Gijs 178.6672168352 94.3360556564 171.5200932884 102.5514799628
Ilse 75.4485068462 277.6013309135 112.4412650506 63.9490055358
Iris 75.4485068462 341.5503364493 112.4412650506 118.0857297990
Jan 187.8897718968 277.6013309135 87.5704276137 182.0347353348
Jasper 275.4601995105 277.6013309135 115.5762445594 107.3116161286
Jelle 275.4601995105 384.9129470421 115.5762445594 74.7231192061
Jesse 0.0000000000 459.6360662483 193.7854165221 131.7343835614
Johanna 0.0000000000 591.3704498097 68.1399895988 130.6517273954
Johannes 307.5706824132 512.9898666886 83.4657616567 78.3805831211
Joris 307.5706824132 459.6360662483 83.4657616567 53.3538004403
Julia 193.7854165221 459.6360662483 113.7852658911 131.7343835614
Koen 0.0000000000 722.0221772051 68.1399895988 210.0674832633
Lars 68.1399895988 591.3704498097 163.1773435130 174.6386535009
Lieke 68.1399895988 766.0091033105 163.1773435130 166.0805571578
Lisa 231.3173331118 591.3704498097 159.7191109581 168.8568341516
Lotte 231.3173331118 760.2272839613 159.7191109581 171.8623765071
Lucas 0.0000000000 932.0896604684 391.0364440699 67.9103395316
Luuk 391.0364440699 277.6013309135 159.8377922899 176.6127882907
Maria 550.8742363598 277.6013309135 91.4339169323 106.5623076484
Maud 391.0364440699 899.5273558416 159.8377922899 100.4726441584
Max 391.0364440699 793.9733365764 159.8377922899 105.5540192652
Merel 485.7551357973 694.1936072054 65.1191005625 99.7797293711
Mohamed 391.0364440699 694.1936072054 94.7186917273 99.7797293711
Naomi 391.0364440699 612.8916054956 159.8377922899 81.3020017097
Nick 391.0364440699 529.0489162325 159.8377922899 83.8426892632
Niels 391.0364440699 454.2141192042 159.8377922899 74.8347970283
Nikki 550.8742363598 384.1636385619 91.4339169323 112.8553573127
Nina 642.3081532921 277.6013309135 55.7694445534 219.4176649611
Pieter 698.0775978455 277.6013309135 86.7136191175 100.4189716657
Robin 698.0775978455 378.0203025791 86.7136191175 118.9986932954
Roos 550.8742363598 497.0189958746 233.9169806032 77.8949109540
Ruben 784.7912169630 277.6013309135 85.9286867522 297.3125759151
Sanne 870.7199037152 277.6013309135 129.2800962848 160.5250534632
Sarah 870.7199037152 438.1263843766 129.2800962848 136.7875224520
Sophie 550.8742363598 574.9139068286 167.6023671778 157.9232843628
Stijn 550.8742363598 732.8371911915 170.5588958622 135.2672870137
Sven 818.5315403884 574.9139068286 181.4684596116 157.9232843628
Tessa 718.4766035376 574.9139068286 100.0549368508 157.9232843628
Thijs 721.4331322220 732.8371911915 84.2414584231 267.1628088085
Thomas 550.8742363598 868.1044782051 170.5588958622 131.8955217949
Tim 805.6745906451 732.8371911915 125.4120959983 179.9975691670
Tom 805.6745906451 912.8347603584 125.4120959983 87.1652396416
Vera 931.0866866434 732.8371911915 68.9133133566 131.6169719866
Willem 931.0866866434 864.4541631780 68.9133133566 135.5458368220

Amber 0.0000000000 0.0000000000 133.3078686020 93.1705754653
Anne 133.3078686020 0.0000000000 182.2001527884 93.1705754653
Anouk 315.5080213904 0.0000000000 151.6424751719 93.1705754653
Bas 467.1504965623 0.0000000000 111.1535523300 93.1705754653
Bram 578.3040488923 0.0000000000 238.7318563789 93.1705754653
Charlotte 817.0359052712 0.0000000000 110.3896103896 93.1705754653
Cornelis 927.4255156608 0.0000000000 72.5744843392 93.1705754653
Daan 0.0000000000 93.1705754653 165.4104705643 174.7037261112
Daniël 0.0000000000 267.8743015766 105.6172320520 125.3381527036
David 870.4263046311 177.1781864897 129.5736953689 90.6961150869
Dylan 870.4263046311 93.1705754653 129.5736953689 84.0076110244
Eline 798.5952514557 93.1705754653 71.8310531754 174.7037261112
Emma 662.0765647577 93.1705754653 136.5186866980 174.7037261112
Eva 533.2965826836 93.1705754653 128.7799820741 174.7037261112
Femke 448.5676884684 93.1705754653 84.7288942152 174.7037261112
Fleur 335.0666873183 93.1705754653 113.5010011501 174.7037261112
Floris 165.4104705643 191.0455284563 169.6562167541 76.8287731203
Gijs 165.4104705643 93.1705754653 169.6562167541 97.8749529910
Ilse 0.0000000000 393.2124542802 105.6172320520 87.0592033644
Iris 105.6172320520 267.8743015766 133.7481375586 107.8036958380
Jan 105.6172320520 375.6779974146 133.7481375586 104.5936602300
Jasper 239.3653696106 267.8743015766 109.9968939871 122.6245072552
Jelle 239.3653696106 390.4988088318 109.9968939871 89.7728488128
Jesse 0.0000000000 480.2716576446 271.4639210388 90.9396587215
Johanna 271.4639210388 480.2716576446 77.8983425589 90.9396587215
Johannes 0.0000000000 571.2113163661 201.6056671513 54.4818676124
Joris 201.6056671513 571.2113163661 147.7565964464 54.4818676124
Julia 0.0000000000 625.6931839785 144.1222576780 173.2769172937
Koen 0.0000000000 798.9701012722 73.5499502311 201.0298987278
Lars 246.8221205623 625.6931839785 102.5401430354 173.2769172937
Lieke 144.1222576780 625.6931839785 102.6998628843 173.2769172937
Lisa 73.5499502311 798.9701012722 134.1450796829 201.0298987278
Lotte 207.6950299140 798.9701012722 141.6672336838 201.0298987278
Lucas 349.3622635977 267.8743015766 174.0214044861 165.9155963571
Luuk 523.3836680839 267.8743015766 173.5654850330 139.3334956488
Maria 460.6412569426 830.1369693801 62.7424111413 169.8630306199
Maud 349.3622635977 830.1369693801 111.2789933449 169.8630306199
Max 349.3622635977 720.8237537567 174.0214044861 109.3132156234
Merel 443.0660967826 615.6704490872 80.3175713013 105.1533046695
Mohamed 349.3622635977 615.6704490872 93.7038331848 105.1533046695
Naomi 349.3622635977 524.6146204284 174.0214044861 91.0558286588
Nick 349.3622635977 433.7898979337 174.0214044861 90.8247224947
Niels 696.9491531169 267.8743015766 78.2414348638 154.9232030406
Nikki 617.0711217834 463.0343041969 79.8780313335 144.8776962298
Nina 523.3836680839 463.0343041969 93.6874536996 144.8776962298
Pieter 523.3836680839 407.2077972253 173.5654850330 55.8265069716
Robin 775.1905879807 267.8743015766 116.1766760099 154.9232030406
Roos 891.3672639907 267.8743015766 108.6327360093 154.9232030406
Ruben 696.9491531169 422.7975046172 303.0508468831 73.1643007247
Sanne 696.9491531169 495.9618053419 181.6515410943 111.9501950848
Sarah 878.6006942112 495.9618053419 121.3993057888 111.9501950848
Sophie 523.3836680839 607.9120004267 161.4912604020 167.7985219117
Stijn 523.3836680839 775.7105223384 213.7787260744 111.9004147811
Sven 898.9957425505 607.9120004267 101.0042574495 167.7985219117
Tessa 828.1695864121 607.9120004267 70.8261561384 167.7985219117
Thijs 684.8749284858 607.9120004267 143.2946579263 167.7985219117
Thomas 523.3836680839 887.6109371195 213.7787260744 112.3890628805
Tim 737.1623941583 775.7105223384 167.3590898390 150.8440364607
Tom 737.1623941583 926.5545587991 167.3590898390 73.4454412009
Vera 904.5214839973 775.7105223384 95.4785160027 105.0331212464
Willem 904.5214839973 880.7436435848 95.4785160027 119.2563564152

Amber 0.0000000000 0.0000000000 163.9803784163 96.8278201866
Anne 163.9803784163 0.0000000000 186.0546601261 96.8278201866
Anouk 350.0350385424 0.0000000000 156.2718990890 96.8278201866
Bas 506.3069376314 0.0000000000 106.5171688858 96.8278201866
Bram 612.8241065172 0.0000000000 225.6482130343 96.8278201866
Charlotte 838.4723195515 0.0000000000 88.9978976875 96.8278201866
Cornelis 927.4702172390 0.0000000000 72.5297827610 96.8278201866
Daan 0.0000000000 96.8278201866 180.4360872174 169.6013570823
Daniël 0.0000000000 266.4291772689 171.0423066342 74.4532682097
David 870.8328012908 186.7835551740 129.1671987092 79.6456220949
Dylan 870.8328012908 96.8278201866 129.1671987092 89.9557349874
Eline 804.4824773338 96.8278201866 66.3503239570 169.6013570823
Emma 651.7589505925 96.8278201866 152.7235267413 169.6013570823
Eva 534.9588241001 96.8278201866 116.8001264924 169.6013570823
Femke 440.1446037711 96.8278201866 94.8142203291 169.6013570823
Fleur 336.3004576963 96.8278201866 103.8441460747 169.6013570823
Floris 180.4360872174 193.3767035634 155.8643704789 73.0524737055
Gijs 180.4360872174 96.8278201866 155.8643704789 96.5488833768
Ilse 0.0000000000 340.8824454786 72.7112801383 139.5501096657
Iris 72.7112801383 340.8824454786 98.3310264958 139.5501096657
Jan 171.0423066342 266.4291772689 66.0302858169 214.0033778754
Jasper 237.0725924511 266.4291772689 108.0350941438 119.1359010853
Jelle 237.0725924511 385.5650783542 108.0350941438 94.8674767901
Jesse 0.0000000000 480.4325551443 257.2754015654 93.0406571399
Johanna 257.2754015654 480.4325551443 87.8322850294 93.0406571399
Johannes 0.0000000000 573.4732122842 211.2355040756 50.6149068004
Joris 211.2355040756 573.4732122842 133.8721825193 50.6149068004
Julia 0.0000000000 624.0881190847 345.1076865949 70.6438075421
Koen 0.0000000000 694.7319266268 345.1076865949 38.3805043769
Lars 0.0000000000 733.1124310037 177.1520523054 140.6956278702
Lieke 177.1520523054 733.1124310037 167.9556342895 140.6956278702
Lisa 0.0000000000 873.8080588738 167.5620589331 126.1919411262
Lotte 167.5620589331 873.8080588738 177.5456276618 126.1919411262
Lucas 345.1076865949 266.4291772689 169.9777200149 162.4592947119
Luuk 515.0854066097 266.4291772689 160.6966160620 133.6966228839
Maria 446.5837472295 830.0491207123 68.5016593802 169.9508792877
Maud 345.1076865949 830.0491207123 101.4760606346 169.9508792877
Max 345.1076865949 726.8874480534 169.9777200149 103.1616726590
Merel 440.0012633701 613.7286648481 75.0841432396 113.1587832053
Mohamed 345.1076865949 613.7286648481 94.8935767752 113.1587832053
Naomi 345.1076865949 529.9230998426 169.9777200149 83.8055650054
Nick 345.1076865949 428.8884719808 169.9777200149 101.0346278619
Niels 675.7820226717 266.4291772689 164.0830386966 78.7309679475
Nikki 515.0854066097 400.1258001528 160.6966160620 79.8842536108
Nina 675.7820226717 345.1601452164 95.7984814341 134.8499085472
Pieter 771.5805041059 345.1601452164 68.2845572624 134.8499085472
Robin 839.8650613683 266.4291772689 82.7521773600 213.5808764948
Roos 922.6172387283 266.4291772689 77.3827612717 213.5808764948
Ruben 515.0854066097 480.0100537637 149.5461799463 181.0944648597
Sanne 515.0854066097 661.1045186233 214.7376384972 100.1130708150
Sarah 924.0950707330 480.0100537637 75.9049292670 181.0944648597
Sophie 785.7875313475 480.0100537637 138.3075393855 181.0944648597
Stijn 664.6315865560 480.0100537637 121.1559447915 181.0944648597
Sven 515.0854066097 761.2175894383 135.2610200363 156.4462877783
Tessa 650.3464266461 761.2175894383 79.4766184608 156.4462877783
Thijs 729.8230451069 661.1045186233 92.1992796483 256.5593585932
Thomas 515.0854066097 917.6638772165 306.9369181455 82.3361227835
Tim 822.0223247553 661.1045186233 116.4312054255 218.2128035508
Tom 822.0223247553 879.3173221741 116.4312054255 120.6826778259
Vera 938.4535301807 661.1045186233 61.5464698193 151.1068705331
Willem 938.4535301807 812.2113891564 61.5464698193 187.7886108436

Amber 0.0000000000 0.0000000000 159.2292089249 98.8173982762
Anne 159.2292089249 0.0000000000 191.0074374577 98.8173982762
Anouk 350.2366463827 0.0000000000 166.3286004057 98.8173982762
Bas 516.5652467884 0.0000000000 109.8715348208 98.8173982762
Bram 626.4367816092 0.0000000000 202.1636240703 98.8173982762
Charlotte 828.6004056795 0.0000000000 92.9682217715 98.8173982762
Cornelis 921.5686274510 0.0000000000 78.4313725490 98.8173982762
Daan 0.0000000000 98.8173982762 179.0693108188 170.1409768157
Daniël 0.0000000000 268.9583750919 132.3758308368 111.2534698025
David 855.9531989857 195.7127993777 144.0468010143 73.2455757142
Dylan 855.9531989857 98.8173982762 144.0468010143 96.8954011015
Eline 782.2774397625 98.8173982762 73.6757592232 170.1409768157
Emma 653.1990647645 98.8173982762 129.0783749979 170.1409768157
Eva 535.3956080646 98.8173982762 117.8034566999 170.1409768157
Femke 447.9177936835 98.8173982762 87.4778143811 170.1409768157
Fleur 345.2771581429 98.8173982762 102.6406355405 170.1409768157
Floris 179.0693108188 194.7331302354 166.2078473242 74.2252448564
Gijs 179.0693108188 98.8173982762 166.2078473242 95.9157319592
Ilse 132.3758308368 268.9583750919 89.9553941369 111.2534698025
Iris 222.3312249737 268.9583750919 152.5330596234 111.2534698025
Jan 374.8642845970 268.9583750919 139.8971848617 111.2534698025
Jasper 514.7614694587 268.9583750919 118.8373935922 111.2534698025
Jelle 633.5988630509 268.9583750919 93.5656440688 111.2534698025
Jesse 0.0000000000 380.2118448943 165.4304617850 155.9942114856
Johanna 0.0000000000 536.2060563799 108.4640914969 74.5962286941
Johannes 631.5232744251 447.7405300176 95.6412326946 88.4655263623
Joris 631.5232744251 380.2118448943 95.6412326946 67.5286851232
Julia 503.5195074161 380.2118448943 128.0037670090 155.9942114856
Koen 428.6698470464 380.2118448943 74.8496603697 155.9942114856
Lars 295.4229878859 380.2118448943 133.2468591605 155.9942114856
Lieke 165.4304617850 380.2118448943 129.9925261009 155.9942114856
Lisa 0.0000000000 610.8022850740 108.4640914969 180.3282745824
Lotte 0.0000000000 791.1305596564 108.4640914969 208.8694403436
Lucas 108.4640914969 536.2060563799 162.2410431552 149.8277770180
Luuk 270.7051346521 536.2060563799 130.4090082386 159.1680831916
Maria 108.4640914969 930.9321259153 162.2410431552 69.0678740847
Maud 108.4640914969 802.6297699884 162.2410431552 128.3023559269
Max 108.4640914969 686.0338333979 162.2410431552 116.5959365905
Merel 270.7051346521 695.3741395715 262.2314451204 32.5709750530
Mohamed 484.0127737335 631.6584533015 107.0027514022 63.7156862700
Naomi 484.0127737335 536.2060563799 107.0027514022 95.4523969216
Nick 401.1141428907 536.2060563799 82.8986308428 159.1680831916
Niels 270.7051346521 727.9451146244 135.5525439771 124.6130608054
Nikki 270.7051346521 852.5581754298 108.6724907706 147.4418245702
Nina 406.2576786292 727.9451146244 126.6789011433 124.6130608054
Pieter 379.3776254228 852.5581754298 70.0858817289 147.4418245702
Robin 449.4635071516 852.5581754298 83.4730726209 147.4418245702
Roos 532.9365797725 695.3741395715 58.0789453632 304.6258604285
Ruben 591.0155251357 536.2060563799 56.4316671844 463.7939436201
Sanne 647.4471923201 536.2060563799 79.7173147995 310.6669232241
Sarah 647.4471923201 846.8729796040 79.7173147995 153.1270203960
Sophie 727.1645071196 268.9583750919 115.7456160432 231.9206420792
Stijn 727.1645071196 803.6482344491 115.7456160432 196.3517655509
Sven 727.1645071196 612.2124924835 115.7456160432 191.4357419657
Tessa 727.1645071196 500.8790171711 115.7456160432 111.3334753124
Thijs 842.9101231629 268.9583750919 71.7000137356 365.9876334151
Thomas 842.9101231629 634.9460085069 71.7000137356 365.0539914931
Tim 914.6101368985 268.9583750919 57.1402408315 486.1895422065
Tom 914.6101368985 755.1479172984 57.1402408315 244.8520827016
Vera 971.7503777300 268.9583750919 28.2496222700 303.3171085518
Willem 971.7503777300 572.2754836437 28.2496222700 427.7245163563

Amber 0.0000000000 0.0000000000 104.8086149909 141.8222090147
Anne 0.0000000000 141.8222090147 104.8086149909 165.3532481785
Anouk 0.0000000000 307.1754571932 104.8086149909 156.1316247224
Bas 0.0000000000 463.3070819156 104.8086149909 106.5256502689
Bram 0.0000000000 569.8327321845 104.8086149909 193.0181185469
Charlotte 0.0000000000 762.8508507314 104.8086149909 93.8061696397
Cornelis 0.0000000000 856.6570203711 104.8086149909 81.0866890106
Daan 104.8086149909 0.0000000000 165.4760635462 167.1665117669
Daniël 270.2846785372 0.0000000000 143.9547391660 96.1092402803
David 191.7953565037 787.0096025261 78.4893220334 150.7341068557
Dylan 104.8086149909 787.0096025261 86.9867415128 150.7341068557
Eline 104.8086149909 716.9386123121 165.4760635462 70.0709902140
Emma 104.8086149909 587.1850635729 165.4760635462 129.7535487393
Eva 104.8086149909 465.3756096544 165.4760635462 121.8094539185
Femke 104.8086149909 363.3245454183 165.4760635462 102.0510642361
Fleur 104.8086149909 243.1446494118 165.4760635462 120.1798960065
Floris 104.8086149909 167.1665117669 165.4760635462 75.9781376448
Gijs 270.2846785372 96.1092402803 143.9547391660 100.4988450046
Ilse 270.2846785372 196.6080852849 143.9547391660 70.2336755894
Iris 270.2846785372 266.8417608744 143.9547391660 132.1502053854
Jan 270.2846785372 398.9919662598 143.9547391660 100.2678131770
Jasper 270.2846785372 499.2597794368 143.9547391660 102.8091632806
Jelle 270.2846785372 602.0689427174 143.9547391660 66.9992300031
Jesse 414.2394177031 0.0000000000 168.2123057105 152.0429742382
Johanna 582.4517234136 0.0000000000 67.4583103297 131.2983406617
Johannes 483.9997050212 567.1963214215 98.4520183924 101.8718512990
Joris 414.2394177031 567.1963214215 69.7602873181 101.8718512990
Julia 414.2394177031 449.6518776150 168.2123057105 117.5444438065
Koen 414.2394177031 381.5101710605 168.2123057105 68.1417065545
Lars 414.2394177031 266.6913955162 168.2123057105 114.8187755443
Lieke 414.2394177031 152.0429742382 168.2123057105 114.6484212780
Lisa 649.9100337434 0.0000000000 160.2468162378 131.2983406617
Lotte 810.1568499812 0.0000000000 189.8431500188 131.2983406617
Lucas 582.4517234136 131.2983406617 143.1818866486 177.9989637451
Luuk 582.4517234136 309.2973044068 143.7586303864 137.8962611972
Maria 828.3634451920 242.6293938731 171.6365548080 66.6679105336
Maud 828.3634451920 131.2983406617 171.6365548080 111.3310532114
Max 725.6336100622 131.2983406617 102.7298351299 177.9989637451
Merel 726.2103538000 309.2973044068 44.5853803630 227.1604480333
Mohamed 669.6315360216 538.3063329668 56.5788177784 130.7618397537
Naomi 582.4517234136 538.3063329668 87.1798126080 130.7618397537
Nick 582.4517234136 447.1935656039 143.7586303864 91.1127673629
Niels 770.7957341630 309.2973044068 123.2938677185 137.8976610124
Nikki 770.7957341630 447.1949654191 123.2938677185 89.2627870209
Nina 894.0896018815 309.2973044068 105.9103981185 131.1868848824
Pieter 894.0896018815 440.4841892892 105.9103981185 95.9735631508
Robin 726.2103538000 536.4577524400 273.7896462000 70.7789755777
Roos 726.2103538000 607.2367280177 273.7896462000 61.8314447028
Ruben 270.2846785372 669.0681727205 150.5176193917 180.3020225669
Sanne 270.2846785372 849.3701952874 234.7471294852 88.3735140944
Sarah 925.3377962174 669.0681727205 74.6622037826 180.3020225669
Sophie 788.7656107859 669.0681727205 136.5721854315 180.3020225669
Stijn 641.7036942444 669.0681727205 147.0619165415 180.3020225669
Sven 503.8974227999 669.0681727205 137.8062714445 180.3020225669
Tessa 420.8022979289 669.0681727205 83.0951248710 180.3020225669
Thijs 505.0318080223 849.3701952874 241.5186812972 88.3735140944
Thomas 746.5504893196 849.3701952874 253.4495106804 88.3735140944
Tim 0.0000000000 937.7437093818 656.6358024691 43.1928011998
Tom 656.6358024691 937.7437093818 343.3641975309 43.1928011998
Vera 0.0000000000 980.9365105816 438.8111888112 19.0634894184
Willem 438.8111888112 980.9365105816 561.1888111888 19.0634894184

Amber 0.0000000000 0.0000000000 152.1273339455 103.7933663744
Anne 152.1273339455 0.0000000000 182.4303642485 103.7933663744
Anouk 334.5576981941 0.0000000000 182.4303642485 103.7933663744
Bas 516.9880624426 0.0000000000 134.0679522498 103.7933663744
Bram 651.0560146924 0.0000000000 186.4095500459 103.7933663744
Charlotte 837.4655647383 0.0000000000 82.6446280992 103.7933663744
Cornelis 920.1101928375 0.0000000000 79.8898071625 103.7933663744
Daan 0.0000000000 103.7933663744 170.4077815189 169.8436904308
Daniël 0.0000000000 273.6370568052 145.4533630755 103.4203116676
David 860.5935130338 192.5384324521 139.4064869662 81.0986243530
Dylan 860.5935130338 103.7933663744 139.4064869662 88.7450660778
Eline 790.2246178394 103.7933663744 70.3688951944 169.8436904308
Emma 667.1741443508 103.7933663744 123.0504734886 169.8436904308
Eva 549.8292569590 103.7933663744 117.3448873918 169.8436904308
Femke 440.6623763061 103.7933663744 109.1668806529 169.8436904308
Fleur 320.4646958659 103.7933663744 120.1976804402 169.8436904308
Floris 170.4077815189 190.3296953391 150.0569143470 83.3073614661
Gijs 170.4077815189 103.7933663744 150.0569143470 86.5363289647
Ilse 145.4533630755 273.6370568052 90.0279763036 103.4203116676
Iris 0.0000000000 377.0573684728 129.3971029286 148.0699130638
Jan 129.3971029286 377.0573684728 106.0842364505 148.0699130638
Jasper 0.0000000000 525.1272815366 131.3372580812 109.4722154713
Jelle 131.3372580812 525.1272815366 104.1440812979 109.4722154713
Jesse 0.0000000000 634.5994970079 178.1028453784 137.9834067243
Johanna 0.0000000000 772.5829037322 74.8313966249 112.8060993392
Johannes 178.1028453784 634.5994970079 57.3784940008 137.9834067243
Joris 0.0000000000 885.3890030714 74.8313966249 114.6109969286
Julia 74.8313966249 772.5829037322 97.2511206137 227.4170962678
Koen 172.0825172386 772.5829037322 63.3988221405 227.4170962678
Lars 235.4813393791 273.6370568052 153.5577258458 169.9384057900
Lieke 389.0390652250 273.6370568052 146.1952982354 138.8006337499
Lisa 235.4813393791 856.1007349309 153.5577258458 143.8992650691
Lotte 235.4813393791 723.3678842815 153.5577258458 132.7328506494
Lucas 235.4813393791 567.2487694701 153.5577258458 156.1191148114
Luuk 235.4813393791 443.5754625952 153.5577258458 123.6733068749
Maria 535.2343634604 273.6370568052 65.3766495402 165.6287471677
Maud 389.0390652250 613.8693132350 146.1952982354 99.6622986690
Max 389.0390652250 491.0297358057 146.1952982354 122.8395774292
Merel 389.0390652250 412.4376905551 146.1952982354 78.5920452506
Mohamed 600.6110130005 273.6370568052 136.8883512366 66.5762611164
Naomi 600.6110130005 340.2133179216 136.8883512366 99.0524860513
Nick 737.4993642371 273.6370568052 94.7098676623 165.6287471677
Niels 535.2343634604 439.2658039729 179.5094568616 91.1011572543
Nikki 714.7438203220 439.2658039729 117.4654115774 91.1011572543
Nina 535.2343634604 530.3669612272 167.7715165857 65.8665643998
Pieter 703.0058800461 530.3669612272 129.2033518533 65.8665643998
Robin 535.2343634604 596.2335256270 296.9748684390 62.2310722089
Roos 535.2343634604 658.4645978359 296.9748684390 55.0670140680
Ruben 832.2092318994 273.6370568052 46.8455291749 439.8945550988
Sanne 389.0390652250 713.5316119040 490.0156958493 47.1338559987
Sarah 389.0390652250 760.6654679027 490.0156958493 25.3352513827
Sophie 389.0390652250 786.0007192854 262.1173345116 92.0814212690
Stijn 651.1563997366 786.0007192854 227.8983613377 92.0814212690
Sven 389.0390652250 878.0821405544 301.5481205227 70.2185139845
Tessa 690.5871857476 878.0821405544 188.4675753267 70.2185139845
Thijs 389.0390652250 948.3006545389 490.0156958493 51.6993454611
Thomas 879.0547610743 273.6370568052 93.0851063830 284.4212742440
Tim 879.0547610743 726.4656644831 93.0851063830 273.5343355169
Tom 879.0547610743 558.0583310492 93.0851063830 168.4073334339
Vera 972.1398674573 273.6370568052 27.8601325427 320.5545383113
Willem 972.1398674573 594.1915951165 27.8601325427 405.8084048835

Amber 0.0000000000 0.0000000000 166.6184553081 106.5528294908
Anne 166.6184553081 0.0000000000 167.7755279144 106.5528294908
Anouk 334.3939832224 0.0000000000 197.2808793752 106.5528294908
Bas 531.6748625976 0.0000000000 119.7570147527 106.5528294908
Bram 651.4318773503 0.0000000000 192.6525889500 106.5528294908
Charlotte 844.0844663003 0.0000000000 86.7804454730 106.5528294908
Cornelis 930.8649117732 0.0000000000 69.1350882268 106.5528294908
Daan 0.0000000000 106.5528294908 173.4804630970 170.3858956972
Daniël 0.0000000000 276.9387251880 145.6867515202 105.6387394406
David 850.8951392224 198.0563660689 149.1048607776 78.8823591191
Dylan 850.8951392224 106.5528294908 149.1048607776 91.5035365781
Eline 777.9994295089 106.5528294908 72.8957097135 170.3858956972
Emma 643.8050548090 106.5528294908 134.1943746998 170.3858956972
Eva 521.7599650614 106.5528294908 122.0450897476 170.3858956972
Femke 424.0134452183 106.5528294908 97.7465198431 170.3858956972
Fleur 312.6449998227 106.5528294908 111.3684453956 170.3858956972
Floris 173.4804630970 201.6624167715 139.1645367258 75.2763084165
Gijs 173.4804630970 106.5528294908 139.1645367258 95.1095872807
Ilse 145.6867515202 276.9387251880 93.9257899022 105.6387394406
Iris 0.0000000000 382.5774646286 140.0623861500 150.8941702932
Jan 140.0623861500 382.5774646286 99.5501552723 150.8941702932
Jasper 0.0000000000 533.4716349218 143.8227351164 111.2796430030
Jelle 143.8227351164 533.4716349218 95.7898063060 111.2796430030
Jesse 0.0000000000 644.7512779248 169.7734114201 133.7150548987
Johanna 0.0000000000 778.4663328236 83.6696411951 116.1141979683
Johannes 169.7734114201 644.7512779248 69.8391300023 133.7150548987
Joris 0.0000000000 894.5805307919 83.6696411951 105.4194692081
Julia 83.6696411951 778.4663328236 95.4987973640 221.5336671764
Koen 179.1684385591 778.4663328236 60.4441028633 221.5336671764
Lars 239.6125414224 276.9387251880 148.8231795395 163.6847247862
Lieke 388.4357209618 276.9387251880 130.1238724915 141.3035362825
Lisa 239.6125414224 865.2971910783 148.8231795395 134.7028089217
Lotte 239.6125414224 728.7435038662 148.8231795395 136.5536872122
Lucas 239.6125414224 565.6605611564 148.8231795395 163.0829427097
Luuk 239.6125414224 440.6234499742 148.8231795395 125.0371111822
Maria 388.4357209618 418.2422614705 130.1238724915 85.7745546330
Maud 388.4357209618 504.0168161036 130.1238724915 148.1560489116
Max 518.5595934534 276.9387251880 145.5289657084 136.9097537207
Merel 664.0885591618 276.9387251880 182.0750911059 74.0380371911
Mohamed 610.3017029376 517.3042108413 53.7868562242 134.8686541739
Naomi 518.5595934534 517.3042108413 91.7421094842 134.8686541739
Nick 518.5595934534 413.8484789087 145.5289657084 103.4557319326
Niels 664.0885591618 350.9767623791 120.0795982159 167.7114662406
Nikki 784.1681573777 350.9767623791 61.9954928900 167.7114662406
Nina 664.0885591618 518.6882286196 107.1319024591 133.4846363956
Pieter 771.2204616208 518.6882286196 74.9431886468 133.4846363956
Robin 388.4357209618 652.1728650152 457.7279293058 45.5439933410
Roos 388.4357209618 697.7168583562 218.0961989934 78.5264427959
Ruben 606.5319199553 697.7168583562 239.6317303124 78.5264427959
Sanne 388.4357209618 776.2433011521 147.6035175120 156.6498414030
Sarah 776.4837982507 776.2433011521 69.6798520170 156.6498414030
Sophie 659.3038780982 776.2433011521 117.1799201525 156.6498414030
Stijn 536.0392384738 776.2433011521 123.2646396244 156.6498414030
Sven 388.4357209618 932.8931425551 268.4970636368 67.1068574449
Tessa 656.9327845987 932.8931425551 189.2308656690 67.1068574449
Thijs 846.1636502677 276.9387251880 33.7326875690 723.0612748120
Thomas 879.8963378367 276.9387251880 92.1063811709 280.4864078030
Tim 879.8963378367 722.8487456786 92.1063811709 277.1512543214
Tom 879.8963378367 557.4251329910 92.1063811709 165.4236126876
Vera 972.0027190076 276.9387251880 27.9972809924 337.9406261640
Willem 972.0027190076 614.8793513520 27.9972809924 385.1206486480

Amber 0.0000000000 0.0000000000 179.2526783381 112.4992650949
Anne 179.2526783381 0.0000000000 195.7146590018 112.4992650949
Anouk 374.9673373400 0.0000000000 161.2228899922 112.4992650949
Bas 536.1902273321 0.0000000000 115.4951659263 112.4992650949
Bram 651.6853932584 0.0000000000 193.1016461981 112.4992650949
Charlotte 844.7870394565 0.0000000000 82.8325058793 112.4992650949
Cornelis 927.6195453358 0.0000000000 72.3804546642 112.4992650949
Daan 0.0000000000 112.4992650949 175.5282890252 172.4969133988
Daniël 0.0000000000 284.9961784937 133.7784753796 118.1049205583
David 852.6981109097 207.7404518767 147.3018890903 77.2557266170
Dylan 852.6981109097 112.4992650949 147.3018890903 95.2411867818
Eline 784.2830155028 112.4992650949 68.4150954069 172.4969133988
Emma 653.7358436550 112.4992650949 130.5471718478 172.4969133988
Eva 544.4811249695 112.4992650949 109.2547186855 172.4969133988
Femke 423.8820664844 112.4992650949 120.5990584851 172.4969133988
Fleur 308.6933854422 112.4992650949 115.1886810422 172.4969133988
Floris 249.8773467888 112.4992650949 58.8160386534 172.4969133988
Gijs 175.5282890252 112.4992650949 74.3490577636 172.4969133988
Ilse 133.7784753796 284.9961784937 109.5001594774 118.1049205583
Iris 0.0000000000 403.1010990520 138.7647241461 149.4953322342
Jan 0.0000000000 552.5964312862 141.5150228907 110.4076548600
Jasper 138.7647241461 403.1010990520 104.5139107109 149.4953322342
Jelle 141.5150228907 552.5964312862 101.7636119663 110.4076548600
Jesse 0.0000000000 663.0040861462 168.2677224427 115.4589854745
Johanna 168.2677224427 663.0040861462 75.0109124142 115.4589854745
Johannes 0.0000000000 778.4630716208 152.3460349383 86.2334297763
Joris 152.3460349383 778.4630716208 90.9325999186 86.2334297763
Julia 0.0000000000 864.6965013970 243.2786348570 81.9037178210
Koen 0.0000000000 946.6002192180 243.2786348570 53.3997807820
Lars 243.2786348570 284.9961784937 172.4843475058 149.6164580234
Lieke 415.7629823628 284.9961784937 87.4764788280 153.9146516143
Lisa 243.2786348570 880.9984317669 172.4843475058 119.0015682331
Lotte 243.2786348570 746.0607001024 172.4843475058 134.9377316646
Lucas 243.2786348570 606.4460509090 172.4843475058 139.6146491934
Luuk 311.7855228784 434.6126365171 103.9774594844 171.8334143919
Maria 243.2786348570 434.6126365171 68.5068880215 171.8334143919
Maud 415.7629823628 438.9108301081 87.4764788280 188.8197021964
Max 503.2394611909 284.9961784937 120.3968219757 161.8266504956
Merel 623.6362831666 284.9961784937 103.2277891565 127.5206923699
Mohamed 503.2394611909 560.8076348967 120.3968219757 66.9228974078
Naomi 503.2394611909 446.8228289893 120.3968219757 113.9848059074
Nick 726.8640723231 284.9961784937 146.7292492794 127.5206923699
Niels 623.6362831666 412.5168708637 164.5756738217 121.1626522047
Nikki 788.2119569882 412.5168708637 85.3813646142 121.1626522047
Nina 623.6362831666 533.6795230684 153.0349214914 94.0510092361
Pieter 776.6712046580 533.6795230684 96.9221169445 94.0510092361
Robin 415.7629823628 627.7305323045 457.8303392397 49.9873862952
Roos 415.7629823628 677.7179185997 213.2011412786 68.4706511134
Ruben 628.9641236414 677.7179185997 244.6291979611 68.4706511134
Sanne 415.7629823628 746.1885697132 169.5956056997 149.5175442681
Sarah 415.7629823628 895.7061139812 102.6063907424 104.2938860188
Sophie 781.5183372772 746.1885697132 92.0749843253 149.5175442681
Stijn 672.9081478273 746.1885697132 108.6101894499 149.5175442681
Sven 585.3585880625 746.1885697132 87.5495597649 149.5175442681
Tessa 518.3693731052 895.7061139812 149.6992934844 104.2938860188
Thijs 668.0686665896 895.7061139812 205.5246550129 104.2938860188
Thomas 873.5933216025 284.9961784937 97.5979048165 276.7079778827
Tim 873.5933216025 731.9859889197 97.5979048165 268.0140110803
Tom 873.5933216025 561.7041563765 97.5979048165 170.2818325432
Vera 971.1912264190 284.9961784937 28.8087735810 355.4706498966
Willem 971.1912264190 640.4668283903 28.8087735810 359.5331716097

Amber 0.0000000000 0.0000000000 123.6899168775 148.1680073554
Anne 0.0000000000 148.1680073554 123.6899168775 173.2663028064
Anouk 0.0000000000 321.4343101619 123.6899168775 142.6639951951
Bas 0.0000000000 464.0983053570 123.6899168775 118.6665021762
Bram 0.0000000000 582.7648075332 123.6899168775 175.0275866977
Charlotte 0.0000000000 757.7923942310 123.6899168775 75.2948863530
Cornelis 0.0000000000 833.0872805840 123.6899168775 71.1118371112
Daan 123.6899168775 0.0000000000 175.6414889772 169.6148550683
Daniël 299.3314058547 0.0000000000 147.3258427228 94.3907984209
David 212.3108503819 763.5613107639 87.0205554728 140.6378069312
Dylan 123.6899168775 763.5613107639 88.6209335045 140.6378069312
Eline 123.6899168775 697.8876196002 175.6414889772 65.6736911638
Emma 123.6899168775 563.8171817854 175.6414889772 134.0704378148
Eva 123.6899168775 455.0551420288 175.6414889772 108.7620397566
Femke 123.6899168775 343.7302265195 175.6414889772 111.3249155093
Fleur 123.6899168775 227.5999189739 175.6414889772 116.1303075457
Floris 123.6899168775 169.6148550683 175.6414889772 57.9850639056
Gijs 299.3314058547 94.3907984209 147.3258427228 89.2488872228
Ilse 299.3314058547 183.6396856437 147.3258427228 80.4341823119
Iris 446.6572485775 0.0000000000 143.7400259666 150.9531305064
Jan 590.3972745441 0.0000000000 106.8129647702 151.5839490366
Jasper 446.6572485775 150.9531305064 143.7400259666 113.1207374493
Jelle 590.3972745441 151.5839490366 106.8129647702 112.4899189190
Jesse 697.2102393143 0.0000000000 104.5685662745 171.0683398269
Johanna 697.2102393143 171.0683398269 104.5685662745 93.0055281288
Johannes 801.7788055888 0.0000000000 75.5954220580 179.2566202182
Joris 801.7788055888 179.2566202182 75.5954220580 84.8172477374
Julia 877.3742276468 0.0000000000 73.9631322430 264.0738679556
Koen 951.3373598898 0.0000000000 48.6626401102 264.0738679556
Lars 299.3314058547 264.0738679556 169.2254931537 151.4013212829
Lieke 299.3314058547 415.4751892386 126.9096631438 112.0807171018
Lisa 858.3393552227 264.0738679556 141.6606447773 151.4013212829
Lotte 739.1097504223 264.0738679556 119.2296048004 151.4013212829
Lucas 576.3984373590 264.0738679556 162.7113130633 151.4013212829
Luuk 468.5568990084 264.0738679556 107.8415383506 151.4013212829
Maria 299.3314058547 527.5559063403 126.9096631438 93.7245302932
Maud 299.3314058547 621.2804366335 126.9096631438 112.9445376575
Max 426.2410689985 415.4751892386 135.7658252737 157.4571452444
Merel 562.0068942722 415.4751892386 118.8120841871 111.5947086764
Mohamed 426.2410689985 675.3319380453 135.7658252737 58.8930362457
Naomi 426.2410689985 572.9323344830 135.7658252737 102.3996035623
Nick 680.8189784593 415.4751892386 145.5830473623 111.5947086764
Niels 562.0068942722 527.0698979149 185.5357051833 105.3531531284
Nikki 747.5425994555 527.0698979149 78.8594263661 105.3531531284
Nina 562.0068942722 632.4230510433 161.5437484520 101.8019232477
Pieter 723.5506427242 632.4230510433 102.8513830975 101.8019232477
Robin 826.4020258217 415.4751892386 70.9352791962 318.7497850524
Roos 897.3373050179 415.4751892386 102.6626949821 142.0225172931
Ruben 897.3373050179 557.4977065316 102.6626949821 176.7272677594
Sanne 299.3314058547 734.2249742910 214.5743438807 124.9514602580
Sarah 913.6073025142 734.2249742910 86.3926974858 124.9514602580
Sophie 786.0752252733 734.2249742910 127.5320772409 124.9514602580
Stijn 644.4691496951 734.2249742910 141.6060755782 124.9514602580
Sven 513.9057497354 734.2249742910 130.5633999597 124.9514602580
Tessa 299.3314058547 859.1764345490 298.6554813810 45.0226831461
Thijs 597.9868872357 859.1764345490 402.0131127643 45.0226831461
Thomas 0.0000000000 904.1991176951 405.2800570817 76.3302652361
Tim 638.9582590082 904.1991176951 361.0417409918 76.3302652361
Tom 405.2800570817 904.1991176951 233.6782019265 76.3302652361
Vera 0.0000000000 980.5293829312 482.5174825175 19.4706170688
Willem 482.5174825175 980.5293829312 517.4825174825 19.4706170688

Amber 0.0000000000 0.0000000000 125.3842515961 151.2503751060
Anne 0.0000000000 151.2503751060 125.3842515961 184.3895022360
Anouk 0.0000000000 335.6398773420 125.3842515961 138.5045569791
Bas 0.0000000000 474.1444343211 125.3842515961 115.3496540485
Bram 0.0000000000 589.4940883696 125.3842515961 153.1622478250
Charlotte 0.0000000000 742.6563361946 125.3842515961 76.0500481572
Cornelis 0.0000000000 818.7063843519 125.3842515961 82.4229572207
Daan 125.3842515961 0.0000000000 178.5883187515 184.6405370518
Daniël 303.9725703476 0.0000000000 150.6982785076 106.8218206460
David 226.2101138398 763.2217956078 77.7624565078 137.9075459647
Dylan 125.3842515961 763.2217956078 100.8258622437 137.9075459647
Eline 239.6090795567 590.4827437480 64.3634907909 172.7390518598
Emma 125.3842515961 590.4827437480 114.2248279606 172.7390518598
Eva 125.3842515961 482.3632277116 178.5883187515 108.1195160364
Femke 125.3842515961 377.5534927784 178.5883187515 104.8097349332
Fleur 125.3842515961 240.2763813095 178.5883187515 137.2771114689
Floris 125.3842515961 184.6405370518 178.5883187515 55.6358442578
Gijs 303.9725703476 106.8218206460 150.6982785076 77.6250218770
Ilse 303.9725703476 184.4468425229 150.6982785076 88.8142142196
Iris 454.6708488552 0.0000000000 131.9935657562 161.8807282821
Jan 586.6644146115 0.0000000000 101.8798546537 145.0805610488
Jasper 454.6708488552 161.8807282821 131.9935657562 111.3803284604
Jelle 586.6644146115 145.0805610488 101.8798546537 128.1804956937
Jesse 688.5442692652 0.0000000000 110.4102325885 182.3339799160
Johanna 688.5442692652 182.3339799160 110.4102325885 90.9270768265
Johannes 798.9545018537 0.0000000000 77.4519542039 166.5558631209
Joris 798.9545018537 166.5558631209 77.4519542039 106.7051936216
Julia 876.4064560576 0.0000000000 76.2887208492 273.2610567425
Koen 952.6951769068 0.0000000000 47.3048230932 273.2610567425
Lars 303.9725703476 273.2610567425 154.2973428194 163.7522276587
Lieke 303.9725703476 437.0132844012 79.2403248035 136.2044002164
Lisa 857.4730142352 273.2610567425 142.5269857648 163.7522276587
Lotte 741.7296231108 273.2610567425 115.7433911244 163.7522276587
Lucas 624.0731180835 273.2610567425 117.6565050273 163.7522276587
Luuk 528.2579967808 273.2610567425 95.8151213027 163.7522276587
Maria 458.2699131670 273.2610567425 69.9880836138 163.7522276587
Maud 303.9725703476 573.2176846176 79.2403248035 155.5667904432
Max 383.2128951511 437.0132844012 149.1422589264 157.8579694146
Merel 532.3551540775 437.0132844012 114.1459172826 108.1912896331
Mohamed 482.7505701614 594.8712538158 49.6045839161 133.9132212450
Naomi 383.2128951511 594.8712538158 99.5376750104 133.9132212450
Nick 646.5010713601 437.0132844012 170.0849760833 108.1912896331
Niels 532.3551540775 545.2045740343 204.9106440545 98.9835203026
Nikki 737.2657981320 545.2045740343 79.3202493114 98.9835203026
Nina 532.3551540775 644.1880943370 155.0057366315 84.5963807238
Pieter 687.3608907090 644.1880943370 129.2251567344 84.5963807238
Robin 816.5860474434 437.0132844012 78.2989771994 291.7711906596
Roos 894.8850246428 437.0132844012 105.1149753572 115.4117154164
Ruben 894.8850246428 552.4249998177 105.1149753572 176.3594752431
Sanne 303.9725703476 728.7844750608 227.0068203604 124.6500429219
Sarah 911.8604803629 728.7844750608 88.1395196371 124.6500429219
Sophie 793.7070235831 728.7844750608 118.1534567797 124.6500429219
Stijn 649.5555789968 728.7844750608 144.1514445864 124.6500429219
Sven 530.9793907080 728.7844750608 118.5761882888 124.6500429219
Tessa 303.9725703476 853.4345179826 311.0027324558 47.6948235899
Thijs 614.9753028034 853.4345179826 385.0246971966 47.6948235899
Thomas 0.0000000000 901.1293415726 416.0241367751 79.4534412955
Tim 647.6701307409 901.1293415726 352.3298692591 79.4534412955
Tom 416.0241367751 901.1293415726 231.6459939658 79.4534412955
Vera 0.0000000000 980.5827828681 466.3923182442 19.4172171319
Willem 466.3923182442 980.5827828681 533.6076817558 19.4172171319

Amber 0.0000000000 0.0000000000 130.2317537184 152.6896401758
Anne 0.0000000000 152.6896401758 130.2317537184 188.6750892276
Anouk 0.0000000000 341.3647294034 130.2317537184 130.2235863478
Bas 0.0000000000 471.5883157512 130.2317537184 123.0662594646
Bram 0.0000000000 594.6545752158 130.2317537184 153.2860840827
Charlotte 0.0000000000 747.9406592985 130.2317537184 81.3151859790
Cornelis 0.0000000000 829.2558452775 130.2317537184 68.9886785690
Daan 130.2317537184 0.0000000000 174.9106422230 162.5366656532
Daniël 305.1423959414 0.0000000000 111.4217903604 138.8549075580
David 230.7914321910 749.9684273462 74.3509637505 148.2760965003
Dylan 130.2317537184 749.9684273462 100.5596784725 148.2760965003
Eline 244.5395537064 582.1532915621 60.6028422350 167.8151357841
Emma 130.2317537184 582.1532915621 114.3077999880 167.8151357841
Eva 130.2317537184 469.1735240906 174.9106422230 112.9797674715
Femke 130.2317537184 350.9938510032 174.9106422230 118.1796730874
Fleur 130.2317537184 210.4388264779 174.9106422230 140.5550245253
Floris 130.2317537184 162.5366656532 174.9106422230 47.9021608248
Gijs 305.1423959414 138.8549075580 111.4217903604 116.8217321439
Ilse 305.1423959414 255.6766397019 111.4217903604 131.5105157533
Iris 416.5641863019 0.0000000000 134.4062497827 161.1535728111
Jan 550.9704360846 0.0000000000 243.9787158218 64.4638322496
Jasper 416.5641863019 268.7886121654 134.4062497827 118.3985432898
Jelle 416.5641863019 161.1535728111 134.4062497827 107.6350393543
Jesse 550.9704360846 64.4638322496 153.3715331568 104.4758660597
Johanna 704.3419692414 64.4638322496 90.6071826650 104.4758660597
Johannes 550.9704360846 168.9396983093 161.6358992320 88.9156306891
Joris 712.6063353165 168.9396983093 82.3428165899 88.9156306891
Julia 550.9704360846 257.8553289984 243.9787158218 78.5084602789
Koen 550.9704360846 336.3637892773 243.9787158218 50.8233661780
Lars 305.1423959414 387.1871554552 155.1217670255 156.9423664102
Lieke 305.1423959414 544.1295218655 110.5191898556 109.7447951412
Lisa 656.8560608062 387.1871554552 138.0930911002 156.9423664102
Lotte 552.4259659114 387.1871554552 104.4300948948 156.9423664102
Lucas 460.2641629669 387.1871554552 92.1618029444 156.9423664102
Luuk 415.6615857970 544.1295218655 148.2948020926 109.7447951412
Maria 563.9563878896 544.1295218655 127.6203116115 109.7447951412
Maud 691.5766995011 544.1295218655 103.3724524053 109.7447951412
Max 794.9491519064 0.0000000000 157.6110848402 166.4702355456
Merel 952.5602367466 0.0000000000 47.4397632534 237.6446442454
Mohamed 794.9491519064 595.3236495313 157.6110848402 58.5506674753
Naomi 794.9491519064 485.4763795777 157.6110848402 109.8472699537
Nick 794.9491519064 357.6666629649 157.6110848402 127.8097166127
Niels 794.9491519064 222.6028813553 157.6110848402 135.0637816097
Nikki 794.9491519064 166.4702355456 157.6110848402 56.1326458097
Nina 952.5602367466 237.6446442454 47.4397632534 238.5820984634
Pieter 952.5602367466 476.2267427088 47.4397632534 177.6475742979
Robin 305.1423959414 653.8743170066 694.8576040586 38.0540352218
Roos 305.1423959414 691.9283522284 247.7486721992 39.6365531275
Ruben 552.8910681406 691.9283522284 447.1089318594 39.6365531275
Sanne 305.1423959414 731.5649053559 227.8570751893 120.0873471263
Sarah 929.9392731427 731.5649053559 70.0607268573 120.0873471263
Sophie 802.5948516818 731.5649053559 127.3444214609 120.0873471263
Stijn 649.6963657137 731.5649053559 152.8984859681 120.0873471263
Sven 532.9994711307 731.5649053559 116.6968945829 120.0873471263
Tessa 305.1423959414 851.6522524822 341.3913346954 46.5922713643
Thijs 646.5337306369 851.6522524822 353.4662693631 46.5922713643
Thomas 0.0000000000 898.2445238465 410.8177720541 80.4204857335
Tim 657.7591757888 898.2445238465 342.2408242112 80.4204857335
Tom 410.8177720541 898.2445238465 246.9414037347 80.4204857335
Vera 0.0000000000 978.6650095800 468.4466019417 21.3349904200
Willem 468.4466019417 978.6650095800 531.5533980583 21.3349904200

Amber 0.0000000000 0.0000000000 322.0953179807 67.8187688129
Anne 0.0000000000 67.8187688129 169.6345309061 144.2718716181
Anouk 0.0000000000 212.0906404310 115.2706403304 173.9425829738
Bas 169.6345309061 67.8187688129 152.4607870747 144.2718716181
Bram 115.2706403304 212.0906404310 101.2261715086 173.9425829738
Charlotte 216.4968118390 212.0906404310 105.5985061418 90.3541146188
Cornelis 216.4968118390 302.4447550498 105.5985061418 83.5884683550
Daan 322.0953179807 0.0000000000 168.1209193283 148.2776619701
Daniël 490.2162373090 0.0000000000 171.9850152536 81.2331035392
David 414.8632356181 223.0935758413 75.3530016910 162.9396475635
Dylan 322.0953179807 223.0935758413 92.7679176373 162.9396475635
Eline 322.0953179807 148.2776619701 168.1209193283 74.8159138713
Emma 490.2162373090 81.2331035392 171.9850152536 106.2928824473
Eva 490.2162373090 187.5259859866 171.9850152536 100.6614714568
Femke 490.2162373090 288.1874574433 171.9850152536 97.8457659615
Fleur 0.0000000000 386.0332234048 151.9246201775 170.2425223185
Floris 0.0000000000 556.2757457233 41.0106422352 199.0680671380
Gijs 518.2947123969 485.4769912218 143.9065401658 70.7987545015
Ilse 518.2947123969 386.0332234048 143.9065401658 99.4437678170
Iris 395.1624433258 386.0332234048 123.1322690711 170.2425223185
Jan 231.5822556995 461.7761118039 163.5801876263 94.4996339194
Jasper 231.5822556995 386.0332234048 163.5801876263 75.7428883990
Jelle 151.9246201775 386.0332234048 79.6576355220 170.2425223185
Jesse 41.0106422352 556.2757457233 159.3518092081 121.0481182008
Johanna 41.0106422352 677.3238639241 159.3518092081 78.0199489372
Johannes 200.3624514433 556.2757457233 123.5680135322 139.4771923765
Joris 200.3624514433 695.7529380998 123.5680135322 59.5908747615
Julia 323.9304649755 556.2757457233 102.7946490013 199.0680671380
Koen 426.7251139769 556.2757457233 71.2995479383 199.0680671380
Lars 498.0246619152 556.2757457233 117.4030150263 199.0680671380
Lieke 615.4276769415 556.2757457233 46.7735756212 199.0680671380
Lisa 0.0000000000 755.3438128613 235.9594064591 110.1479427873
Lotte 488.9042176633 755.3438128613 173.2970348994 110.1479427873
Lucas 376.6628268476 755.3438128613 112.2413908157 110.1479427873
Luuk 235.9594064591 755.3438128613 140.7034203885 110.1479427873
Maria 0.0000000000 865.4917556486 378.4007157501 34.7433719017
Maud 378.4007157501 865.4917556486 283.8005368126 34.7433719017
Max 662.2012525627 0.0000000000 159.6877018564 183.1818576461
Merel 821.8889544191 0.0000000000 178.1110455809 84.4925365810
Mohamed 764.9271827203 758.5238566956 56.9617716988 141.7112708547
Naomi 662.2012525627 758.5238566956 102.7259301576 141.7112708547
Nick 662.2012525627 642.0153016941 159.6877018564 116.5085550015
Niels 662.2012525627 515.4256603513 159.6877018564 126.5896413428
Nikki 764.8043320265 392.1483759492 57.0846223926 123.2772844021
Nina 662.2012525627 392.1483759492 102.6030794638 123.2772844021
Pieter 662.2012525627 327.6294233649 159.6877018564 64.5189525843
Robin 662.2012525627 183.1818576461 159.6877018564 144.4475657188
Roos 821.8889544191 84.4925365810 58.8827070606 148.8168727485
Ruben 880.7716614797 84.4925365810 119.2283385203 148.8168727485
Sanne 821.8889544191 233.3094093295 178.1110455809 166.9988110001
Sarah 821.8889544191 400.3082203296 71.2047498481 137.2048785710
Sophie 893.0937042671 400.3082203296 106.9062957329 137.2048785710
Stijn 821.8889544191 537.5130989006 178.1110455809 99.7714762883
Sven 821.8889544191 637.2845751888 178.1110455809 80.2144334630
Tessa 821.8889544191 717.4990086518 178.1110455809 86.0204305517
Thijs 821.8889544191 803.5194392036 178.1110455809 96.7156883468
Thomas 0.0000000000 900.2351275504 383.8740764536 78.7045230450
Tim 643.4307741728 900.2351275504 356.5692258272 78.7045230450
Tom 383.8740764536 900.2351275504 259.5566977192 78.7045230450
Vera 0.0000000000 978.9396505954 428.5714285714 21.0603494046
Willem 428.5714285714 978.9396505954 571.4285714286 21.0603494046

Amber 0.0000000000 0.0000000000 29.3088521422 698.3808794184
Anne 29.3088521422 0.0000000000 152.0142608586 165.7232526896
Anouk 181.3231130008 0.0000000000 139.4461232919 176.3014397985
Bas 29.3088521422 592.1244516203 152.0142608586 106.2564277981
Bram 29.3088521422 467.1270033854 152.0142608586 124.9974482349
Charlotte 104.1354656115 323.2165987463 77.1876473894 143.9104046391
Cornelis 29.3088521422 323.2165987463 74.8266134692 143.9104046391
Daan 29.3088521422 165.7232526896 152.0142608586 157.4933460567
Daniël 181.3231130008 176.3014397985 153.6738510659 98.3185430134
David 584.5989482589 96.7170907986 136.1105306478 79.5843490000
Dylan 584.5989482589 0.0000000000 136.1105306478 96.7170907986
Eline 414.0696627347 114.6915121291 170.5292855243 61.6099276694
Emma 414.0696627347 0.0000000000 170.5292855243 114.6915121291
Eva 320.7692362927 0.0000000000 93.3004264420 176.3014397985
Femke 181.3231130008 274.6199828119 153.6738510659 108.0998045825
Fleur 334.9969640668 176.3014397985 123.1650718102 141.1893080905
Floris 334.9969640668 317.4907478890 123.1650718102 65.2290395053
Gijs 458.1620358770 176.3014397985 129.0659468103 89.3542457978
Ilse 458.1620358770 265.6556855963 129.0659468103 117.0641017980
Iris 181.3231130008 382.7197873943 163.6016388232 137.9740331440
Jan 181.3231130008 520.6938205383 101.4059916656 177.6870588800
Jasper 470.8896605145 382.7197873943 116.3383221727 137.9740331440
Jelle 344.9247518240 382.7197873943 125.9649086905 137.9740331440
Jesse 282.7291046664 520.6938205383 172.7553597627 114.4131305959
Johanna 282.7291046664 635.1069511343 172.7553597627 63.2739282841
Johannes 455.4844644292 520.6938205383 131.7435182581 125.5933049440
Joris 455.4844644292 646.2871254823 131.7435182581 52.0937539360
Julia 587.2279826873 176.3014397985 73.5165845671 322.2016258019
Koen 587.2279826873 498.5030656004 73.5165845671 199.8778138180
Lars 660.7445672544 176.3014397985 59.9649116523 381.1871405172
Lieke 660.7445672544 557.4885803157 59.9649116523 140.8922991027
Lisa 720.7094789068 0.0000000000 101.6754757165 263.0034863967
Lotte 720.7094789068 519.1526348276 101.6754757165 179.2282445908
Lucas 720.7094789068 413.2911929092 101.6754757165 105.8614419184
Luuk 720.7094789068 263.0034863967 101.6754757165 150.2877065124
Maria 822.3849546233 0.0000000000 33.0417576483 417.1536796526
Maud 822.3849546233 417.1536796526 33.0417576483 281.2271997658
Max 0.0000000000 698.3808794184 164.7999490487 168.3717998339
Merel 0.0000000000 866.7526792522 295.2916924833 61.4647591867
Mohamed 729.0008749510 813.2377504402 126.4258373206 53.5149288121
Naomi 729.0008749510 698.3808794184 126.4258373206 114.8568710218
Nick 599.7048294317 698.3808794184 129.2960455193 168.3717998339
Niels 485.5798843909 698.3808794184 114.1249450408 168.3717998339
Nikki 364.6211103058 808.9164903828 120.9587740851 57.8361888695
Nina 364.6211103058 698.3808794184 120.9587740851 110.5356109644
Pieter 309.9504779509 698.3808794184 54.6706323549 168.3717998339
Robin 164.7999490487 698.3808794184 145.1505289022 168.3717998339
Roos 295.2916924833 866.7526792522 165.4552673836 61.4647591867
Ruben 460.7469598669 866.7526792522 394.6797524047 61.4647591867
Sanne 855.4267122716 0.0000000000 83.2012457941 346.8406070103
Sarah 855.4267122716 846.0056666520 83.2012457941 82.2117717869
Sophie 855.4267122716 673.2058293491 83.2012457941 172.7998373030
Stijn 855.4267122716 506.9208871688 83.2012457941 166.2849421802
Sven 855.4267122716 346.8406070103 83.2012457941 160.0802801586
Tessa 938.6279580657 0.0000000000 29.7266483135 408.1030833174
Thijs 938.6279580657 408.1030833174 29.7266483135 520.1143551215
Thomas 968.3546063791 0.0000000000 31.6453936209 928.2174384389
Tim 0.0000000000 928.2174384389 592.0651068159 50.7459604564
Tom 592.0651068159 928.2174384389 407.9348931841 50.7459604564
Vera 0.0000000000 978.9633988953 415.9509202454 21.0366011047
Willem 415.9509202454 978.9633988953 584.0490797546 21.0366011047

Amber 0.0000000000 0.0000000000 262.6412294810 73.8402101336
Anne 262.6412294810 0.0000000000 332.8486495500 73.8402101336
Anouk 0.0000000000 73.8402101336 181.2524679359 142.2675765189
Bas 0.0000000000 216.1077866525 134.5062925419 127.1301743416
Bram 471.9190571222 73.8402101336 123.5708219088 142.2675765189
Charlotte 404.2135865487 73.8402101336 67.7054705735 142.2675765189
Cornelis 333.5063956049 73.8402101336 70.7071909438 142.2675765189
Daan 181.2524679359 73.8402101336 152.2539276690 142.2675765189
Daniël 0.0000000000 343.2379609941 96.6260515111 146.8427303962
David 134.5062925419 216.1077866525 125.8702544974 127.1301743416
Dylan 96.6260515111 343.2379609941 81.5437690282 146.8427303962
Eline 178.1698205393 343.2379609941 82.2067265000 146.8427303962
Emma 260.3765470393 216.1077866525 66.5217496091 273.9729047377
Eva 326.8982966484 216.1077866525 126.1308475269 146.8877765671
Femke 453.0291441754 216.1077866525 142.4607348557 97.9193245819
Fleur 326.8982966484 362.9955632196 126.1308475269 127.0851281706
Floris 453.0291441754 314.0271112345 142.4607348557 51.4747134360
Gijs 453.0291441754 365.5018246705 76.8866146395 124.5788667198
Ilse 529.9157588148 365.5018246705 65.5741202162 124.5788667198
Iris 0.0000000000 490.0806913903 153.0260335249 156.9444381952
Jan 0.0000000000 647.0251295854 96.3613541722 181.0046428171
Jasper 486.4634961358 490.0806913903 109.0263828952 156.9444381952
Jelle 374.0709470449 490.0806913903 112.3925490910 156.9444381952
Jesse 246.1566316069 490.0806913903 127.9143154380 156.9444381952
Johanna 153.0260335249 490.0806913903 93.1305980820 156.9444381952
Johannes 96.3613541722 647.0251295854 144.2509093424 122.5571294958
Joris 96.3613541722 769.5822590812 144.2509093424 58.4475133214
Julia 240.6122635146 647.0251295854 108.4429136832 181.0046428171
Koen 349.0551771979 647.0251295854 89.5199891479 181.0046428171
Lars 438.5751663458 647.0251295854 119.2144245726 181.0046428171
Lieke 557.7895909183 647.0251295854 37.7002881127 181.0046428171
Lisa 595.4898790310 0.0000000000 162.9754944845 160.3648424657
Lotte 758.4653735155 0.0000000000 117.3981517793 159.3641903582
Lucas 690.6396623745 685.1165104843 67.8257111410 142.9132619183
Luuk 595.4898790310 685.1165104843 95.1497833435 142.9132619183
Maria 595.4898790310 592.6732114551 162.9754944845 92.4432990292
Maud 595.4898790310 539.3143954714 162.9754944845 53.3588159838
Max 595.4898790310 394.5318756683 162.9754944845 144.7825198031
Merel 655.2475603420 261.9844983838 103.2178131735 132.5473772845
Mohamed 595.4898790310 261.9844983838 59.7576813110 132.5473772845
Naomi 595.4898790310 160.3648424657 162.9754944845 101.6196559181
Nick 758.4653735155 159.3641903582 117.3981517793 193.6717591158
Niels 758.4653735155 353.0359494740 117.3981517793 192.1223850429
Nikki 758.4653735155 545.1583345169 117.3981517793 66.4017459826
Nina 758.4653735155 611.5600804994 117.3981517793 121.7365343014
Pieter 758.4653735155 733.2966148008 117.3981517793 94.7331576018
Robin 0.0000000000 828.0297724026 875.8635252949 33.1211908961
Roos 0.0000000000 861.1509632987 226.7696968007 29.2570519582
Ruben 226.7696968007 861.1509632987 649.0938284942 29.2570519582
Sanne 875.8635252949 0.0000000000 91.6769736644 346.0256222502
Sarah 875.8635252949 806.6118019093 91.6769736644 83.7962133476
Sophie 875.8635252949 648.6881690618 91.6769736644 157.9236328475
Stijn 875.8635252949 489.5925612025 91.6769736644 159.0956078593
Sven 875.8635252949 346.0256222502 91.6769736644 143.5669389523
Tessa 967.5404989592 0.0000000000 32.4595010408 441.0664239144
Thijs 967.5404989592 441.0664239144 32.4595010408 449.3415913425
Thomas 0.0000000000 890.4080152569 393.4324659232 86.7065996938
Tim 652.7261462206 890.4080152569 347.2738537794 86.7065996938
Tom 393.4324659232 890.4080152569 259.2936802974 86.7065996938
Vera 0.0000000000 977.1146149507 424.8826291080 22.8853850493
Willem 424.8826291080 977.1146149507 575.1173708920 22.8853850493

Amber 0.0000000000 0.0000000000 32.3824534243 608.5445940856
Anne 32.3824534243 0.0000000000 156.2742506770 173.9503048774
Anouk 188.6567041013 0.0000000000 292.0020217943 60.6762908547
Bas 32.3824534243 476.4900734701 156.2742506770 132.0545206155
Bram 32.3824534243 350.1592782064 156.2742506770 126.3307952637
Charlotte 32.3824534243 260.4194414414 156.2742506770 89.7398367650
Cornelis 32.3824534243 173.9503048774 156.2742506770 86.4691365640
Daan 188.6567041013 60.6762908547 148.6101975721 127.3905160358
Daniël 188.6567041013 188.0668068905 117.3205834545 149.7422592841
David 337.2669016734 60.6762908547 143.3918242222 127.3905160358
Dylan 188.6567041013 337.8090661746 45.8875117612 270.7355279110
Eline 390.6055620310 188.0668068905 90.0531638646 149.7422592841
Emma 305.9772875558 188.0668068905 84.6282744752 149.7422592841
Eva 234.5442158625 337.8090661746 111.6630647372 139.8883942917
Femke 346.2072805997 337.8090661746 134.4514452958 95.7591378423
Fleur 234.5442158625 477.6974604663 111.6630647372 130.8471336193
Floris 346.2072805997 433.5682040168 134.4514452958 53.4854301576
Gijs 346.2072805997 487.0536341744 71.5989542271 121.4909599112
Ilse 417.8062348269 487.0536341744 62.8524910687 121.4909599112
Iris 480.6587258956 0.0000000000 162.7194090220 151.6920850406
Jan 643.3781349175 0.0000000000 173.0259215024 115.9132560163
Jasper 480.6587258956 502.8887951120 162.7194090220 105.6557989736
Jelle 480.6587258956 382.5915558312 162.7194090220 120.2972392808
Jesse 480.6587258956 246.8614470374 162.7194090220 135.7301087938
Johanna 480.6587258956 151.6920850406 162.7194090220 95.1693619968
Johannes 643.3781349175 115.9132560163 121.9488108648 152.5256419892
Joris 765.3269457823 115.9132560163 51.0771106376 152.5256419892
Julia 643.3781349175 268.4388980055 173.0259215024 88.1813211092
Koen 643.3781349175 356.6202191147 173.0259215024 90.5182819160
Lars 643.3781349175 447.1385010306 173.0259215024 117.9386220488
Lieke 643.3781349175 565.0771230795 173.0259215024 43.4674710061
Lisa 0.0000000000 608.5445940856 170.3276300750 165.6238415375
Lotte 0.0000000000 774.1684356231 159.1490569216 113.5767917896
Lucas 676.6296273409 708.4278583163 139.7744290790 65.7405773068
Luuk 676.6296273409 608.5445940856 139.7744290790 99.8832642307
Maria 580.5235218153 608.5445940856 96.1061055255 165.6238415375
Maud 536.3182926444 608.5445940856 44.2052291710 165.6238415375
Max 401.7339512008 608.5445940856 134.5843414436 165.6238415375
Merel 275.0242254799 676.6188001413 126.7097257208 97.5496354818
Mohamed 275.0242254799 608.5445940856 126.7097257208 68.0742060557
Naomi 170.3276300750 608.5445940856 104.6965954049 165.6238415375
Nick 159.1490569216 774.1684356231 200.4666005455 113.5767917896
Niels 359.6156574671 774.1684356231 195.3656692339 113.5767917896
Nikki 554.9813267009 774.1684356231 60.4460360423 113.5767917896
Nina 615.4273627433 774.1684356231 91.5617170430 113.5767917896
Pieter 706.9890797863 774.1684356231 109.4149766336 113.5767917896
Robin 816.4040564199 0.0000000000 151.0256664354 213.7811669688
Roos 816.4040564199 847.5520379826 151.0256664354 40.1931894301
Ruben 816.4040564199 724.0599197336 151.0256664354 123.4921182490
Sanne 816.4040564199 529.8899224867 151.0256664354 194.1699972469
Sarah 900.9137332205 384.8449345433 66.5159896349 145.0449879434
Sophie 816.4040564199 384.8449345433 84.5096768006 145.0449879434
Stijn 816.4040564199 297.8567757767 151.0256664354 86.9881587666
Sven 816.4040564199 213.7811669688 151.0256664354 84.0756088079
Tessa 967.4297228553 0.0000000000 32.5702771447 468.1820671953
Thijs 967.4297228553 468.1820671953 32.5702771447 419.5631602174
Thomas 0.0000000000 887.7452274127 383.3164471462 86.8302982317
Tim 641.6751097602 887.7452274127 358.3248902398 86.8302982317
Tom 383.3164471462 887.7452274127 258.3586626140 86.8302982317
Vera 0.0000000000 974.5755256444 430.2191464821 25.4244743556
Willem 430.2191464821 974.5755256444 569.7808535179 25.4244743556

Amber 0.0000000000 0.0000000000 28.8568355769 624.5835089895
Anne 28.8568355769 0.0000000000 178.1129682400 162.8976694217
Anouk 206.9698038169 0.0000000000 133.0424322403 138.4935440848
Bas 28.8568355769 519.1841729666 178.1129682400 105.3993360229
Bram 110.5792562988 348.8080671927 96.3905475181 170.3761057739
Charlotte 28.8568355769 348.8080671927 81.7224207219 170.3761057739
Cornelis 28.8568355769 273.9762089704 178.1129682400 74.8318582223
Daan 28.8568355769 162.8976694217 178.1129682400 111.0785395487
Daniël 340.0122360573 0.0000000000 123.0886902849 134.9587758518
David 206.9698038169 138.4935440848 133.0424322403 127.9109809155
Dylan 463.1009263421 0.0000000000 81.0260083530 134.9587758518
Eline 340.0122360573 134.9587758518 105.9214360415 131.4457491485
Emma 445.9336720987 134.9587758518 98.1932625964 131.4457491485
Eva 544.1269346951 0.0000000000 144.6747039796 117.0940819187
Femke 688.8016386747 0.0000000000 98.1320666528 114.3211650972
Fleur 544.1269346951 192.5379149547 144.6747039796 73.8666100456
Floris 544.1269346951 117.0940819187 144.6747039796 75.4438330359
Gijs 688.8016386747 114.3211650972 98.1320666528 76.8176154613
Ilse 688.8016386747 191.1387805585 98.1320666528 75.2657444418
Iris 206.9698038169 266.4045250003 150.1971972453 166.0806339493
Jan 206.9698038169 432.4851589496 104.3507230589 192.0983500399
Jasper 681.0720539092 266.4045250003 105.8616514183 166.0806339493
Jelle 579.3579671920 266.4045250003 101.7140867172 166.0806339493
Jesse 461.2511247515 266.4045250003 118.1068424405 166.0806339493
Johanna 357.1670010623 266.4045250003 104.0841236892 166.0806339493
Johannes 311.3205268759 432.4851589496 173.2558125166 137.0437082736
Joris 484.5763393925 432.4851589496 140.6757428877 70.6243933970
Julia 311.3205268759 569.5288672232 173.2558125166 55.0546417663
Koen 484.5763393925 503.1095523466 140.6757428877 121.4739566428
Lars 625.2520822801 432.4851589496 119.0333209050 192.0983500399
Lieke 744.2854031851 432.4851589496 42.6483021424 192.0983500399
Lisa 0.0000000000 624.5835089895 171.7831420379 175.1031319181
Lotte 0.0000000000 799.6866409076 155.0967223463 116.9546548362
Lucas 709.5219085594 624.5835089895 77.4117967681 175.1031319181
Luuk 611.3166518179 624.5835089895 98.2052567414 175.1031319181
Maria 388.6598037349 752.6383454410 160.5269917773 47.0482954666
Maud 549.1867955121 624.5835089895 62.1298563058 175.1031319181
Max 388.6598037349 624.5835089895 160.5269917773 128.0548364515
Merel 275.2647889583 703.5410562041 113.3950147766 96.1455847035
Mohamed 275.2647889583 624.5835089895 113.3950147766 78.9575472146
Naomi 171.7831420379 624.5835089895 103.4816469204 175.1031319181
Nick 155.0967223463 799.6866409076 186.5844797354 116.9546548362
Niels 341.6812020817 799.6866409076 189.9674619342 116.9546548362
Nikki 531.6486640159 799.6866409076 50.2242741826 116.9546548362
Nina 581.8729381985 799.6866409076 92.6416663679 116.9546548362
Pieter 674.5146045664 799.6866409076 112.4191007611 116.9546548362
Robin 786.9337053275 0.0000000000 141.0920685532 232.3970516752
Roos 786.9337053275 867.6588159571 141.0920685532 48.9824797867
Ruben 786.9337053275 742.9369070729 141.0920685532 124.7219088842
Sanne 786.9337053275 536.0021136129 141.0920685532 206.9347934600
Sarah 786.9337053275 471.2675588287 141.0920685532 64.7345547842
Sophie 786.9337053275 393.8018749370 141.0920685532 77.4656838917
Stijn 786.9337053275 308.7838263205 141.0920685532 85.0180486165
Sven 786.9337053275 232.3970516752 141.0920685532 76.3867746453
Tessa 928.0257738807 0.0000000000 34.5755280988 486.0576323252
Thijs 928.0257738807 486.0576323252 34.5755280988 430.5836634185
Thomas 962.6013019795 0.0000000000 37.3986980205 916.6412957438
Tim 0.0000000000 916.6412957438 609.4003241491 56.3538939292
Tom 609.4003241491 916.6412957438 390.5996758509 56.3538939292
Vera 0.0000000000 972.9951896730 397.9706877114 27.0048103270
Willem 397.9706877114 972.9951896730 602.0293122886 27.0048103270

Amber 0.0000000000 0.0000000000 27.8025629548 597.3778047587
Anne 27.8025629548 0.0000000000 161.3992940362 175.8341189462
Anouk 189.2018569909 0.0000000000 149.2201876196 121.8597739197
Bas 27.8025629548 478.7936464633 161.3992940362 118.5841582955
Bram 27.8025629548 373.0077784392 161.3992940362 105.7858680241
Charlotte 27.8025629548 274.8208952637 161.3992940362 98.1868831755
Cornelis 27.8025629548 175.8341189462 161.3992940362 98.9867763175
Daan 189.2018569909 121.8597739197 117.4983470827 134.9594224688
Daniël 338.4220446105 0.0000000000 127.6522277283 121.8597739197
David 306.7002040736 121.8597739197 159.3740682652 84.5063977839
Dylan 189.2018569909 256.8191963886 117.4983470827 117.9900648303
Eline 306.7002040736 206.3661717036 159.3740682652 95.9005188334
Emma 306.7002040736 302.2666905370 159.3740682652 72.5425706819
Eva 189.2018569909 374.8092612189 127.5762244130 136.2641588609
Femke 189.2018569909 511.0734200797 109.9392155431 86.3043846790
Fleur 381.7261418671 374.8092612189 84.3481304717 136.2641588609
Floris 316.7780814039 374.8092612189 64.9480604632 136.2641588609
Gijs 299.1410725340 511.0734200797 79.4178469221 86.3043846790
Ilse 378.5589194561 511.0734200797 87.5153528827 86.3043846790
Iris 466.0742723388 0.0000000000 171.0244797687 158.3238812492
Jan 637.0987521075 0.0000000000 176.2938550053 122.5474161841
Jasper 466.0742723388 484.2437497022 171.0244797687 113.1340550565
Jelle 466.0742723388 379.5117056430 171.0244797687 104.7320440592
Jesse 466.0742723388 263.8375077268 171.0244797687 115.6741979162
Johanna 466.0742723388 158.3238812492 171.0244797687 105.5136264776
Johannes 637.0987521075 122.5474161841 176.2938550053 130.3904508199
Joris 637.0987521075 252.9378670040 176.2938550053 53.7574665661
Julia 637.0987521075 306.6953335701 70.5955481327 147.7104856406
Koen 707.6943002402 306.6953335701 105.6983068727 147.7104856406
Lars 637.0987521075 454.4058192106 176.2938550053 102.1228468201
Lieke 637.0987521075 556.5286660307 176.2938550053 40.8491387280
Lisa 0.0000000000 597.3778047587 164.2411395519 185.3617603326
Lotte 0.0000000000 782.7395650913 196.6068576152 97.5488520042
Lucas 718.6421610300 712.3764888447 94.7504460829 70.3630762466
Luuk 718.6421610300 597.3778047587 94.7504460829 114.9986840859
Maria 608.8393865561 597.3778047587 109.8027744739 185.3617603326
Maud 570.1786694253 597.3778047587 38.6607171308 185.3617603326
Max 468.1397274899 597.3778047587 102.0389419354 185.3617603326
Merel 363.3675996098 692.4764470163 104.7721278801 90.2631180750
Mohamed 285.9273311767 692.4764470163 77.4402684331 90.2631180750
Naomi 285.9273311767 597.3778047587 182.2123963132 95.0986422576
Nick 164.2411395519 597.3778047587 121.6861916248 185.3617603326
Niels 196.6068576152 782.7395650913 262.1424768203 97.5488520042
Nikki 458.7493344354 782.7395650913 77.4822164560 97.5488520042
Nina 536.2315508914 782.7395650913 124.5859427596 97.5488520042
Pieter 660.8174936511 782.7395650913 152.5751134618 97.5488520042
Robin 813.3926071129 0.0000000000 149.8529823579 230.5076653969
Roos 813.3926071129 831.7604875383 149.8529823579 48.5279295572
Ruben 813.3926071129 693.9905180325 149.8529823579 137.7699695057
Sanne 813.3926071129 505.6363507680 149.8529823579 188.3541672645
Sarah 898.0271818665 381.8490050330 65.2184076043 123.7873457350
Sophie 813.3926071129 381.8490050330 84.6345747536 123.7873457350
Stijn 813.3926071129 309.4683643375 149.8529823579 72.3806406955
Sven 813.3926071129 230.5076653969 149.8529823579 78.9606989406
Tessa 963.2455894707 0.0000000000 36.7544105293 518.9509811258
Thijs 963.2455894707 518.9509811258 36.7544105293 361.3374359697
Thomas 0.0000000000 880.2884170955 399.1168478261 90.7158043940
Tim 668.1385869565 880.2884170955 331.8614130435 90.7158043940
Tom 399.1168478261 880.2884170955 269.0217391304 90.7158043940
Vera 0.0000000000 971.0042214895 388.9479277365 28.9957785105
Willem 388.9479277365 971.0042214895 611.0520722635 28.9957785105

Amber 0.0000000000 0.0000000000 460.1490835887 33.5544668305
Anne 0.0000000000 33.5544668305 156.9838410880 178.3045209245
Anouk 0.0000000000 211.8589877550 131.9243631274 150.3537175687
Bas 349.9418444910 33.5544668305 110.2072390977 178.3045209245
Bram 253.2721728257 33.5544668305 96.6696716653 178.3045209245
Charlotte 156.9838410880 33.5544668305 96.2883317377 178.3045209245
Cornelis 131.9243631274 211.8589877550 195.7385690587 80.1113172021
Daan 0.0000000000 486.4033470914 131.9243631274 116.8344016630
Daniël 0.0000000000 362.2127053237 131.9243631274 124.1906417677
David 131.9243631274 291.9703049571 92.6022266636 125.5077302832
Dylan 224.5265897910 291.9703049571 103.1363423951 125.5077302832
Eline 327.6629321861 211.8589877550 80.0001027092 205.6190474853
Emma 407.6630348954 211.8589877550 52.4860486934 205.6190474853
Eva 131.9243631274 417.4780352403 124.5309588210 132.8327149586
Femke 384.2268633410 417.4780352403 75.9222202478 132.8327149586
Fleur 316.6375697058 417.4780352403 67.5892936352 132.8327149586
Floris 256.4553219484 417.4780352403 60.1822477574 132.8327149586
Gijs 131.9243631274 550.3107501989 141.1656762338 52.9269985554
Ilse 273.0900393612 550.3107501989 187.0590442275 52.9269985554
Iris 460.1490835887 0.0000000000 170.9272309380 187.2054477906
Jan 631.0763145267 0.0000000000 187.7161062877 119.3502642697
Jasper 460.1490835887 506.0883812755 170.9272309380 97.1493674789
Jelle 460.1490835887 417.5828646748 170.9272309380 88.5055166007
Jesse 460.1490835887 311.4138267143 170.9272309380 106.1690379605
Johanna 460.1490835887 187.2054477906 170.9272309380 124.2083789237
Johannes 631.0763145267 119.3502642697 187.7161062877 150.1607944480
Joris 631.0763145267 269.5110587177 111.8437348252 100.7017854775
Julia 742.9200493520 269.5110587177 75.8723714625 100.7017854775
Koen 631.0763145267 370.2128441952 187.7161062877 98.2693752003
Lars 631.0763145267 468.4822193955 131.6949337735 134.7555293588
Lieke 762.7712483002 468.4822193955 56.0211725143 134.7555293588
Lisa 0.0000000000 603.2377487544 177.7596286596 181.0585909212
Lotte 0.0000000000 784.2963396756 183.8335600451 94.5131915307
Lucas 722.0596383974 709.3244517819 96.7327824170 74.9718878937
Luuk 722.0596383974 603.2377487544 96.7327824170 106.0867030275
Maria 599.6792115425 603.2377487544 122.3804268549 181.0585909212
Maud 567.8571341843 603.2377487544 31.8220773581 181.0585909212
Max 482.2066672652 603.2377487544 85.6504669192 181.0585909212
Merel 377.7565778912 688.5177987155 104.4500893739 95.7785409601
Mohamed 304.7313005066 688.5177987155 73.0252773847 95.7785409601
Naomi 304.7313005066 603.2377487544 177.4753667586 85.2800499611
Nick 177.7596286596 603.2377487544 126.9716718469 181.0585909212
Niels 183.8335600451 784.2963396756 273.3067446888 94.5131915307
Nikki 457.1403047339 784.2963396756 93.9844376509 94.5131915307
Nina 551.1247423848 784.2963396756 103.7588191666 94.5131915307
Pieter 654.8835615513 784.2963396756 163.9088592631 94.5131915307
Robin 818.7924208145 0.0000000000 146.9881221719 248.5521906442
Roos 818.7924208145 823.6461623644 146.9881221719 55.1633688420
Ruben 818.7924208145 689.8591413798 146.9881221719 133.7870209845
Sanne 818.7924208145 511.4764467338 146.9881221719 178.3826946460
Sarah 899.4967426266 388.6798287370 66.2838003598 122.7966179968
Sophie 818.7924208145 388.6798287370 80.7043218121 122.7966179968
Stijn 897.9398712148 248.5521906442 67.8406717717 140.1276380928
Sven 818.7924208145 248.5521906442 79.1474504003 140.1276380928
Tessa 965.7805429864 0.0000000000 34.2194570136 507.4943470499
Thijs 965.7805429864 507.4943470499 34.2194570136 371.3151841564
Thomas 0.0000000000 878.8095312063 388.4540117417 95.2499301003
Tim 657.8604044357 878.8095312063 342.1395955643 95.2499301003
Tom 388.4540117417 878.8095312063 269.4063926941 95.2499301003
Vera 0.0000000000 974.0594613067 389.2215568862 25.9405386933
Willem 389.2215568862 974.0594613067 610.7784431138 25.9405386933

