new coffee 20
Africa/NorthernAfrica/DZA 0.0000000000 0.0000000000 45.2946375552 255.0010043644
Africa/NorthernAfrica/EGY 0.0000000000 255.0010043644 45.2946375552 27.5023917890
Africa/NorthernAfrica/MAR 0.0000000000 282.5033961534 45.2946375552 82.0100493874
Africa/NorthernAfrica/TUN 0.0000000000 364.5134455409 45.2946375552 30.8592621751
America/NorthernAmerica/CAN 45.2946375552 0.0000000000 90.5844574144 395.3727077159
America/NorthernAmerica/MEX 135.8790949696 0.0000000000 0.8146189351 395.3727077159
America/NorthernAmerica/USA 136.6937139047 0.0000000000 576.3014899089 395.3727077159
America/SouthernAmerica/ARG 712.9952038136 0.0000000000 27.6077802834 307.8249525445
America/SouthernAmerica/CHL 712.9952038136 307.8249525445 27.6077802834 87.5297310122
America/SouthernAmerica/COL 712.9952038136 395.3546835567 27.6077802834 0.0180241592
Asia/EasternAsia/CHN 740.6029840970 0.0000000000 259.3970159030 5.6081497128
Asia/EasternAsia/JPN 740.6029840970 5.6081497128 259.3970159030 304.2146483996
Asia/EasternAsia/KOR 740.6029840970 309.8227981124 259.3970159030 47.7794995747
Asia/SouthEasternAsia/IDN 740.6029840970 357.6022976871 1.6069828359 30.3544707686
Asia/SouthEasternAsia/MYS 742.2099669330 357.6022976871 84.6052719467 30.3544707686
Asia/SouthEasternAsia/PHL 826.8152388797 357.6022976871 0.4562161712 30.3544707686
Asia/SouthEasternAsia/SGP 827.2714550509 357.6022976871 89.7094046867 30.3544707686
Asia/SouthEasternAsia/THA 916.9808597376 357.6022976871 0.1376945482 30.3544707686
Asia/WesternAsia/IND 917.1185542858 357.6022976871 2.9323036658 30.3544707686
Asia/WesternAsia/TUR 920.0508579517 357.6022976871 79.9491420483 30.3544707686
AustraliaandNewZealand/NZL 740.6029840970 387.9567684557 259.3970159030 7.4159392602
Europe/EasternEurope/BGR 0.0000000000 395.3727077159 4.4952451627 86.2804647079
Europe/EasternEurope/CZE 4.4952451627 395.3727077159 75.0343126749 86.2804647079
Europe/EasternEurope/HUN 79.5295578376 395.3727077159 64.5331690691 86.2804647079
Europe/EasternEurope/POL 144.0627269067 395.3727077159 222.9637959812 86.2804647079
Europe/EasternEurope/ROU 367.0265228879 395.3727077159 50.0354141328 30.2615081772
Europe/EasternEurope/RUS 367.0265228879 425.6342158932 50.0354141328 56.0189565307
Europe/EasternEurope/SVK 417.0619370207 395.3727077159 36.3687652794 86.2804647079
Europe/EasternEurope/UKR 453.4307023001 395.3727077159 4.2730523043 86.2804647079
Europe/NorthernEurope/DNK 0.0000000000 481.6531724238 139.9696237799 93.3658231258
Europe/NorthernEurope/EST 0.0000000000 575.0189955496 13.3482421009 126.8149664037
Europe/NorthernEurope/FIN 13.3482421009 575.0189955496 126.6213816790 126.8149664037
Europe/NorthernEurope/GBR 139.9696237799 481.6531724238 164.1356212583 199.0286186920
Europe/NorthernEurope/IRL 251.9240430436 680.6817911158 52.1812019947 21.1521708375
Europe/NorthernEurope/LTU 175.0798578083 680.6817911158 76.8441852352 21.1521708375
Europe/NorthernEurope/LVA 139.9696237799 680.6817911158 35.1102340285 21.1521708375
Europe/NorthernEurope/NOR 304.1052450382 481.6531724238 153.5985095662 60.3499210860
Europe/NorthernEurope/SWE 304.1052450382 542.0030935099 153.5985095662 159.8308684434
Europe/SouthernEurope/ESP 0.0000000000 701.8339619533 173.7741742365 232.2634347251
Europe/SouthernEurope/GRC 0.0000000000 934.0973966784 105.9881386014 65.9026033216
Europe/SouthernEurope/HRV 105.9881386014 934.0973966784 67.7860356351 65.9026033216
Europe/SouthernEurope/ITA 173.7741742365 701.8339619533 240.6252525180 298.1660380467
Europe/SouthernEurope/PRT 414.3994267545 701.8339619533 43.3043278499 240.8783591923
Europe/SouthernEurope/SVN 414.3994267545 942.7123211455 43.3043278499 57.2876788545
Europe/WesternEurope/AUS 457.7037546044 395.3727077159 269.1507076261 58.7780262037
Europe/WesternEurope/CHE 726.8544622305 395.3727077159 273.1455377695 58.7780262037
Europe/WesternEurope/DEU 457.7037546044 454.1507339196 542.2962453956 311.1130621285
Europe/WesternEurope/FRA 457.7037546044 765.2637960481 350.0636015980 234.7362039519
Europe/WesternEurope/NLD 807.7673562024 765.2637960481 192.2326437976 234.7362039519

Africa/NorthernAfrica/DZA 0.0000000000 0.0000000000 31.7804546004 252.9447053779
Africa/NorthernAfrica/EGY 0.0000000000 252.9447053779 31.7804546004 27.2946954388
Africa/NorthernAfrica/MAR 0.0000000000 280.2394008167 31.7804546004 97.6421125228
Africa/NorthernAfrica/TUN 0.0000000000 377.8815133395 31.7804546004 44.1242269400
America/NorthernAmerica/CAN 31.7804546004 0.0000000000 86.5017761695 422.0057402795
America/NorthernAmerica/MEX 118.2822307699 0.0000000000 4.3227287747 422.0057402795
America/NorthernAmerica/USA 122.6049595447 0.0000000000 617.2793415868 422.0057402795
America/SouthernAmerica/ARG 739.8843011315 0.0000000000 21.6374680235 334.6419610222
America/SouthernAmerica/CHL 739.8843011315 334.6419610222 21.6374680235 87.2473455912
America/SouthernAmerica/COL 739.8843011315 421.8893066133 21.6374680235 0.1164336661
Asia/EasternAsia/CHN 761.5217691550 0.0000000000 238.4782308450 0.7594771018
Asia/EasternAsia/JPN 761.5217691550 0.7594771018 238.4782308450 313.1524359507
Asia/EasternAsia/KOR 761.5217691550 313.9119130525 238.4782308450 59.4828769323
Asia/SouthEasternAsia/IDN 761.5217691550 373.3947899848 23.3434252809 40.6305821367
Asia/SouthEasternAsia/MYS 784.8651944359 373.3947899848 53.5454790852 40.6305821367
Asia/SouthEasternAsia/PHL 838.4106735211 373.3947899848 11.5579487135 40.6305821367
Asia/SouthEasternAsia/SGP 849.9686222346 373.3947899848 99.6404678678 40.6305821367
Asia/SouthEasternAsia/THA 949.6090901024 373.3947899848 0.2018463991 40.6305821367
Asia/WesternAsia/IND 949.8109365015 373.3947899848 5.4685419464 40.6305821367
Asia/WesternAsia/TUR 955.2794784479 373.3947899848 44.7205215521 40.6305821367
AustraliaandNewZealand/NZL 761.5217691550 414.0253721214 238.4782308450 7.9803681580
Europe/EasternEurope/BGR 0.0000000000 422.0057402795 5.3401921555 74.2855789328
Europe/EasternEurope/CZE 5.3401921555 422.0057402795 72.2827194255 74.2855789328
Europe/EasternEurope/HUN 77.6229115811 422.0057402795 59.2503278856 74.2855789328
Europe/EasternEurope/POL 136.8732394667 422.0057402795 231.2277213509 74.2855789328
Europe/EasternEurope/ROU 368.1009608176 422.0057402795 38.8870508624 31.3222977516
Europe/EasternEurope/RUS 368.1009608176 453.3280380311 38.8870508624 42.9632811812
Europe/EasternEurope/SVK 406.9880116799 422.0057402795 35.6221027721 74.2855789328
Europe/EasternEurope/UKR 442.6101144521 422.0057402795 5.0095416900 74.2855789328
Europe/NorthernEurope/DNK 0.0000000000 496.2913192123 137.3037903193 91.7927831984
Europe/NorthernEurope/EST 0.0000000000 588.0841024106 137.3037903193 13.4419758933
Europe/NorthernEurope/FIN 0.0000000000 601.5260783039 137.3037903193 131.0914138413
Europe/NorthernEurope/GBR 137.3037903193 496.2913192123 155.0333525070 211.0671270827
Europe/NorthernEurope/IRL 246.0832666764 707.3584462949 46.2538761498 25.2590458503
Europe/NorthernEurope/LTU 176.8451706979 707.3584462949 69.2380959785 25.2590458503
Europe/NorthernEurope/LVA 137.3037903193 707.3584462949 39.5413803787 25.2590458503
Europe/NorthernEurope/NOR 292.3371428262 496.2913192123 155.2825133158 63.7081054691
Europe/NorthernEurope/SWE 292.3371428262 559.9994246813 155.2825133158 172.6180674639
Europe/SouthernEurope/ESP 0.0000000000 732.6174921452 179.9407284169 207.9786914840
Europe/SouthernEurope/GRC 0.0000000000 940.5961836292 103.4093260951 59.4038163708
Europe/SouthernEurope/HRV 103.4093260951 940.5961836292 76.5314023219 59.4038163708
Europe/SouthernEurope/ITA 179.9407284169 732.6174921452 228.1902064157 267.3825078548
Europe/SouthernEurope/PRT 408.1309348326 732.6174921452 39.4887213094 217.1842659233
Europe/SouthernEurope/SVN 408.1309348326 949.8017580685 39.4887213094 50.1982419315
Europe/WesternEurope/AUS 447.6196561420 422.0057402795 313.6169538022 53.5653874672
Europe/WesternEurope/CHE 761.2366099442 422.0057402795 238.7633900558 53.5653874672
Europe/WesternEurope/DEU 447.6196561420 475.5711277467 552.3803438580 319.0330772995
Europe/WesternEurope/FRA 447.6196561420 794.6042050462 368.5245740532 205.3957949538
Europe/WesternEurope/NLD 816.1442301952 794.6042050462 183.8557698048 205.3957949538

Africa/NorthernAfrica/DZA 0.0000000000 0.0000000000 42.5685707785 283.0531926883
Africa/NorthernAfrica/EGY 0.0000000000 283.0531926883 42.5685707785 20.7414414355
Africa/NorthernAfrica/MAR 0.0000000000 303.7946341238 42.5685707785 88.0604493753
Africa/NorthernAfrica/TUN 0.0000000000 391.8550834991 42.5685707785 31.2603644623
America/NorthernAmerica/CAN 42.5685707785 0.0000000000 101.9361995310 423.1154479613
America/NorthernAmerica/MEX 144.5047703095 0.0000000000 3.2567983158 423.1154479613
America/NorthernAmerica/USA 147.7615686253 0.0000000000 590.4950960597 423.1154479613
America/SouthernAmerica/ARG 738.2566646851 0.0000000000 19.9196657592 337.1644295054
America/SouthernAmerica/CHL 738.2566646851 337.1644295054 19.9196657592 85.8663937368
America/SouthernAmerica/COL 738.2566646851 423.0308232422 19.9196657592 0.0846247191
Asia/EasternAsia/CHN 758.1763304443 0.0000000000 241.8236695557 3.4809108599
Asia/EasternAsia/JPN 758.1763304443 3.4809108599 241.8236695557 324.9527088387
Asia/EasternAsia/KOR 758.1763304443 328.4336196987 241.8236695557 49.1431110491
Asia/SouthEasternAsia/IDN 758.1763304443 377.5767307477 8.4473090184 37.0315658303
Asia/SouthEasternAsia/MYS 766.6236394627 377.5767307477 48.6505617016 37.0315658303
Asia/SouthEasternAsia/PHL 815.2742011643 377.5767307477 39.8688461783 37.0315658303
Asia/SouthEasternAsia/SGP 855.1430473426 377.5767307477 76.4929112965 37.0315658303
Asia/SouthEasternAsia/THA 931.6359586391 377.5767307477 4.6507182384 37.0315658303
Asia/WesternAsia/IND 936.2866768775 377.5767307477 6.9339400924 37.0315658303
Asia/WesternAsia/TUR 943.2206169699 377.5767307477 56.7793830301 37.0315658303
AustraliaandNewZealand/NZL 758.1763304443 414.6082965780 241.8236695557 8.5071513833
Europe/EasternEurope/BGR 0.0000000000 423.1154479613 7.9567821381 76.6959412513
Europe/EasternEurope/CZE 7.9567821381 423.1154479613 66.2908781731 76.6959412513
Europe/EasternEurope/HUN 74.2476603111 423.1154479613 68.6494982081 76.6959412513
Europe/EasternEurope/POL 142.8971585192 423.1154479613 227.2957289748 76.6959412513
Europe/EasternEurope/ROU 370.1928874941 423.1154479613 45.1479181776 59.8198963064
Europe/EasternEurope/RUS 370.1928874941 482.9353442678 45.1479181776 16.8760449448
Europe/EasternEurope/SVK 415.3408056716 423.1154479613 38.0591206511 76.6959412513
Europe/EasternEurope/UKR 453.3999263227 423.1154479613 10.7149269585 76.6959412513
Europe/NorthernEurope/DNK 0.0000000000 499.8113892126 141.8426211233 90.9533383133
Europe/NorthernEurope/EST 0.0000000000 590.7647275259 13.7732453032 135.8523428671
Europe/NorthernEurope/FIN 13.7732453032 590.7647275259 128.0693758201 135.8523428671
Europe/NorthernEurope/GBR 141.8426211233 499.8113892126 179.0945979454 199.4907438704
Europe/NorthernEurope/IRL 280.7181336656 699.3021330830 40.2190854031 27.3149373099
Europe/NorthernEurope/LTU 188.8117531598 699.3021330830 91.9063805058 27.3149373099
Europe/NorthernEurope/LVA 141.8426211233 699.3021330830 46.9691320365 27.3149373099
Europe/NorthernEurope/NOR 320.9372190687 499.8113892126 143.1776342125 65.9330259508
Europe/NorthernEurope/SWE 320.9372190687 565.7444151634 143.1776342125 160.8726552295
Europe/SouthernEurope/ESP 0.0000000000 726.6170703930 174.5212883417 220.7804519523
Europe/SouthernEurope/GRC 0.0000000000 947.3975223453 93.8666001200 52.6024776547
Europe/SouthernEurope/HRV 93.8666001200 947.3975223453 80.6546882218 52.6024776547
Europe/SouthernEurope/ITA 174.5212883417 726.6170703930 248.0364638166 273.3829296070
Europe/SouthernEurope/PRT 422.5577521584 726.6170703930 41.5571011229 221.8687331201
Europe/SouthernEurope/SVN 422.5577521584 948.4858035131 41.5571011229 51.5141964869
Europe/WesternEurope/AUS 464.1148532812 423.1154479613 278.1996747409 63.2099931169
Europe/WesternEurope/CHE 742.3145280221 423.1154479613 257.6854719779 63.2099931169
Europe/WesternEurope/DEU 464.1148532812 486.3254410782 535.8851467188 321.8504100726
Europe/WesternEurope/FRA 464.1148532812 808.1758511508 393.8182141181 191.8241488492
Europe/WesternEurope/NLD 857.9330673993 808.1758511508 142.0669326007 191.8241488492

Africa/NorthernAfrica/DZA 0.0000000000 0.0000000000 46.7670382006 298.2499672242
Africa/NorthernAfrica/EGY 0.0000000000 298.2499672242 46.7670382006 24.2852975205
Africa/NorthernAfrica/MAR 0.0000000000 322.5352647447 46.7670382006 82.9818341742
Africa/NorthernAfrica/TUN 0.0000000000 405.5170989188 46.7670382006 30.5437336249
America/NorthernAmerica/CAN 46.7670382006 0.0000000000 100.1542257235 436.0608325438
America/NorthernAmerica/MEX 146.9212639241 0.0000000000 3.1866848211 436.0608325438
America/NorthernAmerica/USA 150.1079487452 0.0000000000 598.7034285384 436.0608325438
America/SouthernAmerica/ARG 748.8113772836 0.0000000000 16.3749699328 341.8784075078
America/SouthernAmerica/CHL 748.8113772836 341.8784075078 16.3749699328 94.0006345837
America/SouthernAmerica/COL 748.8113772836 435.8790420915 16.3749699328 0.1817904522
Asia/EasternAsia/CHN 765.1863472164 0.0000000000 234.8136527836 3.2173211260
Asia/EasternAsia/JPN 765.1863472164 3.2173211260 234.8136527836 341.1234412844
Asia/EasternAsia/KOR 765.1863472164 344.3407624103 234.8136527836 49.5162982285
Asia/SouthEasternAsia/IDN 765.1863472164 393.8570606388 8.7132901259 35.1645246004
Asia/SouthEasternAsia/MYS 773.8996373423 393.8570606388 67.6800115779 35.1645246004
Asia/SouthEasternAsia/PHL 841.5796489202 393.8570606388 21.2888795637 35.1645246004
Asia/SouthEasternAsia/SGP 862.8685284838 393.8570606388 85.6085855493 35.1645246004
Asia/SouthEasternAsia/THA 948.4771140331 393.8570606388 0.8422208362 35.1645246004
Asia/WesternAsia/IND 949.3193348693 393.8570606388 7.8022019636 35.1645246004
Asia/WesternAsia/TUR 957.1215368330 393.8570606388 42.8784631670 35.1645246004
AustraliaandNewZealand/NZL 765.1863472164 429.0215852392 234.8136527836 7.0392473046
Europe/EasternEurope/BGR 0.0000000000 436.0608325438 11.0970667396 88.3140271568
Europe/EasternEurope/CZE 11.0970667396 436.0608325438 57.2404722190 88.3140271568
Europe/EasternEurope/HUN 68.3375389587 436.0608325438 72.7191561514 88.3140271568
Europe/EasternEurope/POL 141.0566951100 436.0608325438 211.9094541855 88.3140271568
Europe/EasternEurope/ROU 352.9661492956 436.0608325438 74.0759898017 71.3940878654
Europe/EasternEurope/RUS 352.9661492956 507.4549204091 74.0759898017 16.9199392915
Europe/EasternEurope/SVK 427.0421390973 436.0608325438 42.4752571125 65.2727527543
Europe/EasternEurope/UKR 427.0421390973 501.3335852981 42.4752571125 23.0412744025
Europe/NorthernEurope/DNK 0.0000000000 524.3748597006 144.7823901079 86.0112751586
Europe/NorthernEurope/EST 0.0000000000 610.3861348593 16.5326041645 122.1713743211
Europe/NorthernEurope/FIN 16.5326041645 610.3861348593 128.2497859434 122.1713743211
Europe/NorthernEurope/GBR 144.7823901079 524.3748597006 181.0339983561 173.9019233417
Europe/NorthernEurope/IRL 272.3911388823 698.2767830423 53.4252495817 34.2807261381
Europe/NorthernEurope/LTU 192.5745027326 698.2767830423 79.8166361497 34.2807261381
Europe/NorthernEurope/LVA 144.7823901079 698.2767830423 47.7921126247 34.2807261381
Europe/NorthernEurope/NOR 325.8163884640 524.3748597006 143.7010077458 64.7351568041
Europe/NorthernEurope/SWE 325.8163884640 589.1100165047 143.7010077458 143.4474926757
Europe/SouthernEurope/ESP 0.0000000000 732.5575091804 178.4639307293 218.2413801212
Europe/SouthernEurope/GRC 0.0000000000 950.7988893016 95.3260501087 49.2011106984
Europe/SouthernEurope/HRV 95.3260501087 950.7988893016 83.1378806206 49.2011106984
Europe/SouthernEurope/ITA 178.4639307293 732.5575091804 245.4572347612 267.4424908196
Europe/SouthernEurope/PRT 423.9211654906 732.5575091804 45.5962307192 217.4044353992
Europe/SouthernEurope/SVN 423.9211654906 949.9619445796 45.5962307192 50.0380554204
Europe/WesternEurope/AUS 469.5173962098 436.0608325438 281.9743737886 63.6893687074
Europe/WesternEurope/CHE 751.4917699984 436.0608325438 248.5082300016 63.6893687074
Europe/WesternEurope/DEU 469.5173962098 499.7502012512 530.4826037902 308.6386315585
Europe/WesternEurope/FRA 469.5173962098 808.3888328097 371.2779865941 191.6111671903
Europe/WesternEurope/NLD 840.7953828038 808.3888328097 159.2046171962 191.6111671903

Africa/NorthernAfrica/DZA 0.0000000000 0.0000000000 42.1136447506 307.7378072146
Africa/NorthernAfrica/EGY 0.0000000000 307.7378072146 42.1136447506 20.0680716848
Africa/NorthernAfrica/MAR 0.0000000000 327.8058788994 42.1136447506 94.9902479322
Africa/NorthernAfrica/TUN 0.0000000000 422.7961268316 42.1136447506 34.0507591510
America/NorthernAmerica/CAN 42.1136447506 0.0000000000 97.8462776145 456.8468859826
America/NorthernAmerica/MEX 139.9599223650 0.0000000000 2.1031086438 456.8468859826
America/NorthernAmerica/USA 142.0630310089 0.0000000000 604.7374859675 456.8468859826
America/SouthernAmerica/ARG 746.8005169763 0.0000000000 16.8686280458 347.3382704154
America/SouthernAmerica/CHL 746.8005169763 347.3382704154 16.8686280458 103.7196191199
America/SouthernAmerica/COL 746.8005169763 451.0578895353 16.8686280458 5.7889964474
Asia/EasternAsia/CHN 763.6691450221 0.0000000000 236.3308549779 2.7422693833
Asia/EasternAsia/JPN 763.6691450221 2.7422693833 236.3308549779 359.2057665987
Asia/EasternAsia/KOR 763.6691450221 361.9480359821 236.3308549779 49.9195414943
Asia/SouthEasternAsia/IDN 763.6691450221 411.8675774763 30.3771613354 38.4737516408
Asia/SouthEasternAsia/MYS 794.0463063575 411.8675774763 63.8790749052 38.4737516408
Asia/SouthEasternAsia/PHL 857.9253812627 411.8675774763 33.7256967849 38.4737516408
Asia/SouthEasternAsia/SGP 891.6510780476 411.8675774763 42.9390822234 38.4737516408
Asia/SouthEasternAsia/THA 934.5901602710 411.8675774763 1.5042490496 38.4737516408
Asia/WesternAsia/IND 936.0944093207 411.8675774763 12.5805426946 38.4737516408
Asia/WesternAsia/TUR 948.6749520153 411.8675774763 51.3250479847 38.4737516408
AustraliaandNewZealand/NZL 763.6691450221 450.3413291171 236.3308549779 6.5055568655
Europe/EasternEurope/BGR 0.0000000000 456.8468859826 15.7244947976 85.1891601776
Europe/EasternEurope/CZE 15.7244947976 456.8468859826 51.4801864336 85.1891601776
Europe/EasternEurope/HUN 67.2046812311 456.8468859826 63.0020362305 85.1891601776
Europe/EasternEurope/POL 130.2067174617 456.8468859826 191.7011855418 85.1891601776
Europe/EasternEurope/ROU 321.9079030034 456.8468859826 65.9752351666 85.1891601776
Europe/EasternEurope/RUS 387.8831381700 456.8468859826 82.3081084902 39.3488028380
Europe/EasternEurope/SVK 387.8831381700 496.1956888207 57.5235291871 45.8403573396
Europe/EasternEurope/UKR 445.4066673571 496.1956888207 24.7845793031 45.8403573396
Europe/NorthernEurope/DNK 0.0000000000 542.0360461602 85.9506010042 141.9261674664
Europe/NorthernEurope/EST 85.9506010042 542.0360461602 117.3540792236 16.9575450333
Europe/NorthernEurope/FIN 85.9506010042 558.9935911935 117.3540792236 124.9686224331
Europe/NorthernEurope/GBR 0.0000000000 683.9622136266 176.5912761611 172.8435856267
Europe/NorthernEurope/IRL 0.0000000000 856.8057992534 11.7897302985 143.1942007466
Europe/NorthernEurope/LTU 176.5912761611 756.6442527144 26.7134040667 100.1615465389
Europe/NorthernEurope/LVA 176.5912761611 683.9622136266 26.7134040667 72.6820390878
Europe/NorthernEurope/NOR 11.7897302985 856.8057992534 57.0727321562 143.1942007466
Europe/NorthernEurope/SWE 68.8624624547 856.8057992534 134.4422177731 143.1942007466
Europe/SouthernEurope/ESP 203.3046802278 542.0360461602 208.8386466377 163.3307013847
Europe/SouthernEurope/GRC 412.1433268655 542.0360461602 58.0479197948 96.8426168262
Europe/SouthernEurope/HRV 412.1433268655 638.8786629864 58.0479197948 66.4880845585
Europe/SouthernEurope/ITA 203.3046802278 705.3667475450 266.8865664325 248.6009352122
Europe/SouthernEurope/PRT 203.3046802278 953.9676827572 218.7553554393 46.0323172428
Europe/SouthernEurope/SVN 422.0600356671 953.9676827572 48.1312109931 46.0323172428
Europe/WesternEurope/AUS 470.1912466602 456.8468859826 237.2865204709 56.1763499674
Europe/WesternEurope/CHE 707.4777671311 456.8468859826 292.5222328689 56.1763499674
Europe/WesternEurope/DEU 470.1912466602 513.0232359501 529.8087533398 293.0405070006
Europe/WesternEurope/FRA 470.1912466602 806.0637429507 344.8241501992 193.9362570493
Europe/WesternEurope/NLD 815.0153968595 806.0637429507 184.9846031405 193.9362570493

Africa/NorthernAfrica/DZA 0.0000000000 0.0000000000 37.5891645068 252.1654488552
Africa/NorthernAfrica/EGY 0.0000000000 252.1654488552 37.5891645068 18.4644989366
Africa/NorthernAfrica/MAR 0.0000000000 270.6299477918 37.5891645068 93.5118890936
Africa/NorthernAfrica/TUN 0.0000000000 364.1418368854 37.5891645068 56.9529829752
America/NorthernAmerica/CAN 37.5891645068 0.0000000000 124.0012135924 421.0948198606
America/NorthernAmerica/MEX 161.5903780992 0.0000000000 5.2150783179 421.0948198606
America/NorthernAmerica/USA 166.8054564171 0.0000000000 562.5137119380 421.0948198606
America/SouthernAmerica/ARG 729.3191683551 0.0000000000 17.7547224920 265.0447699386
America/SouthernAmerica/CHL 729.3191683551 265.0447699386 17.7547224920 122.4597822568
America/SouthernAmerica/COL 729.3191683551 387.5045521954 17.7547224920 33.5902676652
Asia/EasternAsia/CHN 747.0738908471 0.0000000000 252.9261091529 4.1470771021
Asia/EasternAsia/JPN 747.0738908471 4.1470771021 252.9261091529 333.2091263942
Asia/EasternAsia/KOR 747.0738908471 337.3562034963 252.9261091529 41.7834413780
Asia/SouthEasternAsia/IDN 747.0738908471 379.1396448743 22.0743240889 33.6991635007
Asia/SouthEasternAsia/MYS 769.1482149361 379.1396448743 77.6105514807 33.6991635007
Asia/SouthEasternAsia/PHL 846.7587664168 379.1396448743 35.1268351903 33.6991635007
Asia/SouthEasternAsia/SGP 881.8856016071 379.1396448743 48.6571283026 33.6991635007
Asia/SouthEasternAsia/THA 930.5427299097 379.1396448743 3.2463428576 33.6991635007
Asia/WesternAsia/IND 933.7890727673 379.1396448743 8.3193335790 33.6991635007
Asia/WesternAsia/TUR 942.1084063463 379.1396448743 57.8915936537 33.6991635007
AustraliaandNewZealand/NZL 747.0738908471 412.8388083750 252.9261091529 8.2560114856
Europe/EasternEurope/BGR 0.0000000000 421.0948198606 20.9866911120 95.3287648239
Europe/EasternEurope/CZE 20.9866911120 421.0948198606 52.1679506059 95.3287648239
Europe/EasternEurope/HUN 73.1546417180 421.0948198606 57.4604242430 95.3287648239
Europe/EasternEurope/POL 130.6150659609 421.0948198606 161.0880468576 95.3287648239
Europe/EasternEurope/ROU 291.7031128185 421.0948198606 77.8250565478 95.3287648239
Europe/EasternEurope/RUS 369.5281693663 421.0948198606 48.4613512280 95.3287648239
Europe/EasternEurope/SVK 417.9895205943 421.0948198606 53.3847742119 52.0949276827
Europe/EasternEurope/UKR 417.9895205943 473.1897475433 53.3847742119 43.2338371413
Europe/NorthernEurope/DNK 0.0000000000 516.4235846845 145.3765709323 87.2582214712
Europe/NorthernEurope/EST 0.0000000000 603.6818061557 21.8042005833 119.5984230851
Europe/NorthernEurope/FIN 21.8042005833 603.6818061557 123.5723703490 119.5984230851
Europe/NorthernEurope/GBR 145.3765709323 516.4235846845 178.0869268219 172.3865427580
Europe/NorthernEurope/IRL 323.4634977543 516.4235846845 147.9107970519 15.4204051105
Europe/NorthernEurope/LTU 212.4616058078 688.8101274425 111.0018919465 34.4701017983
Europe/NorthernEurope/LVA 145.3765709323 688.8101274425 67.0850348755 34.4701017983
Europe/NorthernEurope/NOR 323.4634977543 531.8439897950 147.9107970519 55.7587645530
Europe/NorthernEurope/SWE 323.4634977543 587.6027543481 147.9107970519 135.6774748928
Europe/SouthernEurope/ESP 0.0000000000 723.2802292408 164.8601125608 214.7568582536
Europe/SouthernEurope/GRC 0.0000000000 938.0370874944 102.7531959333 61.9629125056
Europe/SouthernEurope/HRV 102.7531959333 938.0370874944 62.1069166274 61.9629125056
Europe/SouthernEurope/ITA 164.8601125608 723.2802292408 258.1950554020 276.7197707592
Europe/SouthernEurope/PRT 423.0551679628 723.2802292408 48.3191268434 226.3579450050
Europe/SouthernEurope/SVN 423.0551679628 949.6381742458 48.3191268434 50.3618257542
Europe/WesternEurope/AUS 471.3742948062 421.0948198606 257.5795012775 70.7973146527
Europe/WesternEurope/CHE 728.9537960837 421.0948198606 271.0462039163 70.7973146527
Europe/WesternEurope/DEU 471.3742948062 491.8921345133 528.6257051938 303.2288837222
Europe/WesternEurope/FRA 471.3742948062 795.1210182355 351.7062627653 204.8789817645
Europe/WesternEurope/NLD 823.0805575715 795.1210182355 176.9194424285 204.8789817645

Africa/NorthernAfrica/DZA 0.0000000000 0.0000000000 39.4033641042 276.7830787071
Africa/NorthernAfrica/EGY 0.0000000000 276.7830787071 39.4033641042 25.1947550716
Africa/NorthernAfrica/MAR 0.0000000000 301.9778337787 39.4033641042 96.3740177484
Africa/NorthernAfrica/TUN 0.0000000000 398.3518515271 39.4033641042 42.4659888166
America/NorthernAmerica/CAN 39.4033641042 0.0000000000 112.6103056718 440.8178403437
America/NorthernAmerica/MEX 152.0136697760 0.0000000000 3.3273879670 440.8178403437
America/NorthernAmerica/USA 155.3410577431 0.0000000000 573.5211441626 440.8178403437
America/SouthernAmerica/ARG 728.8622019057 0.0000000000 12.7299553356 242.7719214858
America/SouthernAmerica/CHL 728.8622019057 242.7719214858 12.7299553356 140.1004302598
America/SouthernAmerica/COL 728.8622019057 382.8723517456 12.7299553356 57.9454885981
Asia/EasternAsia/CHN 741.5921572412 0.0000000000 258.4078427588 5.1011079257
Asia/EasternAsia/JPN 741.5921572412 5.1011079257 258.4078427588 339.7721179215
Asia/EasternAsia/KOR 741.5921572412 344.8732258472 258.4078427588 43.0801322769
Asia/SouthEasternAsia/IDN 741.5921572412 387.9533581242 15.4399054681 45.0404529959
Asia/SouthEasternAsia/MYS 757.0320627093 387.9533581242 66.9044021868 45.0404529959
Asia/SouthEasternAsia/PHL 823.9364648961 387.9533581242 57.6548332361 45.0404529959
Asia/SouthEasternAsia/SGP 881.5912981322 387.9533581242 64.5477982774 45.0404529959
Asia/SouthEasternAsia/THA 946.1390964096 387.9533581242 2.5991555904 45.0404529959
Asia/WesternAsia/IND 948.7382520000 387.9533581242 5.7687787819 45.0404529959
Asia/WesternAsia/TUR 954.5070307819 387.9533581242 45.4929692181 45.0404529959
AustraliaandNewZealand/NZL 741.5921572412 432.9938111201 258.4078427588 7.8240292236
Europe/EasternEurope/BGR 0.0000000000 440.8178403437 21.1552575972 92.4787731106
Europe/EasternEurope/CZE 21.1552575972 440.8178403437 49.5024108981 92.4787731106
Europe/EasternEurope/HUN 70.6576684953 440.8178403437 51.0962404528 92.4787731106
Europe/EasternEurope/POL 121.7539089481 440.8178403437 163.1381929160 92.4787731106
Europe/EasternEurope/ROU 284.8921018641 440.8178403437 70.0451810278 92.4787731106
Europe/EasternEurope/RUS 354.9372828919 440.8178403437 58.0672511388 92.4787731106
Europe/EasternEurope/SVK 413.0045340307 440.8178403437 48.4447876535 50.5201936847
Europe/EasternEurope/UKR 413.0045340307 491.3380340284 48.4447876535 41.9585794259
Europe/NorthernEurope/DNK 0.0000000000 533.2966134543 128.8887007848 89.1362990018
Europe/NorthernEurope/EST 0.0000000000 622.4329124561 24.8819110200 120.8492608802
Europe/NorthernEurope/FIN 24.8819110200 622.4329124561 104.0067897648 120.8492608802
Europe/NorthernEurope/GBR 128.8887007848 533.2966134543 180.3355277718 174.5460125606
Europe/NorthernEurope/IRL 309.2242285566 533.2966134543 152.2250931276 16.1762938204
Europe/NorthernEurope/LTU 201.1760696425 707.8426260150 108.0481589142 35.4395473213
Europe/NorthernEurope/LVA 128.8887007848 707.8426260150 72.2873688577 35.4395473213
Europe/NorthernEurope/NOR 309.2242285566 549.4729072747 152.2250931276 54.5018243089
Europe/NorthernEurope/SWE 309.2242285566 603.9747315837 152.2250931276 139.3074417526
Europe/SouthernEurope/ESP 0.0000000000 743.2821733363 171.4537907184 196.1494479319
Europe/SouthernEurope/GRC 0.0000000000 939.4316212682 108.6466429904 60.5683787318
Europe/SouthernEurope/HRV 108.6466429904 939.4316212682 62.8071477280 60.5683787318
Europe/SouthernEurope/ITA 171.4537907184 743.2821733363 244.7887958319 256.7178266637
Europe/SouthernEurope/PRT 416.2425865503 743.2821733363 45.2067351339 205.4525318307
Europe/SouthernEurope/SVN 416.2425865503 948.7347051670 45.2067351339 51.2652948330
Europe/WesternEurope/AUS 461.4493216842 440.8178403437 249.8256997635 65.5850207550
Europe/WesternEurope/CHE 711.2750214477 440.8178403437 288.7249785523 65.5850207550
Europe/WesternEurope/DEU 461.4493216842 506.4028610987 538.5506783158 291.1464086193
Europe/WesternEurope/FRA 461.4493216842 797.5492697180 367.9277860847 202.4507302820
Europe/WesternEurope/NLD 829.3771077689 797.5492697180 170.6228922311 202.4507302820

Africa/NorthernAfrica/DZA 0.0000000000 0.0000000000 42.8323878068 306.1525015740
Africa/NorthernAfrica/EGY 0.0000000000 306.1525015740 42.8323878068 20.0919470603
Africa/NorthernAfrica/MAR 0.0000000000 326.2444486344 42.8323878068 88.9363354893
Africa/NorthernAfrica/TUN 0.0000000000 415.1807841236 42.8323878068 14.2874358293
America/NorthernAmerica/CAN 42.8323878068 0.0000000000 108.3723365430 429.4682199530
America/NorthernAmerica/MEX 151.2047243498 0.0000000000 4.7889852199 429.4682199530
America/NorthernAmerica/USA 155.9937095697 0.0000000000 586.7382726805 429.4682199530
America/SouthernAmerica/ARG 742.7319822502 0.0000000000 14.2408709340 265.1149178376
America/SouthernAmerica/CHL 742.7319822502 265.1149178376 14.2408709340 140.0247791700
America/SouthernAmerica/COL 742.7319822502 405.1396970075 14.2408709340 24.3285229454
Asia/EasternAsia/CHN 756.9728531842 0.0000000000 243.0271468158 8.1212622411
Asia/EasternAsia/JPN 756.9728531842 8.1212622411 243.0271468158 317.7117153697
Asia/EasternAsia/KOR 756.9728531842 325.8329776108 243.0271468158 43.2527970661
Asia/SouthEasternAsia/IDN 756.9728531842 369.0857746769 15.1615912470 51.9864079831
Asia/SouthEasternAsia/MYS 772.1344444312 369.0857746769 46.7045455934 51.9864079831
Asia/SouthEasternAsia/PHL 818.8389900247 369.0857746769 55.3580697706 51.9864079831
Asia/SouthEasternAsia/SGP 874.1970597953 369.0857746769 74.6230482374 51.9864079831
Asia/SouthEasternAsia/THA 948.8201080327 369.0857746769 3.1995844877 51.9864079831
Asia/WesternAsia/IND 952.0196925204 369.0857746769 47.9803074796 14.5623531557
Asia/WesternAsia/TUR 952.0196925204 383.6481278326 47.9803074796 37.4240548274
AustraliaandNewZealand/NZL 756.9728531842 421.0721826600 243.0271468158 8.3960372930
Europe/EasternEurope/BGR 0.0000000000 429.4682199530 24.0402441259 100.8862732234
Europe/EasternEurope/CZE 24.0402441259 429.4682199530 99.2694675803 49.7974485591
Europe/EasternEurope/HUN 24.0402441259 479.2656685121 99.2694675803 51.0888246643
Europe/EasternEurope/POL 123.3097117062 429.4682199530 171.9358226798 100.8862732234
Europe/EasternEurope/ROU 295.2455343861 429.4682199530 70.1509716225 100.8862732234
Europe/EasternEurope/RUS 365.3965060085 429.4682199530 54.7028788463 100.8862732234
Europe/EasternEurope/SVK 420.0993848548 429.4682199530 47.2003728773 53.5847657927
Europe/EasternEurope/UKR 420.0993848548 483.0529857456 47.2003728773 47.3015074308
Europe/NorthernEurope/DNK 0.0000000000 530.3544931764 126.1290389439 80.9274408658
Europe/NorthernEurope/EST 0.0000000000 611.2819340422 126.1290389439 30.3860064437
Europe/NorthernEurope/FIN 0.0000000000 641.6679404859 126.1290389439 96.2727280255
Europe/NorthernEurope/GBR 126.1290389439 530.3544931764 173.4805182601 190.1638662253
Europe/NorthernEurope/IRL 299.6095572040 530.3544931764 38.3223065424 80.9045824513
Europe/NorthernEurope/LTU 126.1290389439 720.5183594017 173.4805182601 17.4223091098
Europe/NorthernEurope/LVA 337.9318637464 530.3544931764 32.6265553632 80.9045824513
Europe/NorthernEurope/NOR 370.5584191096 530.3544931764 96.7413386225 80.9045824513
Europe/NorthernEurope/SWE 299.6095572040 611.2590756277 167.6902005281 126.6815928838
Europe/SouthernEurope/ESP 0.0000000000 737.9406685114 181.8749165931 202.6819983748
Europe/SouthernEurope/GRC 0.0000000000 940.6226668862 120.3917834019 59.3773331138
Europe/SouthernEurope/HRV 120.3917834019 940.6226668862 61.4831331912 59.3773331138
Europe/SouthernEurope/ITA 181.8749165931 737.9406685114 242.3800398319 262.0593314886
Europe/SouthernEurope/PRT 424.2549564250 737.9406685114 43.0448013071 218.1751484423
Europe/SouthernEurope/SVN 424.2549564250 956.1158169537 43.0448013071 43.8841830463
Europe/WesternEurope/AUS 467.2997577321 429.4682199530 248.3368703227 70.3454734455
Europe/WesternEurope/CHE 715.6366280547 429.4682199530 284.3633719453 70.3454734455
Europe/WesternEurope/DEU 467.2997577321 499.8136933985 532.7002422679 282.3394738617
Europe/WesternEurope/FRA 467.2997577321 782.1531672602 345.3616074139 217.8468327398
Europe/WesternEurope/NLD 812.6613651460 782.1531672602 187.3386348540 217.8468327398

Africa/NorthernAfrica/DZA 0.0000000000 0.0000000000 43.9920565402 295.3626364009
Africa/NorthernAfrica/EGY 0.0000000000 295.3626364009 43.9920565402 20.7026097593
Africa/NorthernAfrica/MAR 0.0000000000 316.0652461603 43.9920565402 77.0153342718
Africa/NorthernAfrica/TUN 0.0000000000 393.0805804321 43.9920565402 36.5517474190
America/NorthernAmerica/CAN 43.9920565402 0.0000000000 107.5626543524 429.6323278510
America/NorthernAmerica/MEX 151.5547108927 0.0000000000 3.6747464917 429.6323278510
America/NorthernAmerica/USA 155.2294573844 0.0000000000 585.8520437071 429.6323278510
America/SouthernAmerica/ARG 741.0815010915 0.0000000000 15.9640864182 266.0208946511
America/SouthernAmerica/CHL 741.0815010915 266.0208946511 15.9640864182 125.4207204572
America/SouthernAmerica/COL 741.0815010915 391.4416151083 15.9640864182 38.1907127427
Asia/EasternAsia/CHN 757.0455875097 0.0000000000 242.9544124903 7.6548836001
Asia/EasternAsia/JPN 757.0455875097 7.6548836001 242.9544124903 319.2664939236
Asia/EasternAsia/KOR 757.0455875097 326.9213775236 242.9544124903 45.5396887829
Asia/SouthEasternAsia/IDN 757.0455875097 372.4610663066 16.0721060519 49.2026168441
Asia/SouthEasternAsia/MYS 773.1176935616 372.4610663066 52.8554334420 49.2026168441
Asia/SouthEasternAsia/PHL 825.9731270036 372.4610663066 22.5038292507 49.2026168441
Asia/SouthEasternAsia/SGP 848.4769562543 372.4610663066 84.8240065582 49.2026168441
Asia/SouthEasternAsia/THA 933.3009628125 372.4610663066 2.8764222458 49.2026168441
Asia/WesternAsia/IND 936.1773850583 372.4610663066 21.0150254580 49.2026168441
Asia/WesternAsia/TUR 957.1924105162 372.4610663066 42.8075894838 49.2026168441
AustraliaandNewZealand/NZL 757.0455875097 421.6636831506 242.9544124903 7.9686447004
Europe/EasternEurope/BGR 0.0000000000 429.6323278510 24.4074570076 98.8631118797
Europe/EasternEurope/CZE 24.4074570076 429.6323278510 54.2934045022 98.8631118797
Europe/EasternEurope/HUN 78.7008615098 429.6323278510 49.1410673774 98.8631118797
Europe/EasternEurope/POL 127.8419288872 429.6323278510 168.4193970444 98.8631118797
Europe/EasternEurope/ROU 296.2613259316 429.6323278510 77.6481306862 98.8631118797
Europe/EasternEurope/RUS 373.9094566178 429.6323278510 53.2789546936 98.8631118797
Europe/EasternEurope/SVK 427.1884113114 429.6323278510 45.8281584738 51.2244165240
Europe/EasternEurope/UKR 427.1884113114 480.8567443751 45.8281584738 47.6386953556
Europe/NorthernEurope/DNK 0.0000000000 528.4954397307 89.7081884609 122.3252904446
Europe/NorthernEurope/EST 89.7081884609 528.4954397307 26.7119076094 122.3252904446
Europe/NorthernEurope/FIN 116.4200960703 528.4954397307 103.4194806975 122.3252904446
Europe/NorthernEurope/GBR 0.0000000000 650.8207301753 205.3359977275 187.9496696399
Europe/NorthernEurope/IRL 0.0000000000 838.7703998153 84.0512996928 33.5427227701
Europe/NorthernEurope/LTU 205.3359977275 650.8207301753 14.5035790403 187.9496696399
Europe/NorthernEurope/LVA 0.0000000000 872.3131225854 84.0512996928 29.6661862934
Europe/NorthernEurope/NOR 0.0000000000 901.9793088788 84.0512996928 98.0206911212
Europe/NorthernEurope/SWE 84.0512996928 838.7703998153 135.7882770750 161.2296001847
Europe/SouthernEurope/ESP 219.8395767677 528.4954397307 189.3924335028 184.6708457873
Europe/SouthernEurope/GRC 409.2320102706 528.4954397307 63.7845595146 125.5529593577
Europe/SouthernEurope/HRV 409.2320102706 654.0483990885 63.7845595146 59.1178864296
Europe/SouthernEurope/ITA 219.8395767677 713.1662855180 253.1769930174 242.6961653010
Europe/SouthernEurope/PRT 219.8395767677 955.8624508191 206.0490717978 44.1375491809
Europe/SouthernEurope/SVN 425.8886485655 955.8624508191 47.1279212196 44.1375491809
Europe/WesternEurope/AUS 473.0165697851 429.6323278510 256.2653372581 66.2782830504
Europe/WesternEurope/CHE 729.2819070432 429.6323278510 270.7180929568 66.2782830504
Europe/WesternEurope/DEU 473.0165697851 495.9106109015 526.9834302149 298.0431922034
Europe/WesternEurope/FRA 473.0165697851 793.9538031049 340.2537104148 206.0461968951
Europe/WesternEurope/NLD 813.2702801999 793.9538031049 186.7297198001 206.0461968951

Africa/NorthernAfrica/DZA 0.0000000000 0.0000000000 36.1639306770 300.7537850810
Africa/NorthernAfrica/EGY 0.0000000000 300.7537850810 36.1639306770 21.8426811048
Africa/NorthernAfrica/MAR 0.0000000000 322.5964661858 36.1639306770 82.4516988231
Africa/NorthernAfrica/TUN 0.0000000000 405.0481650090 36.1639306770 26.7936688165
America/NorthernAmerica/CAN 36.1639306770 0.0000000000 108.6815810248 431.8418338255
America/NorthernAmerica/MEX 144.8455117018 0.0000000000 1.3471666803 431.8418338255
America/NorthernAmerica/USA 146.1926783822 0.0000000000 572.8681089569 431.8418338255
America/SouthernAmerica/ARG 719.0607873391 0.0000000000 19.4325019815 214.3167899387
America/SouthernAmerica/CHL 719.0607873391 214.3167899387 19.4325019815 107.4921592657
America/SouthernAmerica/COL 719.0607873391 321.8089492043 19.4325019815 110.0328846211
Asia/EasternAsia/CHN 738.4932893206 0.0000000000 261.5067106794 7.4267639161
Asia/EasternAsia/JPN 738.4932893206 7.4267639161 261.5067106794 312.4895004267
Asia/EasternAsia/KOR 738.4932893206 319.9162643429 261.5067106794 45.9434820851
Asia/SouthEasternAsia/IDN 738.4932893206 365.8597464280 9.0988475934 58.4190599823
Asia/SouthEasternAsia/MYS 747.5921369140 365.8597464280 41.7005924280 58.4190599823
Asia/SouthEasternAsia/PHL 789.2927293420 365.8597464280 41.8996585069 58.4190599823
Asia/SouthEasternAsia/SGP 831.1923878488 365.8597464280 73.6640649634 58.4190599823
Asia/SouthEasternAsia/THA 904.8564528122 365.8597464280 2.4343926010 58.4190599823
Asia/WesternAsia/IND 907.2908454132 365.8597464280 59.1062490379 58.4190599823
Asia/WesternAsia/TUR 966.3970944511 365.8597464280 33.6029055489 58.4190599823
AustraliaandNewZealand/NZL 738.4932893206 424.2788064103 261.5067106794 7.5630274152
Europe/EasternEurope/BGR 0.0000000000 431.8418338255 24.4498345107 99.8573341219
Europe/EasternEurope/CZE 24.4498345107 431.8418338255 58.5294647025 99.8573341219
Europe/EasternEurope/HUN 82.9792992131 431.8418338255 46.3301795663 99.8573341219
Europe/EasternEurope/POL 129.3094787795 431.8418338255 159.5958308675 99.8573341219
Europe/EasternEurope/ROU 288.9053096469 431.8418338255 74.1809112774 99.8573341219
Europe/EasternEurope/RUS 363.0862209244 431.8418338255 60.7350206792 99.8573341219
Europe/EasternEurope/SVK 423.8212416035 431.8418338255 47.6726312186 42.6464812676
Europe/EasternEurope/UKR 423.8212416035 474.4883150931 47.6726312186 57.2108528543
Europe/NorthernEurope/DNK 0.0000000000 531.6991679474 83.9009712636 128.2964525775
Europe/NorthernEurope/EST 83.9009712636 531.6991679474 28.2379295201 128.2964525775
Europe/NorthernEurope/FIN 112.1389007837 531.6991679474 104.6564323886 128.2964525775
Europe/NorthernEurope/GBR 0.0000000000 659.9956205249 183.0140013848 178.5878508116
Europe/NorthernEurope/IRL 0.0000000000 838.5834713365 14.8972461934 161.4165286635
Europe/NorthernEurope/LTU 183.0140013848 726.3870594089 33.7813317875 112.1964119276
Europe/NorthernEurope/LVA 183.0140013848 659.9956205249 33.7813317875 66.3914388841
Europe/NorthernEurope/NOR 14.8972461934 838.5834713365 55.6753104529 161.4165286635
Europe/NorthernEurope/SWE 70.5725566463 838.5834713365 146.2227765260 161.4165286635
Europe/SouthernEurope/ESP 216.7953331723 531.6991679474 195.9445070813 182.2600126863
Europe/SouthernEurope/GRC 412.7398402536 531.6991679474 58.7540325685 123.8188654259
Europe/SouthernEurope/HRV 412.7398402536 655.5180333732 58.7540325685 58.4411472605
Europe/SouthernEurope/ITA 216.7953331723 713.9591806337 254.6985396498 246.2368248809
Europe/SouthernEurope/PRT 216.7953331723 960.1960055146 208.2523537819 39.8039944854
Europe/SouthernEurope/SVN 425.0476869542 960.1960055146 46.4461858679 39.8039944854
Europe/WesternEurope/AUS 471.4938728221 431.8418338255 227.9947918000 69.6208602256
Europe/WesternEurope/CHE 699.4886646221 431.8418338255 300.5113353779 69.6208602256
Europe/WesternEurope/DEU 471.4938728221 501.4626940511 528.5061271779 311.0601534229
Europe/WesternEurope/FRA 471.4938728221 812.5228474740 348.2700049521 187.4771525260
Europe/WesternEurope/NLD 819.7638777742 812.5228474740 180.2361222258 187.4771525260

Africa/NorthernAfrica/DZA 0.0000000000 0.0000000000 40.7464925753 280.3498074813
Africa/NorthernAfrica/EGY 0.0000000000 280.3498074813 40.7464925753 18.5807915197
Africa/NorthernAfrica/MAR 0.0000000000 298.9305990009 40.7464925753 87.9731689043
Africa/NorthernAfrica/TUN 0.0000000000 386.9037679053 40.7464925753 30.3377935151
America/NorthernAmerica/CAN 40.7464925753 0.0000000000 111.6962850854 417.2415614204
America/NorthernAmerica/MEX 152.4427776607 0.0000000000 1.9789044489 417.2415614204
America/NorthernAmerica/USA 154.4216821095 0.0000000000 572.2794998554 417.2415614204
America/SouthernAmerica/ARG 726.7011819650 0.0000000000 19.0870336081 203.6839270456
America/SouthernAmerica/CHL 726.7011819650 203.6839270456 19.0870336081 106.8050417558
America/SouthernAmerica/COL 726.7011819650 310.4889688014 19.0870336081 106.7525926190
Asia/EasternAsia/CHN 745.7882155730 0.0000000000 254.2117844270 10.4704363972
Asia/EasternAsia/JPN 745.7882155730 10.4704363972 254.2117844270 298.0006424412
Asia/EasternAsia/KOR 745.7882155730 308.4710788384 254.2117844270 47.4643603955
Asia/SouthEasternAsia/IDN 745.7882155730 355.9354392339 16.2626409009 53.6163330149
Asia/SouthEasternAsia/MYS 762.0508564739 355.9354392339 78.9088514879 53.6163330149
Asia/SouthEasternAsia/PHL 840.9597079618 355.9354392339 17.9063431286 53.6163330149
Asia/SouthEasternAsia/SGP 858.8660510904 355.9354392339 72.4357651619 53.6163330149
Asia/SouthEasternAsia/THA 931.3018162523 355.9354392339 2.8673284432 53.6163330149
Asia/WesternAsia/IND 934.1691446955 355.9354392339 29.1905776371 53.6163330149
Asia/WesternAsia/TUR 963.3597223326 355.9354392339 36.6402776674 53.6163330149
AustraliaandNewZealand/NZL 745.7882155730 409.5517722488 254.2117844270 7.6897891716
Europe/EasternEurope/BGR 0.0000000000 417.2415614204 22.2130397906 111.4656165709
Europe/EasternEurope/CZE 22.2130397906 417.2415614204 102.7344660849 64.9377172347
Europe/EasternEurope/HUN 22.2130397906 482.1792786551 102.7344660849 46.5278993362
Europe/EasternEurope/POL 124.9475058755 417.2415614204 137.2984543982 111.4656165709
Europe/EasternEurope/ROU 262.2459602737 417.2415614204 66.3421454143 111.4656165709
Europe/EasternEurope/RUS 328.5881056880 417.2415614204 80.2860444767 111.4656165709
Europe/EasternEurope/SVK 408.8741501647 417.2415614204 51.5318143310 58.9111819863
Europe/EasternEurope/UKR 408.8741501647 476.1527434066 51.5318143310 52.5544345847
Europe/NorthernEurope/DNK 0.0000000000 528.7071779913 123.0219738996 79.1303863912
Europe/NorthernEurope/EST 0.0000000000 607.8375643825 123.0219738996 25.6595872388
Europe/NorthernEurope/FIN 0.0000000000 633.4971516213 123.0219738996 102.6988870342
Europe/NorthernEurope/GBR 123.0219738996 528.7071779913 182.9594350918 175.1403733471
Europe/NorthernEurope/IRL 305.9814089914 528.7071779913 154.4245555044 14.6478278246
Europe/NorthernEurope/LTU 195.8642911979 703.8475513384 110.1171177935 32.3484873171
Europe/NorthernEurope/LVA 123.0219738996 703.8475513384 72.8423172983 32.3484873171
Europe/NorthernEurope/NOR 305.9814089914 543.3550058159 154.4245555044 50.5116674421
Europe/NorthernEurope/SWE 305.9814089914 593.8666732579 154.4245555044 142.3293653975
Europe/SouthernEurope/ESP 0.0000000000 736.1960386555 175.4193246011 205.6080255747
Europe/SouthernEurope/GRC 0.0000000000 941.8040642302 114.1552106080 58.1959357698
Europe/SouthernEurope/HRV 114.1552106080 941.8040642302 61.2641139931 58.1959357698
Europe/SouthernEurope/ITA 175.4193246011 736.1960386555 245.2288992098 263.8039613445
Europe/SouthernEurope/PRT 420.6482238109 736.1960386555 39.7577406848 217.8531603599
Europe/SouthernEurope/SVN 420.6482238109 954.0491990154 39.7577406848 45.9508009846
Europe/WesternEurope/AUS 460.4059644957 417.2415614204 268.2677414107 69.1385077030
Europe/WesternEurope/CHE 728.6737059065 417.2415614204 271.3262940935 69.1385077030
Europe/WesternEurope/DEU 460.4059644957 486.3800691234 539.5940355043 322.3621100920
Europe/WesternEurope/FRA 460.4059644957 808.7421792153 356.4196103278 191.2578207847
Europe/WesternEurope/NLD 816.8255748235 808.7421792153 183.1744251765 191.2578207847

Africa/NorthernAfrica/DZA 0.0000000000 0.0000000000 50.8261970217 272.1738532195
Africa/NorthernAfrica/EGY 0.0000000000 272.1738532195 50.8261970217 16.9757557952
Africa/NorthernAfrica/MAR 0.0000000000 289.1496090147 50.8261970217 83.4611267802
Africa/NorthernAfrica/TUN 0.0000000000 372.6107357949 50.8261970217 29.9582183540
America/NorthernAmerica/CAN 50.8261970217 0.0000000000 104.9723039131 402.5689541489
America/NorthernAmerica/MEX 155.7985009348 0.0000000000 2.0508478654 402.5689541489
America/NorthernAmerica/USA 157.8493488002 0.0000000000 561.8374663102 402.5689541489
America/SouthernAmerica/ARG 719.6868151104 0.0000000000 18.5543238377 240.1063649304
America/SouthernAmerica/CHL 719.6868151104 240.1063649304 18.5543238377 119.3728630160
America/SouthernAmerica/COL 719.6868151104 359.4792279464 18.5543238377 43.0897262025
Asia/EasternAsia/CHN 738.2411389481 0.0000000000 261.7588610519 11.4364882764
Asia/EasternAsia/JPN 738.2411389481 11.4364882764 261.7588610519 252.6160174384
Asia/EasternAsia/KOR 738.2411389481 264.0525057148 261.7588610519 48.2983610334
Asia/SouthEasternAsia/IDN 738.2411389481 312.3508667483 58.8339190069 82.5195406216
Asia/SouthEasternAsia/MYS 797.0750579550 312.3508667483 66.5478058468 82.5195406216
Asia/SouthEasternAsia/PHL 863.6228638018 312.3508667483 78.7017110770 31.3411138222
Asia/SouthEasternAsia/SGP 863.6228638018 343.6919805705 75.1531081746 51.1784267994
Asia/SouthEasternAsia/THA 938.7759719763 343.6919805705 3.5486029025 51.1784267994
Asia/WesternAsia/IND 942.3245748788 312.3508667483 57.6754251212 35.9023387132
Asia/WesternAsia/TUR 942.3245748788 348.2532054614 57.6754251212 46.6172019084
AustraliaandNewZealand/NZL 738.2411389481 394.8704073698 261.7588610519 7.6985467791
Europe/EasternEurope/BGR 0.0000000000 402.5689541489 23.3963914907 116.0693854065
Europe/EasternEurope/CZE 23.3963914907 402.5689541489 106.6796567954 70.0001877563
Europe/EasternEurope/HUN 23.3963914907 472.5691419052 106.6796567954 46.0691976502
Europe/EasternEurope/POL 130.0760482861 402.5689541489 112.2152188887 116.0693854065
Europe/EasternEurope/ROU 242.2912671748 402.5689541489 60.5695076071 116.0693854065
Europe/EasternEurope/RUS 302.8607747819 402.5689541489 91.2432312347 116.0693854065
Europe/EasternEurope/SVK 394.1040060165 402.5689541489 71.3013004359 72.4987463761
Europe/EasternEurope/UKR 394.1040060165 475.0677005251 71.3013004359 43.5706390303
Europe/NorthernEurope/DNK 0.0000000000 518.6383395554 121.3025188305 77.2685633883
Europe/NorthernEurope/EST 0.0000000000 595.9069029437 121.3025188305 28.9034547521
Europe/NorthernEurope/FIN 0.0000000000 624.8103576957 121.3025188305 97.8097217733
Europe/NorthernEurope/GBR 121.3025188305 518.6383395554 173.3166547341 191.6429041138
Europe/NorthernEurope/IRL 294.6191735646 518.6383395554 29.7188621860 75.4532581118
Europe/NorthernEurope/LTU 121.3025188305 710.2812436692 173.3166547341 12.3388357999
Europe/NorthernEurope/LVA 324.3380357506 518.6383395554 32.8303745402 75.4532581118
Europe/NorthernEurope/NOR 357.1684102908 518.6383395554 108.2368961616 75.4532581118
Europe/NorthernEurope/SWE 294.6191735646 594.0915976672 170.7861328878 128.5284818018
Europe/SouthernEurope/ESP 0.0000000000 722.6200794691 179.3995237783 213.3813740294
Europe/SouthernEurope/GRC 0.0000000000 936.0014534984 121.1791427892 63.9985465016
Europe/SouthernEurope/HRV 121.1791427892 936.0014534984 58.2203809891 63.9985465016
Europe/SouthernEurope/ITA 179.3995237783 722.6200794691 244.2472482427 277.3799205309
Europe/SouthernEurope/PRT 423.6467720210 722.6200794691 41.7585344314 228.2571349704
Europe/SouthernEurope/SVN 423.6467720210 950.8772144395 41.7585344314 49.1227855605
Europe/WesternEurope/AUS 465.4053064524 402.5689541489 289.4408020755 82.7032441742
Europe/WesternEurope/CHE 754.8461085279 402.5689541489 245.1538914721 82.7032441742
Europe/WesternEurope/DEU 465.4053064524 485.2721983231 534.5946935476 316.1020410905
Europe/WesternEurope/FRA 465.4053064524 801.3742394136 353.2152373562 198.6257605864
Europe/WesternEurope/NLD 818.6205438087 801.3742394136 181.3794561913 198.6257605864

Africa/NorthernAfrica/DZA 0.0000000000 0.0000000000 62.5198592698 251.6491782941
Africa/NorthernAfrica/EGY 0.0000000000 251.6491782941 62.5198592698 46.7714687645
Africa/NorthernAfrica/MAR 0.0000000000 298.4206470586 62.5198592698 64.3253849789
Africa/NorthernAfrica/TUN 0.0000000000 362.7460320375 62.5198592698 35.4482342868
America/NorthernAmerica/CAN 62.5198592698 0.0000000000 102.4204849602 398.1942663243
America/NorthernAmerica/MEX 164.9403442300 0.0000000000 2.2659123654 398.1942663243
America/NorthernAmerica/USA 167.2062565954 0.0000000000 552.9900506519 398.1942663243
America/SouthernAmerica/ARG 720.1963072473 0.0000000000 18.2973181257 227.1138194223
America/SouthernAmerica/CHL 720.1963072473 227.1138194223 18.2973181257 113.3991474250
America/SouthernAmerica/COL 720.1963072473 340.5129668473 18.2973181257 57.6812994770
Asia/EasternAsia/CHN 738.4936253730 0.0000000000 261.5063746270 12.9225694620
Asia/EasternAsia/JPN 738.4936253730 12.9225694620 261.5063746270 250.6304885292
Asia/EasternAsia/KOR 738.4936253730 263.5530579912 261.5063746270 57.2146882706
Asia/SouthEasternAsia/IDN 738.4936253730 320.7677462618 13.5385795826 70.4577169460
Asia/SouthEasternAsia/MYS 752.0322049556 320.7677462618 76.0172809541 70.4577169460
Asia/SouthEasternAsia/PHL 828.0494859097 320.7677462618 30.6107734121 70.4577169460
Asia/SouthEasternAsia/SGP 858.6602593218 320.7677462618 64.3849125024 41.7936128556
Asia/SouthEasternAsia/THA 858.6602593218 362.5613591175 64.3849125024 28.6641040904
Asia/WesternAsia/IND 923.0451718242 320.7677462618 43.1176635696 70.4577169460
Asia/WesternAsia/TUR 966.1628353938 320.7677462618 33.8371646062 70.4577169460
AustraliaandNewZealand/NZL 738.4936253730 391.2254632079 261.5063746270 6.9688031164
Europe/EasternEurope/BGR 0.0000000000 398.1942663243 35.3828840348 125.5037140759
Europe/EasternEurope/CZE 35.3828840348 398.1942663243 95.7989808215 78.6905555711
Europe/EasternEurope/HUN 35.3828840348 476.8848218954 95.7989808215 46.8131585048
Europe/EasternEurope/POL 131.1818648563 398.1942663243 111.4025886254 125.5037140759
Europe/EasternEurope/ROU 242.5844534817 398.1942663243 55.8353953074 125.5037140759
Europe/EasternEurope/RUS 298.4198487890 398.1942663243 100.5292944841 125.5037140759
Europe/EasternEurope/SVK 398.9491432731 398.1942663243 82.1587729608 79.7325902547
Europe/EasternEurope/UKR 398.9491432731 477.9268565790 82.1587729608 45.7711238212
Europe/NorthernEurope/DNK 0.0000000000 523.6979804002 74.5288277232 128.6725417791
Europe/NorthernEurope/EST 74.5288277232 523.6979804002 122.9076331022 26.7117588271
Europe/NorthernEurope/FIN 74.5288277232 550.4097392273 122.9076331022 101.9607829521
Europe/NorthernEurope/GBR 0.0000000000 652.3705221793 187.7802280438 174.9033106726
Europe/NorthernEurope/IRL 0.0000000000 827.2738328519 67.5456781229 26.5434193610
Europe/NorthernEurope/LTU 187.7802280438 652.3705221793 9.6562327815 174.9033106726
Europe/NorthernEurope/LVA 0.0000000000 853.8172522129 67.5456781229 30.5216993885
Europe/NorthernEurope/NOR 0.0000000000 884.3389516014 67.5456781229 115.6610483986
Europe/NorthernEurope/SWE 67.5456781229 827.2738328519 129.8907827025 172.7261671481
Europe/SouthernEurope/ESP 197.4364608253 523.6979804002 218.4249318962 181.2414569558
Europe/SouthernEurope/GRC 415.8613927215 523.6979804002 65.2465235124 129.4996483943
Europe/SouthernEurope/HRV 415.8613927215 653.1976287945 65.2465235124 51.7418085615
Europe/SouthernEurope/ITA 197.4364608253 704.9394373560 283.6714554086 251.6828530188
Europe/SouthernEurope/PRT 197.4364608253 956.6222903747 237.6639569375 43.3777096253
Europe/SouthernEurope/SVN 435.1004177628 956.6222903747 46.0074984711 43.3777096253
Europe/WesternEurope/AUS 481.1079162339 398.1942663243 268.5291331467 87.1874889805
Europe/WesternEurope/CHE 749.6370493806 398.1942663243 250.3629506194 87.1874889805
Europe/WesternEurope/DEU 481.1079162339 485.3817553047 518.8920837661 331.9105836518
Europe/WesternEurope/FRA 481.1079162339 817.2923389565 391.0944632293 182.7076610435
Europe/WesternEurope/NLD 872.2023794633 817.2923389565 127.7976205367 182.7076610435

Africa/NorthernAfrica/DZA 0.0000000000 0.0000000000 55.3526908639 234.5454129196
Africa/NorthernAfrica/EGY 0.0000000000 234.5454129196 55.3526908639 55.4802010319
Africa/NorthernAfrica/MAR 0.0000000000 290.0256139515 55.3526908639 77.3474048921
Africa/NorthernAfrica/TUN 0.0000000000 367.3730188436 55.3526908639 27.3728442198
America/NorthernAmerica/CAN 55.3526908639 0.0000000000 110.8431651183 394.7458630634
America/NorthernAmerica/MEX 166.1958559822 0.0000000000 2.1906659527 394.7458630634
America/NorthernAmerica/USA 168.3865219349 0.0000000000 548.4799648239 394.7458630634
America/SouthernAmerica/ARG 716.8664867588 0.0000000000 25.4842503838 142.4188942844
America/SouthernAmerica/CHL 716.8664867588 142.4188942844 25.4842503838 69.1320680072
America/SouthernAmerica/COL 716.8664867588 211.5509622916 25.4842503838 183.1949007717
Asia/EasternAsia/CHN 742.3507371425 0.0000000000 257.6492628575 11.0475103586
Asia/EasternAsia/JPN 742.3507371425 11.0475103586 257.6492628575 250.1487521009
Asia/EasternAsia/KOR 742.3507371425 261.1962624596 257.6492628575 59.9563848380
Asia/SouthEasternAsia/IDN 742.3507371425 321.1526472976 21.4358748899 65.2404777782
Asia/SouthEasternAsia/MYS 763.7866120324 321.1526472976 64.0088221707 65.2404777782
Asia/SouthEasternAsia/PHL 827.7954342030 321.1526472976 40.4164754917 65.2404777782
Asia/SouthEasternAsia/SGP 868.2119096947 321.1526472976 47.6835016952 51.8197938058
Asia/SouthEasternAsia/THA 868.2119096947 372.9724411034 47.6835016952 13.4206839724
Asia/WesternAsia/IND 915.8954113900 321.1526472976 46.2385100127 65.2404777782
Asia/WesternAsia/TUR 962.1339214027 321.1526472976 37.8660785973 65.2404777782
AustraliaandNewZealand/NZL 742.3507371425 386.3931250758 257.6492628575 8.3527379876
Europe/EasternEurope/BGR 0.0000000000 394.7458630634 118.2125214737 36.9709788171
Europe/EasternEurope/CZE 0.0000000000 431.7168418805 71.0306717719 105.9333943774
Europe/EasternEurope/HUN 71.0306717719 431.7168418805 47.1818497018 105.9333943774
Europe/EasternEurope/POL 118.2125214737 394.7458630634 130.8226049071 142.9043731944
Europe/EasternEurope/ROU 249.0351263807 394.7458630634 51.6718876359 142.9043731944
Europe/EasternEurope/RUS 300.7070140166 394.7458630634 96.8613935320 142.9043731944
Europe/EasternEurope/SVK 397.5684075486 394.7458630634 87.6289229921 98.2291425178
Europe/EasternEurope/UKR 397.5684075486 492.9750055812 87.6289229921 44.6752306766
Europe/NorthernEurope/DNK 0.0000000000 537.6502362578 74.6736566099 122.8015012999
Europe/NorthernEurope/EST 74.6736566099 537.6502362578 27.4695422302 122.8015012999
Europe/NorthernEurope/FIN 102.1431988401 537.6502362578 102.2432724066 122.8015012999
Europe/NorthernEurope/GBR 0.0000000000 660.4517375577 192.4578979479 175.2910982054
Europe/NorthernEurope/IRL 0.0000000000 835.7428357631 72.2524157453 30.6814182206
Europe/NorthernEurope/LTU 192.4578979479 660.4517375577 11.9285732987 175.2910982054
Europe/NorthernEurope/LVA 0.0000000000 866.4242539837 72.2524157453 23.1543490006
Europe/NorthernEurope/NOR 0.0000000000 889.5786029843 72.2524157453 110.4213970157
Europe/NorthernEurope/SWE 72.2524157453 835.7428357631 132.1340555014 164.2571642369
Europe/SouthernEurope/ESP 204.3864712467 537.6502362578 212.2232406100 170.0740383534
Europe/SouthernEurope/GRC 416.6097118567 537.6502362578 68.5876186840 124.1628968167
Europe/SouthernEurope/HRV 416.6097118567 661.8131330745 68.5876186840 45.9111415367
Europe/SouthernEurope/ITA 204.3864712467 707.7242746112 280.8108592940 244.8551701181
Europe/SouthernEurope/PRT 204.3864712467 952.5794447293 238.8859688318 47.4205552707
Europe/SouthernEurope/SVN 443.2724400784 952.5794447293 41.9248904622 47.4205552707
Europe/WesternEurope/AUS 485.1973305407 394.7458630634 234.7399900846 83.7953831407
Europe/WesternEurope/CHE 719.9373206252 394.7458630634 280.0626793748 83.7953831407
Europe/WesternEurope/DEU 485.1973305407 478.5412462041 514.8026694593 310.8189826268
Europe/WesternEurope/FRA 485.1973305407 789.3602288308 382.0669243875 210.6397711692
Europe/WesternEurope/NLD 867.2642549282 789.3602288308 132.7357450718 210.6397711692

Africa/NorthernAfrica/DZA 0.0000000000 0.0000000000 41.1053038718 246.7541131716
Africa/NorthernAfrica/EGY 0.0000000000 246.7541131716 41.1053038718 44.2587263371
Africa/NorthernAfrica/MAR 0.0000000000 291.0128395087 41.1053038718 77.7747934714
Africa/NorthernAfrica/TUN 0.0000000000 368.7876329801 41.1053038718 33.2740568835
America/NorthernAmerica/CAN 41.1053038718 0.0000000000 113.6716814757 402.0616898636
America/NorthernAmerica/MEX 154.7769853476 0.0000000000 5.5764878452 402.0616898636
America/NorthernAmerica/USA 160.3534731927 0.0000000000 549.6503383934 402.0616898636
America/SouthernAmerica/ARG 710.0038115861 0.0000000000 24.1242038025 158.6688526059
America/SouthernAmerica/CHL 710.0038115861 158.6688526059 24.1242038025 88.3336725605
America/SouthernAmerica/COL 710.0038115861 247.0025251665 24.1242038025 155.0591646971
Asia/EasternAsia/CHN 734.1280153886 0.0000000000 265.8719846114 12.4696251892
Asia/EasternAsia/JPN 734.1280153886 12.4696251892 265.8719846114 248.8829629598
Asia/EasternAsia/KOR 734.1280153886 261.3525881490 265.8719846114 65.7895412021
Asia/SouthEasternAsia/IDN 734.1280153886 327.1421293511 24.3805561899 67.2866570643
Asia/SouthEasternAsia/MYS 758.5085715785 327.1421293511 77.6815112490 67.2866570643
Asia/SouthEasternAsia/PHL 836.1900828275 327.1421293511 30.4666100005 67.2866570643
Asia/SouthEasternAsia/SGP 866.6566928280 327.1421293511 50.1474883989 41.9894985663
Asia/SouthEasternAsia/THA 866.6566928280 369.1316279174 50.1474883989 25.2971584980
Asia/WesternAsia/IND 916.8041812269 327.1421293511 41.9792857704 67.2866570643
Asia/WesternAsia/TUR 958.7834669973 327.1421293511 41.2165330027 67.2866570643
AustraliaandNewZealand/NZL 734.1280153886 394.4287864154 265.8719846114 7.6329034482
Europe/EasternEurope/BGR 0.0000000000 402.0616898636 104.0647622745 36.1227055509
Europe/EasternEurope/CZE 0.0000000000 438.1843954145 63.9523767791 102.9928924474
Europe/EasternEurope/HUN 63.9523767791 438.1843954145 40.1123854954 102.9928924474
Europe/EasternEurope/POL 104.0647622745 402.0616898636 124.8486391862 139.1155979983
Europe/EasternEurope/ROU 228.9134014607 402.0616898636 48.6704203330 139.1155979983
Europe/EasternEurope/RUS 277.5838217938 402.0616898636 112.6719354980 139.1155979983
Europe/EasternEurope/SVK 390.2557572917 402.0616898636 78.3692945497 89.1486824274
Europe/EasternEurope/UKR 390.2557572917 491.2103722911 78.3692945497 49.9669155708
Europe/NorthernEurope/DNK 0.0000000000 541.1772878619 80.3983310492 121.7881593805
Europe/NorthernEurope/EST 80.3983310492 541.1772878619 19.7229087431 121.7881593805
Europe/NorthernEurope/FIN 100.1212397923 541.1772878619 113.7534474406 121.7881593805
Europe/NorthernEurope/GBR 0.0000000000 662.9654472424 179.9146068681 179.0757889890
Europe/NorthernEurope/IRL 0.0000000000 842.0412362314 10.7050589524 157.9587637686
Europe/NorthernEurope/LTU 179.9146068681 716.3730326977 33.9600803648 125.6682035337
Europe/NorthernEurope/LVA 179.9146068681 662.9654472424 33.9600803648 53.4075854553
Europe/NorthernEurope/NOR 10.7050589524 842.0412362314 53.0737881422 157.9587637686
Europe/NorthernEurope/SWE 63.7788470946 842.0412362314 150.0958401383 157.9587637686
Europe/SouthernEurope/ESP 213.8746872329 541.1772878619 200.2492816660 172.2909069805
Europe/SouthernEurope/GRC 414.1239688989 541.1772878619 54.5010829426 123.0451291014
Europe/SouthernEurope/HRV 414.1239688989 664.2224169633 54.5010829426 49.2457778792
Europe/SouthernEurope/ITA 213.8746872329 713.4681948425 254.7503646086 240.8032641000
Europe/SouthernEurope/PRT 213.8746872329 954.2714589424 215.8042311531 45.7285410576
Europe/SouthernEurope/SVN 429.6789183860 954.2714589424 38.9461334555 45.7285410576
Europe/WesternEurope/AUS 468.6250518415 402.0616898636 216.6341756578 83.5294138494
Europe/WesternEurope/CHE 685.2592274993 402.0616898636 314.7407725007 83.5294138494
Europe/WesternEurope/DEU 468.6250518415 485.5911037130 531.3749481585 312.4668161497
Europe/WesternEurope/FRA 468.6250518415 798.0579198627 391.8750282167 201.9420801373
Europe/WesternEurope/NLD 860.5000800582 798.0579198627 139.4999199418 201.9420801373

Africa/NorthernAfrica/DZA 0.0000000000 0.0000000000 38.3499873402 252.0283877147
Africa/NorthernAfrica/EGY 0.0000000000 252.0283877147 38.3499873402 43.1433039785
Africa/NorthernAfrica/MAR 0.0000000000 295.1716916932 38.3499873402 76.8383288656
Africa/NorthernAfrica/TUN 0.0000000000 372.0100205589 38.3499873402 52.6104852059
America/NorthernAmerica/CAN 38.3499873402 0.0000000000 107.3474233641 424.6205057647
America/NorthernAmerica/MEX 145.6974107043 0.0000000000 4.9488397556 424.6205057647
America/NorthernAmerica/USA 150.6462504599 0.0000000000 571.5506897192 424.6205057647
America/SouthernAmerica/ARG 722.1969401791 0.0000000000 24.1245131735 143.6034633093
America/SouthernAmerica/CHL 722.1969401791 143.6034633093 24.1245131735 60.8529569722
America/SouthernAmerica/COL 722.1969401791 204.4564202814 24.1245131735 220.1640854833
Asia/EasternAsia/CHN 746.3214533526 0.0000000000 253.6785466474 15.8317520751
Asia/EasternAsia/JPN 746.3214533526 15.8317520751 253.6785466474 251.0610585470
Asia/EasternAsia/KOR 746.3214533526 266.8928106221 253.6785466474 75.4255644529
Asia/SouthEasternAsia/IDN 746.3214533526 342.3183750750 20.3104418776 74.8009883397
Asia/SouthEasternAsia/MYS 766.6318952302 342.3183750750 72.3483604025 74.8009883397
Asia/SouthEasternAsia/PHL 838.9802556327 342.3183750750 23.1166158319 74.8009883397
Asia/SouthEasternAsia/SGP 862.0968714646 342.3183750750 64.2432205593 31.4535878266
Asia/SouthEasternAsia/THA 862.0968714646 373.7719629016 64.2432205593 43.3474005131
Asia/WesternAsia/IND 926.3400920239 342.3183750750 73.6599079761 40.0867867516
Asia/WesternAsia/TUR 926.3400920239 382.4051618266 73.6599079761 34.7142015881
AustraliaandNewZealand/NZL 746.3214533526 417.1193634147 253.6785466474 7.5011423500
Europe/EasternEurope/BGR 0.0000000000 424.6205057647 94.5260692557 31.1810797648
Europe/EasternEurope/CZE 0.0000000000 455.8015855295 94.5260692557 68.0692517125
Europe/EasternEurope/HUN 0.0000000000 523.8708372419 94.5260692557 36.9249745468
Europe/EasternEurope/POL 94.5260692557 424.6205057647 126.5458905487 136.1753060241
Europe/EasternEurope/ROU 221.0719598044 424.6205057647 42.9157867338 136.1753060241
Europe/EasternEurope/RUS 263.9877465382 424.6205057647 117.3780047612 136.1753060241
Europe/EasternEurope/SVK 381.3657512993 424.6205057647 83.4737096044 88.8645641227
Europe/EasternEurope/UKR 381.3657512993 513.4850698874 83.4737096044 47.3107419014
Europe/NorthernEurope/DNK 0.0000000000 560.7958117888 74.8492315677 115.1820905481
Europe/NorthernEurope/EST 74.8492315677 560.7958117888 13.7270559123 115.1820905481
Europe/NorthernEurope/FIN 88.5762874801 560.7958117888 117.7658000035 115.1820905481
Europe/NorthernEurope/GBR 0.0000000000 675.9779023369 168.4056756607 175.8063301128
Europe/NorthernEurope/IRL 168.4056756607 805.7357384031 37.9364118228 46.0484940466
Europe/NorthernEurope/LTU 168.4056756607 721.6331605300 37.9364118228 84.1025778731
Europe/NorthernEurope/LVA 168.4056756607 675.9779023369 37.9364118228 45.6552581931
Europe/NorthernEurope/NOR 0.0000000000 851.7842324497 59.6007514417 148.2157675503
Europe/NorthernEurope/SWE 59.6007514417 851.7842324497 146.7413360419 148.2157675503
Europe/SouthernEurope/ESP 206.3420874835 560.7958117888 205.3150973237 160.5650455280
Europe/SouthernEurope/GRC 411.6571848072 560.7958117888 53.1822760966 117.0881527372
Europe/SouthernEurope/HRV 411.6571848072 677.8839645260 53.1822760966 43.4768927908
Europe/SouthernEurope/ITA 206.3420874835 721.3608573167 258.4973734202 235.9699341155
Europe/SouthernEurope/PRT 206.3420874835 957.3307914323 220.0871393513 42.6692085677
Europe/SouthernEurope/SVN 426.4292268348 957.3307914323 38.4102340689 42.6692085677
Europe/WesternEurope/AUS 464.8394609038 424.6205057647 200.8003266817 82.5863313530
Europe/WesternEurope/CHE 665.6397875854 424.6205057647 334.3602124146 82.5863313530
Europe/WesternEurope/DEU 464.8394609038 507.2068371177 535.1605390962 304.4999760721
Europe/WesternEurope/FRA 464.8394609038 811.7068131898 389.2273267377 188.2931868102
Europe/WesternEurope/NLD 854.0667876415 811.7068131898 145.9332123585 188.2931868102

Africa/NorthernAfrica/DZA 0.0000000000 0.0000000000 48.7748258062 236.2604388534
Africa/NorthernAfrica/EGY 0.0000000000 236.2604388534 48.7748258062 57.2184204996
Africa/NorthernAfrica/MAR 0.0000000000 293.4788593530 48.7748258062 80.3483004442
Africa/NorthernAfrica/TUN 0.0000000000 373.8271597972 48.7748258062 44.5334421099
America/NorthernAmerica/CAN 48.7748258062 0.0000000000 114.7519810886 418.3606019071
America/NorthernAmerica/MEX 163.5268068949 0.0000000000 3.9659358954 418.3606019071
America/NorthernAmerica/USA 167.4927427902 0.0000000000 548.7903523006 418.3606019071
America/SouthernAmerica/ARG 716.2830950908 0.0000000000 27.2192332929 146.9510657952
America/SouthernAmerica/CHL 716.2830950908 146.9510657952 27.2192332929 52.4634577392
America/SouthernAmerica/COL 716.2830950908 199.4145235344 27.2192332929 218.9460783727
Asia/EasternAsia/CHN 743.5023283838 0.0000000000 256.4976716162 22.3771386487
Asia/EasternAsia/JPN 743.5023283838 22.3771386487 256.4976716162 225.2259544764
Asia/EasternAsia/KOR 743.5023283838 247.6030931251 256.4976716162 63.2721284195
Asia/SouthEasternAsia/IDN 743.5023283838 310.8752215446 40.2184474614 99.1004764145
Asia/SouthEasternAsia/MYS 783.7207758452 310.8752215446 86.0837742118 71.4229322410
Asia/SouthEasternAsia/PHL 783.7207758452 382.2981537856 86.0837742118 27.6775441735
Asia/SouthEasternAsia/SGP 869.8045500570 310.8752215446 54.1159249749 55.8141956111
Asia/SouthEasternAsia/THA 869.8045500570 366.6894171557 54.1159249749 43.2862808034
Asia/WesternAsia/IND 923.9204750319 310.8752215446 76.0795249681 55.9279090838
Asia/WesternAsia/TUR 923.9204750319 366.8031306284 76.0795249681 43.1725673308
AustraliaandNewZealand/NZL 743.5023283838 409.9756979591 256.4976716162 8.3849039479
Europe/EasternEurope/BGR 0.0000000000 418.3606019071 94.3472722147 40.8852688813
Europe/EasternEurope/CZE 0.0000000000 459.2458707884 94.3472722147 65.8872965854
Europe/EasternEurope/HUN 0.0000000000 525.1331673738 94.3472722147 39.0532503475
Europe/EasternEurope/POL 94.3472722147 418.3606019071 125.0053156569 145.8258158142
Europe/EasternEurope/ROU 219.3525878715 418.3606019071 43.7782396933 145.8258158142
Europe/EasternEurope/RUS 263.1308275648 418.3606019071 118.8194405078 145.8258158142
Europe/EasternEurope/SVK 381.9502680726 418.3606019071 84.6489277472 93.6927412613
Europe/EasternEurope/UKR 381.9502680726 512.0533431684 84.6489277472 52.1330745529
Europe/NorthernEurope/DNK 0.0000000000 564.1864177213 75.1580362481 106.3765662352
Europe/NorthernEurope/EST 75.1580362481 564.1864177213 12.6702205049 106.3765662352
Europe/NorthernEurope/FIN 87.8282567529 564.1864177213 110.7195901707 106.3765662352
Europe/NorthernEurope/GBR 0.0000000000 670.5629839565 166.0757380048 173.3438918865
Europe/NorthernEurope/IRL 0.0000000000 843.9068758430 12.7078295226 156.0931241570
Europe/NorthernEurope/LTU 166.0757380048 729.6149230159 32.4721089188 114.2919528271
Europe/NorthernEurope/LVA 166.0757380048 670.5629839565 32.4721089188 59.0519390594
Europe/NorthernEurope/NOR 12.7078295226 843.9068758430 49.3854936491 156.0931241570
Europe/NorthernEurope/SWE 62.0933231718 843.9068758430 136.4545237519 156.0931241570
Europe/SouthernEurope/ESP 198.5478469236 564.1864177213 209.6555823984 153.1461089207
Europe/SouthernEurope/GRC 408.2034293220 564.1864177213 58.3957664978 111.8596333014
Europe/SouthernEurope/HRV 408.2034293220 676.0460510227 58.3957664978 41.2864756193
Europe/SouthernEurope/ITA 198.5478469236 717.3325266420 268.0513488962 240.9459217827
Europe/SouthernEurope/PRT 198.5478469236 958.2784484247 225.0483030649 41.7215515753
Europe/SouthernEurope/SVN 423.5961499885 958.2784484247 43.0030458313 41.7215515753
Europe/WesternEurope/AUS 466.5991958198 418.3606019071 202.1412514148 83.3983706776
Europe/WesternEurope/CHE 668.7404472346 418.3606019071 331.2595527654 83.3983706776
Europe/WesternEurope/DEU 466.5991958198 501.7589725847 533.4008041802 295.0303435041
Europe/WesternEurope/FRA 466.5991958198 796.7893160888 392.4193206812 203.2106839112
Europe/WesternEurope/NLD 859.0185165010 796.7893160888 140.9814834990 203.2106839112

Africa/NorthernAfrica/DZA 0.0000000000 0.0000000000 53.7985944889 230.2095525393
Africa/NorthernAfrica/EGY 0.0000000000 230.2095525393 53.7985944889 55.1129634136
Africa/NorthernAfrica/MAR 0.0000000000 285.3225159529 53.7985944889 78.5602175204
Africa/NorthernAfrica/TUN 0.0000000000 363.8827334733 53.7985944889 40.5714544902
America/NorthernAmerica/CAN 53.7985944889 0.0000000000 114.3290118774 404.4541879635
America/NorthernAmerica/MEX 168.1276063663 0.0000000000 5.2718834341 404.4541879635
America/NorthernAmerica/USA 173.3994898004 0.0000000000 528.7931267312 404.4541879635
America/SouthernAmerica/ARG 702.1926165316 0.0000000000 19.3824729970 205.0005681157
America/SouthernAmerica/CHL 702.1926165316 205.0005681157 19.3824729970 95.0518971407
America/SouthernAmerica/COL 702.1926165316 300.0524652565 19.3824729970 104.4017227071
Asia/EasternAsia/CHN 721.5750895286 0.0000000000 278.4249104714 20.0683984652
Asia/EasternAsia/JPN 721.5750895286 20.0683984652 278.4249104714 223.1043444858
Asia/EasternAsia/KOR 721.5750895286 243.1727429509 278.4249104714 58.4458709083
Asia/SouthEasternAsia/IDN 721.5750895286 301.6186138592 16.1068074368 94.4418364258
Asia/SouthEasternAsia/MYS 737.6818969655 301.6186138592 85.7617023207 94.4418364258
Asia/SouthEasternAsia/PHL 823.4435992861 301.6186138592 85.0575343443 25.5940901163
Asia/SouthEasternAsia/SGP 823.4435992861 327.2127039755 40.4391214674 68.8477463095
Asia/SouthEasternAsia/THA 863.8827207536 327.2127039755 44.6184128769 68.8477463095
Asia/WesternAsia/IND 908.5011336304 301.6186138592 91.4988663696 53.1342759028
Asia/WesternAsia/TUR 908.5011336304 354.7528897620 91.4988663696 41.3075605230
AustraliaandNewZealand/NZL 721.5750895286 396.0604502851 278.4249104714 8.3937376784
Europe/EasternEurope/BGR 0.0000000000 404.4541879635 91.7415445919 45.4891797885
Europe/EasternEurope/CZE 0.0000000000 449.9433677520 91.7415445919 76.1023636199
Europe/EasternEurope/HUN 0.0000000000 526.0457313720 91.7415445919 40.4992953624
Europe/EasternEurope/POL 91.7415445919 404.4541879635 108.4335531406 162.0908387709
Europe/EasternEurope/ROU 200.1750977325 404.4541879635 46.1581104331 162.0908387709
Europe/EasternEurope/RUS 246.3332081656 404.4541879635 125.1214495977 162.0908387709
Europe/EasternEurope/SVK 371.4546577632 404.4541879635 90.0499164312 100.3045542943
Europe/EasternEurope/UKR 371.4546577632 504.7587422578 90.0499164312 61.7862844766
Europe/NorthernEurope/DNK 0.0000000000 566.5450267344 76.0449733447 105.3188574745
Europe/NorthernEurope/EST 76.0449733447 566.5450267344 13.6432925110 105.3188574745
Europe/NorthernEurope/FIN 89.6882658557 566.5450267344 99.2207641753 105.3188574745
Europe/NorthernEurope/GBR 0.0000000000 671.8638842089 175.1550382206 154.7755927468
Europe/NorthernEurope/IRL 0.0000000000 826.6394769557 71.7948865245 31.6501730868
Europe/NorthernEurope/LTU 175.1550382206 671.8638842089 13.7539918104 154.7755927468
Europe/NorthernEurope/LVA 0.0000000000 858.2896500425 71.7948865245 28.5491313494
Europe/NorthernEurope/NOR 0.0000000000 886.8387813919 71.7948865245 113.1612186081
Europe/NorthernEurope/SWE 71.7948865245 826.6394769557 117.1141435065 173.3605230443
Europe/SouthernEurope/ESP 188.9090300310 566.5450267344 206.2967918715 153.5204852628
Europe/SouthernEurope/GRC 395.2058219025 566.5450267344 66.2987522919 111.2708819299
Europe/SouthernEurope/HRV 395.2058219025 677.8159086643 66.2987522919 42.2496033329
Europe/SouthernEurope/ITA 188.9090300310 720.0655119972 272.5955441634 236.9380286763
Europe/SouthernEurope/PRT 188.9090300310 957.0035406735 224.7736029291 42.9964593265
Europe/SouthernEurope/SVN 413.6826329601 957.0035406735 47.8219412343 42.9964593265
Europe/WesternEurope/AUS 461.5045741944 404.4541879635 211.3228719569 85.6877866208
Europe/WesternEurope/CHE 672.8274461513 404.4541879635 327.1725538487 85.6877866208
Europe/WesternEurope/DEU 461.5045741944 490.1419745843 538.4954258056 264.0290874442
Europe/WesternEurope/FRA 461.5045741944 754.1710620285 411.2813793774 245.8289379715
Europe/WesternEurope/NLD 872.7859535718 754.1710620285 127.2140464282 245.8289379715

Africa/NorthernAfrica/DZA 0.0000000000 0.0000000000 47.0065660174 235.3176498252
Africa/NorthernAfrica/EGY 0.0000000000 235.3176498252 47.0065660174 48.2267545205
Africa/NorthernAfrica/MAR 0.0000000000 283.5444043457 47.0065660174 75.1213823394
Africa/NorthernAfrica/TUN 0.0000000000 358.6657866851 47.0065660174 38.9873507419
America/NorthernAmerica/CAN 47.0065660174 0.0000000000 118.1842744992 397.6531374270
America/NorthernAmerica/MEX 165.1908405167 0.0000000000 12.2790741910 397.6531374270
America/NorthernAmerica/USA 177.4699147077 0.0000000000 544.5978199894 397.6531374270
America/SouthernAmerica/ARG 722.0677346971 0.0000000000 14.2022358699 199.0776134543
America/SouthernAmerica/CHL 722.0677346971 199.0776134543 14.2022358699 105.2785453920
America/SouthernAmerica/COL 722.0677346971 304.3561588464 14.2022358699 93.2969785807
Asia/EasternAsia/CHN 736.2699705669 0.0000000000 263.7300294331 25.5996322858
Asia/EasternAsia/JPN 736.2699705669 25.5996322858 263.7300294331 196.9559798593
Asia/EasternAsia/KOR 736.2699705669 222.5556121451 263.7300294331 72.0071119817
Asia/SouthEasternAsia/IDN 736.2699705669 294.5627241268 17.8304875202 94.4651422122
Asia/SouthEasternAsia/MYS 754.1004580871 294.5627241268 88.3725160154 85.6511013215
Asia/SouthEasternAsia/PHL 754.1004580871 380.2138254483 88.3725160154 8.8140408907
Asia/SouthEasternAsia/SGP 842.4729741025 294.5627241268 63.3919650204 34.6113639897
Asia/SouthEasternAsia/THA 842.4729741025 329.1740881164 63.3919650204 59.8537782225
Asia/WesternAsia/IND 905.8649391229 294.5627241268 94.1350608771 52.6974194112
Asia/WesternAsia/TUR 905.8649391229 347.2601435380 94.1350608771 41.7677228010
AustraliaandNewZealand/NZL 736.2699705669 389.0278663390 263.7300294331 8.6252710880
Europe/EasternEurope/BGR 0.0000000000 397.6531374270 121.6524979156 32.8438839377
Europe/EasternEurope/CZE 0.0000000000 430.4970213647 121.6524979156 88.1325155384
Europe/EasternEurope/HUN 0.0000000000 518.6295369032 121.6524979156 37.5828887630
Europe/EasternEurope/POL 121.6524979156 397.6531374270 92.0923772847 158.5592882391
Europe/EasternEurope/ROU 213.7448752003 397.6531374270 43.7021427651 158.5592882391
Europe/EasternEurope/RUS 257.4470179655 397.6531374270 129.8344788652 158.5592882391
Europe/EasternEurope/SVK 387.2814968307 397.6531374270 74.0916466383 106.2724185833
Europe/EasternEurope/UKR 387.2814968307 503.9255560103 74.0916466383 52.2868696558
Europe/NorthernEurope/DNK 0.0000000000 556.2124256661 70.3541767885 102.5442840752
Europe/NorthernEurope/EST 70.3541767885 556.2124256661 15.5277412003 102.5442840752
Europe/NorthernEurope/FIN 85.8819179889 556.2124256661 104.2502878968 102.5442840752
Europe/NorthernEurope/GBR 0.0000000000 658.7567097413 176.7349132429 169.7853281797
Europe/NorthernEurope/IRL 0.0000000000 828.5420379210 72.8218370467 33.0999160503
Europe/NorthernEurope/LTU 176.7349132429 658.7567097413 13.3972926427 169.7853281797
Europe/NorthernEurope/LVA 0.0000000000 861.6419539713 72.8218370467 30.5159656732
Europe/NorthernEurope/NOR 0.0000000000 892.1579196446 72.8218370467 107.8420803554
Europe/NorthernEurope/SWE 72.8218370467 828.5420379210 117.3103688390 171.4579620790
Europe/SouthernEurope/ESP 190.1322058857 556.2124256661 213.7463337799 177.1441331967
Europe/SouthernEurope/GRC 403.8785396655 556.2124256661 57.4946038034 132.2995550942
Europe/SouthernEurope/HRV 403.8785396655 688.5119807604 57.4946038034 44.8445781025
Europe/SouthernEurope/ITA 190.1322058857 733.3565588629 271.2409375833 226.7806379649
Europe/SouthernEurope/PRT 190.1322058857 960.1371968278 225.9369203189 39.8628031722
Europe/SouthernEurope/SVN 416.0691262046 960.1371968278 45.3040172644 39.8628031722
Europe/WesternEurope/AUS 461.3731434690 397.6531374270 214.8197990650 80.6539517781
Europe/WesternEurope/CHE 676.1929425340 397.6531374270 323.8070574660 80.6539517781
Europe/WesternEurope/DEU 461.3731434690 478.3070892051 538.6268565310 268.6546610839
Europe/WesternEurope/FRA 461.3731434690 746.9617502890 377.9117619867 253.0382497110
Europe/WesternEurope/NLD 839.2849054557 746.9617502890 160.7150945443 253.0382497110

Africa/NorthernAfrica/DZA 0.0000000000 0.0000000000 47.1241586350 231.5001750323
Africa/NorthernAfrica/EGY 0.0000000000 231.5001750323 47.1241586350 64.3970917744
Africa/NorthernAfrica/MAR 0.0000000000 295.8972668067 47.1241586350 75.5260336062
Africa/NorthernAfrica/TUN 0.0000000000 371.4233004130 47.1241586350 41.7345408521
America/NorthernAmerica/CAN 47.1241586350 0.0000000000 109.7753541614 413.1578412651
America/NorthernAmerica/MEX 156.8995127964 0.0000000000 13.8671079224 413.1578412651
America/NorthernAmerica/USA 170.7666207188 0.0000000000 534.8847604551 413.1578412651
America/SouthernAmerica/ARG 705.6513811739 0.0000000000 14.1695218567 242.5653316843
America/SouthernAmerica/CHL 705.6513811739 242.5653316843 14.1695218567 130.6659295155
America/SouthernAmerica/COL 705.6513811739 373.2312611998 14.1695218567 39.9265800653
Asia/EasternAsia/CHN 719.8209030305 0.0000000000 280.1790969695 29.9230132991
Asia/EasternAsia/JPN 719.8209030305 29.9230132991 208.1589053058 278.1922342939
Asia/EasternAsia/KOR 927.9798083364 29.9230132991 72.0201916636 278.1922342939
Asia/SouthEasternAsia/IDN 719.8209030305 308.1152475930 11.9685364228 96.3667271611
Asia/SouthEasternAsia/MYS 731.7894394534 308.1152475930 95.8157325919 83.5927612988
Asia/SouthEasternAsia/PHL 731.7894394534 391.7080088918 95.8157325919 12.7739658623
Asia/SouthEasternAsia/SGP 827.6051720453 308.1152475930 71.0189278928 35.9665438984
Asia/SouthEasternAsia/THA 827.6051720453 344.0817914914 71.0189278928 60.4001832627
Asia/WesternAsia/IND 898.6240999381 308.1152475930 45.5846338266 96.3667271611
Asia/WesternAsia/TUR 944.2087337647 308.1152475930 55.7912662353 96.3667271611
AustraliaandNewZealand/NZL 719.8209030305 404.4819747541 280.1790969695 8.6758665110
Europe/EasternEurope/BGR 0.0000000000 413.1578412651 26.1698032039 164.3246264674
Europe/EasternEurope/CZE 26.1698032039 413.1578412651 139.0123050746 137.6619738945
Europe/EasternEurope/HUN 165.1821082785 413.1578412651 84.8342416498 57.5006275690
Europe/EasternEurope/POL 26.1698032039 550.8198151596 139.0123050746 26.6626525728
Europe/EasternEurope/ROU 165.1821082785 470.6584688341 84.8342416498 106.8239988983
Europe/EasternEurope/RUS 250.0163499283 413.1578412651 149.9344509827 164.3246264674
Europe/EasternEurope/SVK 399.9508009110 413.1578412651 95.5709434206 120.8782303573
Europe/EasternEurope/UKR 399.9508009110 534.0360716224 95.5709434206 43.4463961101
Europe/NorthernEurope/DNK 0.0000000000 577.4824677325 72.7196812372 92.5802091947
Europe/NorthernEurope/EST 72.7196812372 577.4824677325 14.5653358086 92.5802091947
Europe/NorthernEurope/FIN 87.2850170458 577.4824677325 117.9451983531 92.5802091947
Europe/NorthernEurope/GBR 0.0000000000 670.0626769272 190.1474147168 181.1073984947
Europe/NorthernEurope/IRL 0.0000000000 851.1700754218 84.0368944098 33.8682147912
Europe/NorthernEurope/LTU 190.1474147168 670.0626769272 15.0828006822 181.1073984947
Europe/NorthernEurope/LVA 0.0000000000 885.0382902131 84.0368944098 21.5996490399
Europe/NorthernEurope/NOR 0.0000000000 906.6379392529 84.0368944098 93.3620607471
Europe/NorthernEurope/SWE 84.0368944098 851.1700754218 121.1933209891 148.8299245782
Europe/SouthernEurope/ESP 205.2302153989 577.4824677325 228.4308089621 162.0153381520
Europe/SouthernEurope/GRC 433.6610243611 577.4824677325 61.8607199705 122.6406857161
Europe/SouthernEurope/HRV 433.6610243611 700.1231534486 61.8607199705 39.3746524359
Europe/SouthernEurope/ITA 205.2302153989 739.4978058845 290.2915289327 224.3883271306
Europe/SouthernEurope/PRT 205.2302153989 963.8861330151 238.9199740744 36.1138669849
Europe/SouthernEurope/SVN 444.1501894733 963.8861330151 51.3715548583 36.1138669849
Europe/WesternEurope/AUS 495.5217443316 413.1578412651 177.8496789898 88.2561908040
Europe/WesternEurope/CHE 673.3714233214 413.1578412651 326.6285766786 88.2561908040
Europe/WesternEurope/DEU 495.5217443316 501.4140320691 504.4782556684 247.3485310687
Europe/WesternEurope/FRA 495.5217443316 748.7625631378 348.4764857238 251.2374368622
Europe/WesternEurope/NLD 843.9982300554 748.7625631378 156.0017699446 251.2374368622

